,id_turma,discente,id_curso,unidade,nota,reposicao,media_final,numero_total_faltas,descricao
3720,57569178,cdf99402c72f8d20aa224ef307623751,92127264.0,1.0,10.0,f,9.7,0.0,APROVADO
3721,57569178,cdf99402c72f8d20aa224ef307623751,92127264.0,2.0,9.0,f,9.7,0.0,APROVADO
3722,57569178,cdf99402c72f8d20aa224ef307623751,92127264.0,3.0,10.0,f,9.7,0.0,APROVADO
7925,57563080,3a93cf9223126865d5c1f2a987452e56,92127264.0,1.0,8.69999981,f,8.2,0.0,APROVADO
7926,57563080,3a93cf9223126865d5c1f2a987452e56,92127264.0,2.0,8.0,f,8.2,0.0,APROVADO
7927,57563080,3a93cf9223126865d5c1f2a987452e56,92127264.0,3.0,8.0,f,8.2,0.0,APROVADO
12716,57565371,201555ff0d96bcb4448d2885669d8c3a,92127264.0,1.0,0.0,f,0.0,52.0,REPROVADO POR MÉDIA E POR FALTAS
12717,57565371,201555ff0d96bcb4448d2885669d8c3a,92127264.0,2.0,0.0,f,0.0,52.0,REPROVADO POR MÉDIA E POR FALTAS
12718,57565371,201555ff0d96bcb4448d2885669d8c3a,92127264.0,3.0,0.0,f,0.0,52.0,REPROVADO POR MÉDIA E POR FALTAS
20708,57566724,9fab264022905965335b7bc3964f7ed1,92127264.0,1.0,9.0,f,8.3,0.0,APROVADO
20709,57566724,9fab264022905965335b7bc3964f7ed1,92127264.0,2.0,6.0999999,f,8.3,0.0,APROVADO
20710,57566724,9fab264022905965335b7bc3964f7ed1,92127264.0,3.0,9.89999962,f,8.3,0.0,APROVADO
20714,57566724,63e97bc77196994b439cb853cea9d42d,92127264.0,1.0,6.30000019,f,5.5,0.0,APROVADO POR NOTA
20715,57566724,63e97bc77196994b439cb853cea9d42d,92127264.0,2.0,5.9000001,f,5.5,0.0,APROVADO POR NOTA
20716,57566724,63e97bc77196994b439cb853cea9d42d,92127264.0,3.0,4.30000019,f,5.5,0.0,APROVADO POR NOTA
20717,57566724,bf826f6b7f8f02ec7913a727a55e9cbc,92127264.0,1.0,8.19999981,f,8.3,0.0,APROVADO
20718,57566724,bf826f6b7f8f02ec7913a727a55e9cbc,92127264.0,2.0,6.900000099999999,f,8.3,0.0,APROVADO
20719,57566724,bf826f6b7f8f02ec7913a727a55e9cbc,92127264.0,3.0,9.69999981,f,8.3,0.0,APROVADO
20726,57566724,25d2bd21cd76c59793f8a006c03cf6b9,92127264.0,1.0,6.599999900000001,f,6.0,0.0,APROVADO POR NOTA
20727,57566724,25d2bd21cd76c59793f8a006c03cf6b9,92127264.0,2.0,3.9000001,f,6.0,0.0,APROVADO POR NOTA
20728,57566724,25d2bd21cd76c59793f8a006c03cf6b9,92127264.0,3.0,7.599999900000001,f,6.0,0.0,APROVADO POR NOTA
20729,57566724,cb75f724561edc0a0a2be38dfe95322c,92127264.0,1.0,8.69999981,f,8.3,0.0,APROVADO
20730,57566724,cb75f724561edc0a0a2be38dfe95322c,92127264.0,2.0,6.30000019,f,8.3,0.0,APROVADO
20731,57566724,cb75f724561edc0a0a2be38dfe95322c,92127264.0,3.0,9.89999962,f,8.3,0.0,APROVADO
20732,57566724,d624069cd2691821d497421eae79b0bc,92127264.0,1.0,4.0,f,6.7,0.0,APROVADO POR NOTA
20733,57566724,d624069cd2691821d497421eae79b0bc,92127264.0,2.0,6.30000019,f,6.7,0.0,APROVADO POR NOTA
20734,57566724,d624069cd2691821d497421eae79b0bc,92127264.0,3.0,9.80000019,f,6.7,0.0,APROVADO POR NOTA
20735,57566724,55ed6d9cd251dbbad524455cdcf243aa,92127264.0,0,0,0,0,0,DESISTENCIA
20736,57566724,8b82771529bee06587d1941f7a41c0c1,92127264.0,1.0,0.0,f,0.0,0.0,REPROVADO
20737,57566724,8b82771529bee06587d1941f7a41c0c1,92127264.0,2.0,0.0,f,0.0,0.0,REPROVADO
20738,57566724,8b82771529bee06587d1941f7a41c0c1,92127264.0,3.0,0.0,f,0.0,0.0,REPROVADO
21370,57566730,a682f2beb315b67438ce66dcadd140e8,92127264.0,1.0,7.0,f,7.0,0.0,APROVADO
21371,57566730,a682f2beb315b67438ce66dcadd140e8,92127264.0,2.0,7.0,f,7.0,0.0,APROVADO
21372,57566730,a682f2beb315b67438ce66dcadd140e8,92127264.0,3.0,7.0,f,7.0,0.0,APROVADO
21379,57566730,fdf1f636486a3ad1d7bd6cc303c6c32a,92127264.0,1.0,10.0,f,10.0,0.0,APROVADO
21380,57566730,fdf1f636486a3ad1d7bd6cc303c6c32a,92127264.0,2.0,10.0,f,10.0,0.0,APROVADO
21381,57566730,fdf1f636486a3ad1d7bd6cc303c6c32a,92127264.0,3.0,10.0,f,10.0,0.0,APROVADO
21386,57566730,f111a05877915e0c15509d555f34195c,92127264.0,0,0,0,0,0,TRANCADO
21387,57566730,fd67ce939432d220dc3ab6030c9b349f,92127264.0,2.0,8.5,f,7.7,0.0,APROVADO
21388,57566730,fd67ce939432d220dc3ab6030c9b349f,92127264.0,3.0,7.0,f,7.7,0.0,APROVADO
21389,57566730,fd67ce939432d220dc3ab6030c9b349f,92127264.0,1.0,7.5,f,7.7,0.0,APROVADO
21840,57564811,25d5eca724a3eca9a55b0a9ac7bfb373,92127264.0,1.0,8.5,f,2.9,8.0,REPROVADO
21841,57564811,25d5eca724a3eca9a55b0a9ac7bfb373,92127264.0,2.0,0.200000003,f,2.9,8.0,REPROVADO
21842,57564811,25d5eca724a3eca9a55b0a9ac7bfb373,92127264.0,3.0,0.0,f,2.9,8.0,REPROVADO
21843,57564811,bb92d6e13b9adaeac2f01cc81b87814b,92127264.0,1.0,4.9000001,f,1.7,6.0,REPROVADO
21844,57564811,bb92d6e13b9adaeac2f01cc81b87814b,92127264.0,2.0,0.10000000099999999,f,1.7,6.0,REPROVADO
21845,57564811,bb92d6e13b9adaeac2f01cc81b87814b,92127264.0,3.0,0.0,f,1.7,6.0,REPROVADO
21846,57564811,a4b501c64ae1f789a09e7c2040786fab,92127264.0,1.0,8.60000038,f,7.9,0.0,APROVADO
21847,57564811,a4b501c64ae1f789a09e7c2040786fab,92127264.0,2.0,7.30000019,f,7.9,0.0,APROVADO
21848,57564811,a4b501c64ae1f789a09e7c2040786fab,92127264.0,3.0,7.80000019,f,7.9,0.0,APROVADO
21851,57564811,2727460eeb832023dbf9410f0de31e35,92127264.0,1.0,5.5999999,f,2.0,8.0,REPROVADO
21852,57564811,2727460eeb832023dbf9410f0de31e35,92127264.0,2.0,0.5,f,2.0,8.0,REPROVADO
21853,57564811,2727460eeb832023dbf9410f0de31e35,92127264.0,3.0,0.0,f,2.0,8.0,REPROVADO
21860,57564811,c22b39f1343c183dc05a6e8a027a17bb,92127264.0,1.0,10.0,f,9.6,0.0,APROVADO
21861,57564811,c22b39f1343c183dc05a6e8a027a17bb,92127264.0,2.0,9.19999981,f,9.6,0.0,APROVADO
21862,57564811,c22b39f1343c183dc05a6e8a027a17bb,92127264.0,3.0,9.60000038,f,9.6,0.0,APROVADO
21863,57564811,0051970b8e57f667afa4ad2789426fa9,92127264.0,1.0,10.0,f,9.8,0.0,APROVADO
21864,57564811,0051970b8e57f667afa4ad2789426fa9,92127264.0,2.0,10.0,f,9.8,0.0,APROVADO
21865,57564811,0051970b8e57f667afa4ad2789426fa9,92127264.0,3.0,9.5,f,9.8,0.0,APROVADO
21866,57564811,a2410084172411a8d725d347c9e26f2d,92127264.0,1.0,10.0,f,7.8,0.0,APROVADO
21867,57564811,a2410084172411a8d725d347c9e26f2d,92127264.0,2.0,5.80000019,f,7.8,0.0,APROVADO
21868,57564811,a2410084172411a8d725d347c9e26f2d,92127264.0,3.0,7.5,f,7.8,0.0,APROVADO
21869,57564811,29b63d2c7c4c63ea63fb33e362c47598,92127264.0,1.0,3.29999995,f,1.1,6.0,REPROVADO
21870,57564811,29b63d2c7c4c63ea63fb33e362c47598,92127264.0,2.0,0.10000000099999999,f,1.1,6.0,REPROVADO
21871,57564811,29b63d2c7c4c63ea63fb33e362c47598,92127264.0,3.0,0.0,f,1.1,6.0,REPROVADO
21872,57564811,cdb1ed591022eb45f637a33d234bd883,92127264.0,1.0,8.5,f,7.7,0.0,APROVADO
21873,57564811,cdb1ed591022eb45f637a33d234bd883,92127264.0,2.0,7.400000099999999,f,7.7,0.0,APROVADO
21874,57564811,cdb1ed591022eb45f637a33d234bd883,92127264.0,3.0,7.099999900000001,f,7.7,0.0,APROVADO
21878,57564811,3347b21ea109ce6e93fd275add4a0a0e,92127264.0,1.0,9.60000038,f,5.8,0.0,APROVADO POR NOTA
21879,57564811,3347b21ea109ce6e93fd275add4a0a0e,92127264.0,2.0,4.099999899999999,f,5.8,0.0,APROVADO POR NOTA
21880,57564811,3347b21ea109ce6e93fd275add4a0a0e,92127264.0,3.0,3.79999995,f,5.8,0.0,APROVADO POR NOTA
21882,57564811,c62cb04038e4dc1c8c4289869343a181,92127264.0,1.0,8.60000038,f,7.1,0.0,APROVADO
21883,57564811,c62cb04038e4dc1c8c4289869343a181,92127264.0,2.0,4.5999999,f,7.1,0.0,APROVADO
21884,57564811,c62cb04038e4dc1c8c4289869343a181,92127264.0,3.0,8.0,f,7.1,0.0,APROVADO
21885,57564811,8a8878d0e0f3adde0d8da2b9491942a8,92127264.0,1.0,6.19999981,f,2.1,10.0,REPROVADO
21886,57564811,8a8878d0e0f3adde0d8da2b9491942a8,92127264.0,2.0,0.0,f,2.1,10.0,REPROVADO
21887,57564811,8a8878d0e0f3adde0d8da2b9491942a8,92127264.0,3.0,0.0,f,2.1,10.0,REPROVADO
21888,57564811,1235a9301fcee8edf5d74e0f0f2df292,92127264.0,2.0,2.29999995,f,3.4,2.0,REPROVADO
21889,57564811,1235a9301fcee8edf5d74e0f0f2df292,92127264.0,1.0,4.0,f,3.4,2.0,REPROVADO
21890,57564811,1235a9301fcee8edf5d74e0f0f2df292,92127264.0,3.0,3.79999995,f,3.4,2.0,REPROVADO
21896,57564811,c6d39544bf76588ec9300d4546fdc16c,92127264.0,1.0,5.4000001,f,1.8,22.0,REPROVADO POR MÉDIA E POR FALTAS
21897,57564811,c6d39544bf76588ec9300d4546fdc16c,92127264.0,2.0,0.10000000099999999,f,1.8,22.0,REPROVADO POR MÉDIA E POR FALTAS
21898,57564811,c6d39544bf76588ec9300d4546fdc16c,92127264.0,3.0,0.0,f,1.8,22.0,REPROVADO POR MÉDIA E POR FALTAS
21899,57564811,2737d1bf2f063605e3691be1a76f0507,92127264.0,3.0,0.0,f,1.1,16.0,REPROVADO
21900,57564811,2737d1bf2f063605e3691be1a76f0507,92127264.0,1.0,3.0999999,f,1.1,16.0,REPROVADO
21901,57564811,2737d1bf2f063605e3691be1a76f0507,92127264.0,2.0,0.10000000099999999,f,1.1,16.0,REPROVADO
21909,57564811,b8273a5a595498e514aa7e7f3874e211,92127264.0,1.0,6.900000099999999,f,5.4,0.0,APROVADO POR NOTA
21910,57564811,b8273a5a595498e514aa7e7f3874e211,92127264.0,2.0,3.0,f,5.4,0.0,APROVADO POR NOTA
21911,57564811,b8273a5a595498e514aa7e7f3874e211,92127264.0,3.0,6.30000019,f,5.4,0.0,APROVADO POR NOTA
21912,57564811,3937ba9886476e53a2eda1d4f6e067a9,92127264.0,1.0,3.4000001,f,1.2,22.0,REPROVADO POR MÉDIA E POR FALTAS
21913,57564811,3937ba9886476e53a2eda1d4f6e067a9,92127264.0,2.0,0.10000000099999999,f,1.2,22.0,REPROVADO POR MÉDIA E POR FALTAS
21914,57564811,3937ba9886476e53a2eda1d4f6e067a9,92127264.0,3.0,0.0,f,1.2,22.0,REPROVADO POR MÉDIA E POR FALTAS
21915,57564811,6402926955c533d43b5bfa881472ef0f,92127264.0,1.0,9.89999962,f,8.2,0.0,APROVADO
21916,57564811,6402926955c533d43b5bfa881472ef0f,92127264.0,2.0,5.5999999,f,8.2,0.0,APROVADO
21917,57564811,6402926955c533d43b5bfa881472ef0f,92127264.0,3.0,9.0,f,8.2,0.0,APROVADO
21918,57564811,23c3e6fe2285999433491924f662c872,92127264.0,1.0,5.0999999,f,2.3,0.0,REPROVADO
21919,57564811,23c3e6fe2285999433491924f662c872,92127264.0,2.0,1.10000002,f,2.3,0.0,REPROVADO
21920,57564811,23c3e6fe2285999433491924f662c872,92127264.0,3.0,0.699999988,f,2.3,0.0,REPROVADO
21921,57564811,03a9e4938c1b3a36f7793a690063008c,92127264.0,1.0,8.10000038,f,7.3,0.0,APROVADO
21922,57564811,03a9e4938c1b3a36f7793a690063008c,92127264.0,2.0,5.9000001,f,7.3,0.0,APROVADO
21923,57564811,03a9e4938c1b3a36f7793a690063008c,92127264.0,3.0,7.80000019,f,7.3,0.0,APROVADO
21925,57564811,4601d6c88fba4d646420f25fa5fcc2cf,92127264.0,1.0,7.80000019,f,7.1,0.0,APROVADO
21926,57564811,4601d6c88fba4d646420f25fa5fcc2cf,92127264.0,2.0,6.0,f,7.1,0.0,APROVADO
21927,57564811,4601d6c88fba4d646420f25fa5fcc2cf,92127264.0,3.0,7.5,f,7.1,0.0,APROVADO
21928,57564811,0e7bc865717beef27758067a9ff32015,92127264.0,1.0,0,f,0,0.0,TRANCADO
21929,57564811,0e7bc865717beef27758067a9ff32015,92127264.0,2.0,0,f,0,0.0,TRANCADO
21930,57564811,0e7bc865717beef27758067a9ff32015,92127264.0,3.0,0,f,0,0.0,TRANCADO
21932,57564811,e1366b1c58c910fbd4c781cb01782b57,92127264.0,1.0,8.39999962,f,6.5,0.0,APROVADO POR NOTA
21933,57564811,e1366b1c58c910fbd4c781cb01782b57,92127264.0,2.0,4.5,f,6.5,0.0,APROVADO POR NOTA
21934,57564811,e1366b1c58c910fbd4c781cb01782b57,92127264.0,3.0,6.599999900000001,f,6.5,0.0,APROVADO POR NOTA
21935,57564811,d3f543853da6cb8c918524383f068cb9,92127264.0,1.0,7.599999900000001,f,3.5,18.0,REPROVADO POR MÉDIA E POR FALTAS
21936,57564811,d3f543853da6cb8c918524383f068cb9,92127264.0,2.0,1.60000002,f,3.5,18.0,REPROVADO POR MÉDIA E POR FALTAS
21937,57564811,d3f543853da6cb8c918524383f068cb9,92127264.0,3.0,1.20000005,f,3.5,18.0,REPROVADO POR MÉDIA E POR FALTAS
21938,57564811,f94fc6035baef2bf3865715534a13d96,92127264.0,1.0,3.5,f,1.2,2.0,REPROVADO
21939,57564811,f94fc6035baef2bf3865715534a13d96,92127264.0,2.0,0.200000003,f,1.2,2.0,REPROVADO
21940,57564811,f94fc6035baef2bf3865715534a13d96,92127264.0,3.0,0.0,f,1.2,2.0,REPROVADO
21942,57564811,04db5ca11d1ed89498b4eb811dbebe1f,92127264.0,1.0,3.4000001,f,1.2,4.0,REPROVADO
21943,57564811,04db5ca11d1ed89498b4eb811dbebe1f,92127264.0,2.0,0.200000003,f,1.2,4.0,REPROVADO
21944,57564811,04db5ca11d1ed89498b4eb811dbebe1f,92127264.0,3.0,0.0,f,1.2,4.0,REPROVADO
22177,57564815,41a0fc5b21f574bff1124ce4193798dd,92127264.0,1.0,10.0,f,9.0,6.0,APROVADO
22178,57564815,41a0fc5b21f574bff1124ce4193798dd,92127264.0,2.0,8.0,f,9.0,6.0,APROVADO
22179,57564815,41a0fc5b21f574bff1124ce4193798dd,92127264.0,3.0,9.0,f,9.0,6.0,APROVADO
22183,57564815,945af83c78e2fc9c2f33431f481634b8,92127264.0,3.0,9.5,f,9.7,8.0,APROVADO
22184,57564815,945af83c78e2fc9c2f33431f481634b8,92127264.0,1.0,9.69999981,f,9.7,8.0,APROVADO
22185,57564815,945af83c78e2fc9c2f33431f481634b8,92127264.0,2.0,10.0,f,9.7,8.0,APROVADO
22186,57564815,3a93cf9223126865d5c1f2a987452e56,92127264.0,1.0,9.60000038,f,8.0,6.0,APROVADO
22187,57564815,3a93cf9223126865d5c1f2a987452e56,92127264.0,2.0,6.5,f,8.0,6.0,APROVADO
22188,57564815,3a93cf9223126865d5c1f2a987452e56,92127264.0,3.0,8.0,f,8.0,6.0,APROVADO
22189,57564815,d8b2771c5eb1e38847a67323eb2c7954,92127264.0,1.0,9.60000038,f,3.2,22.0,REPROVADO POR MÉDIA E POR FALTAS
22190,57564815,d8b2771c5eb1e38847a67323eb2c7954,92127264.0,2.0,0.0,f,3.2,22.0,REPROVADO POR MÉDIA E POR FALTAS
22191,57564815,d8b2771c5eb1e38847a67323eb2c7954,92127264.0,3.0,0.0,f,3.2,22.0,REPROVADO POR MÉDIA E POR FALTAS
22192,57564815,e58061a63d58fd3dccf5d3ec10d71731,92127264.0,3.0,0.0,f,0.0,74.0,REPROVADO POR MÉDIA E POR FALTAS
22193,57564815,e58061a63d58fd3dccf5d3ec10d71731,92127264.0,1.0,0.0,f,0.0,74.0,REPROVADO POR MÉDIA E POR FALTAS
22194,57564815,e58061a63d58fd3dccf5d3ec10d71731,92127264.0,2.0,0.0,f,0.0,74.0,REPROVADO POR MÉDIA E POR FALTAS
22195,57564815,9bf92154ba99ff3f6fca90bfa35d0e8d,92127264.0,1.0,0.0,f,0.0,58.0,REPROVADO POR MÉDIA E POR FALTAS
22196,57564815,9bf92154ba99ff3f6fca90bfa35d0e8d,92127264.0,2.0,0.0,f,0.0,58.0,REPROVADO POR MÉDIA E POR FALTAS
22197,57564815,9bf92154ba99ff3f6fca90bfa35d0e8d,92127264.0,3.0,0.0,f,0.0,58.0,REPROVADO POR MÉDIA E POR FALTAS
22198,57564815,a72bccab267a747457e83f3e45587495,92127264.0,1.0,10.0,f,8.2,8.0,APROVADO
22199,57564815,a72bccab267a747457e83f3e45587495,92127264.0,2.0,6.5,f,8.2,8.0,APROVADO
22200,57564815,a72bccab267a747457e83f3e45587495,92127264.0,3.0,8.0,f,8.2,8.0,APROVADO
22204,57564815,b3df267ce06efc7a7c3f0bcdb276339d,92127264.0,1.0,9.69999981,f,9.7,6.0,APROVADO
22205,57564815,b3df267ce06efc7a7c3f0bcdb276339d,92127264.0,2.0,10.0,f,9.7,6.0,APROVADO
22206,57564815,b3df267ce06efc7a7c3f0bcdb276339d,92127264.0,3.0,9.5,f,9.7,6.0,APROVADO
22207,57564815,3bb00a5655ef8884b4af55d4a2a65af6,92127264.0,1.0,9.0,f,3.0,8.0,REPROVADO
22208,57564815,3bb00a5655ef8884b4af55d4a2a65af6,92127264.0,2.0,0.0,f,3.0,8.0,REPROVADO
22209,57564815,3bb00a5655ef8884b4af55d4a2a65af6,92127264.0,3.0,0.0,f,3.0,8.0,REPROVADO
22210,57564815,875e36aa18dd612f437445ab8af4a710,92127264.0,0,0,0,0,0,TRANCADO
22555,57565081,02624974f8aa2d53b945ceb2b4eec0dd,92127264.0,1.0,6.0,f,7.6,12.0,APROVADO
22556,57565081,02624974f8aa2d53b945ceb2b4eec0dd,92127264.0,2.0,8.89999962,f,7.6,12.0,APROVADO
22557,57565081,02624974f8aa2d53b945ceb2b4eec0dd,92127264.0,3.0,7.80000019,f,7.6,12.0,APROVADO
22558,57565081,5dac5cab88de4928bbc3095150f768ff,92127264.0,3.0,0.0,f,3.3,19.0,REPROVADO POR MÉDIA E POR FALTAS
22559,57565081,5dac5cab88de4928bbc3095150f768ff,92127264.0,1.0,5.4000001,f,3.3,19.0,REPROVADO POR MÉDIA E POR FALTAS
22560,57565081,5dac5cab88de4928bbc3095150f768ff,92127264.0,2.0,4.4000001,f,3.3,19.0,REPROVADO POR MÉDIA E POR FALTAS
22561,57565081,46ca5bcc0383d2734d26bf3bcc201b5a,92127264.0,1.0,8.10000038,f,7.7,6.0,APROVADO
22562,57565081,46ca5bcc0383d2734d26bf3bcc201b5a,92127264.0,2.0,7.5,f,7.7,6.0,APROVADO
22563,57565081,46ca5bcc0383d2734d26bf3bcc201b5a,92127264.0,3.0,7.5,f,7.7,6.0,APROVADO
22564,57565081,9f2893d97c3dc2cf63f5501959e73bed,92127264.0,1.0,4.69999981,f,5.7,4.0,APROVADO POR NOTA
22565,57565081,9f2893d97c3dc2cf63f5501959e73bed,92127264.0,2.0,6.900000099999999,f,5.7,4.0,APROVADO POR NOTA
22566,57565081,9f2893d97c3dc2cf63f5501959e73bed,92127264.0,3.0,5.5,f,5.7,4.0,APROVADO POR NOTA
22585,57565081,ee67c654a285629b1e24292c717dc9e5,92127264.0,1.0,4.80000019,f,6.7,10.0,APROVADO POR NOTA
22586,57565081,ee67c654a285629b1e24292c717dc9e5,92127264.0,2.0,6.4000001,f,6.7,10.0,APROVADO POR NOTA
22587,57565081,ee67c654a285629b1e24292c717dc9e5,92127264.0,3.0,9.0,f,6.7,10.0,APROVADO POR NOTA
22588,57565081,c938ce1450afa6b33916d0fcf5dcc617,92127264.0,1.0,7.19999981,f,7.4,18.0,APROVADO
22589,57565081,c938ce1450afa6b33916d0fcf5dcc617,92127264.0,2.0,8.60000038,f,7.4,18.0,APROVADO
22590,57565081,c938ce1450afa6b33916d0fcf5dcc617,92127264.0,3.0,6.5,f,7.4,18.0,APROVADO
22594,57565081,8adfd36bd28efb815197f6837af8b2b9,92127264.0,2.0,9.5,f,9.2,16.0,APROVADO
22595,57565081,8adfd36bd28efb815197f6837af8b2b9,92127264.0,3.0,10.0,f,9.2,16.0,APROVADO
22596,57565081,8adfd36bd28efb815197f6837af8b2b9,92127264.0,1.0,8.19999981,f,9.2,16.0,APROVADO
22597,57565081,469b4e52f0fc039742f0d6f50587fd02,92127264.0,1.0,4.5,f,5.0,14.0,APROVADO POR NOTA
22598,57565081,469b4e52f0fc039742f0d6f50587fd02,92127264.0,2.0,5.5999999,f,5.0,14.0,APROVADO POR NOTA
22599,57565081,469b4e52f0fc039742f0d6f50587fd02,92127264.0,3.0,0.0,t,5.0,14.0,APROVADO POR NOTA
22889,57563851,30327d430572d0c720dcd1682a39c361,92127264.0,1.0,5.0,f,5.5,0.0,APROVADO POR NOTA
22890,57563851,30327d430572d0c720dcd1682a39c361,92127264.0,2.0,3.0,f,5.5,0.0,APROVADO POR NOTA
22891,57563851,30327d430572d0c720dcd1682a39c361,92127264.0,3.0,8.5,f,5.5,0.0,APROVADO POR NOTA
22892,57563851,35e2507cc2ed396f7078879369b27286,92127264.0,1.0,5.5,f,5.7,0.0,APROVADO POR NOTA
22893,57563851,35e2507cc2ed396f7078879369b27286,92127264.0,2.0,4.0,f,5.7,0.0,APROVADO POR NOTA
22894,57563851,35e2507cc2ed396f7078879369b27286,92127264.0,3.0,7.5,f,5.7,0.0,APROVADO POR NOTA
22922,57563851,48bda966ddad288bba1f680237cdef70,92127264.0,1.0,4.5,f,5.0,0.0,APROVADO POR NOTA
22923,57563851,48bda966ddad288bba1f680237cdef70,92127264.0,2.0,3.5,f,5.0,0.0,APROVADO POR NOTA
22924,57563851,48bda966ddad288bba1f680237cdef70,92127264.0,3.0,7.0,f,5.0,0.0,APROVADO POR NOTA
22928,57563851,4786ee006b177a4effef45521b7bd94f,92127264.0,1.0,6.0,f,3.2,0.0,REPROVADO
22929,57563851,4786ee006b177a4effef45521b7bd94f,92127264.0,2.0,3.5,f,3.2,0.0,REPROVADO
22930,57563851,4786ee006b177a4effef45521b7bd94f,92127264.0,3.0,0.0,f,3.2,0.0,REPROVADO
22931,57563851,480a730ca3e8657e4d203f06d6baaae1,92127264.0,1.0,7.0,f,6.5,0.0,APROVADO POR NOTA
22932,57563851,480a730ca3e8657e4d203f06d6baaae1,92127264.0,2.0,5.0,f,6.5,0.0,APROVADO POR NOTA
22933,57563851,480a730ca3e8657e4d203f06d6baaae1,92127264.0,3.0,7.5,f,6.5,0.0,APROVADO POR NOTA
22948,57563851,f111a05877915e0c15509d555f34195c,92127264.0,1.0,4.5,f,1.5,80.0,REPROVADO POR MÉDIA E POR FALTAS
22949,57563851,f111a05877915e0c15509d555f34195c,92127264.0,2.0,0.0,f,1.5,80.0,REPROVADO POR MÉDIA E POR FALTAS
22950,57563851,f111a05877915e0c15509d555f34195c,92127264.0,3.0,0.0,f,1.5,80.0,REPROVADO POR MÉDIA E POR FALTAS
22951,57563851,3797d070ee3c0d06f8ca9e32d970dc0e,92127264.0,1.0,5.0,f,5.3,0.0,APROVADO POR NOTA
22952,57563851,3797d070ee3c0d06f8ca9e32d970dc0e,92127264.0,2.0,4.0,f,5.3,0.0,APROVADO POR NOTA
22953,57563851,3797d070ee3c0d06f8ca9e32d970dc0e,92127264.0,3.0,7.0,f,5.3,0.0,APROVADO POR NOTA
23022,57567573,098328a35e4c60b120e4bb6b94c8a0f6,92127264.0,1.0,6.599999900000001,f,5.5,8.0,APROVADO POR NOTA
23023,57567573,098328a35e4c60b120e4bb6b94c8a0f6,92127264.0,2.0,3.0,f,5.5,8.0,APROVADO POR NOTA
23024,57567573,098328a35e4c60b120e4bb6b94c8a0f6,92127264.0,3.0,6.80000019,f,5.5,8.0,APROVADO POR NOTA
23025,57567573,7571ec1db03f11e42635430e58b95cee,92127264.0,1.0,4.19999981,f,5.0,10.0,APROVADO POR NOTA
23026,57567573,7571ec1db03f11e42635430e58b95cee,92127264.0,2.0,2.5,t,5.0,10.0,APROVADO POR NOTA
23027,57567573,7571ec1db03f11e42635430e58b95cee,92127264.0,3.0,5.80000019,f,5.0,10.0,APROVADO POR NOTA
23031,57567573,bc2bc7b8d6d7550aeaf952fd146e716e,92127264.0,1.0,6.5,f,5.6,10.0,APROVADO POR NOTA
23032,57567573,bc2bc7b8d6d7550aeaf952fd146e716e,92127264.0,2.0,3.4000001,f,5.6,10.0,APROVADO POR NOTA
23033,57567573,bc2bc7b8d6d7550aeaf952fd146e716e,92127264.0,3.0,6.900000099999999,f,5.6,10.0,APROVADO POR NOTA
26143,57564860,945368d8c8df1119af662bfd1a848b52,92127264.0,1.0,5.5999999,f,7.7,14.0,APROVADO
26144,57564860,945368d8c8df1119af662bfd1a848b52,92127264.0,2.0,9.39999962,f,7.7,14.0,APROVADO
26145,57564860,945368d8c8df1119af662bfd1a848b52,92127264.0,3.0,8.10000038,f,7.7,14.0,APROVADO
26146,57564860,3f6f02a08ef821f48beda481a97f2900,92127264.0,1.0,7.599999900000001,f,7.8,12.0,APROVADO
26147,57564860,3f6f02a08ef821f48beda481a97f2900,92127264.0,2.0,8.69999981,f,7.8,12.0,APROVADO
26148,57564860,3f6f02a08ef821f48beda481a97f2900,92127264.0,3.0,0.5,t,7.8,12.0,APROVADO
26150,57564860,a16ed96ee765c2ec436358814f6bc646,92127264.0,1.0,3.5,f,6.3,2.0,APROVADO POR NOTA
26151,57564860,a16ed96ee765c2ec436358814f6bc646,92127264.0,2.0,7.900000099999999,f,6.3,2.0,APROVADO POR NOTA
26152,57564860,a16ed96ee765c2ec436358814f6bc646,92127264.0,3.0,7.400000099999999,f,6.3,2.0,APROVADO POR NOTA
26153,57564860,55ed6d9cd251dbbad524455cdcf243aa,92127264.0,1.0,0.0,f,0.0,16.0,REPROVADO
26154,57564860,55ed6d9cd251dbbad524455cdcf243aa,92127264.0,2.0,0.0,f,0.0,16.0,REPROVADO
26155,57564860,55ed6d9cd251dbbad524455cdcf243aa,92127264.0,3.0,0.0,f,0.0,16.0,REPROVADO
26157,57564860,7f2fd9688308a85c2f1f88490cf3382d,92127264.0,1.0,2.9000001,f,1.0,18.0,REPROVADO
26158,57564860,7f2fd9688308a85c2f1f88490cf3382d,92127264.0,2.0,0.0,f,1.0,18.0,REPROVADO
26159,57564860,7f2fd9688308a85c2f1f88490cf3382d,92127264.0,3.0,0.0,f,1.0,18.0,REPROVADO
26160,57564860,f28e052d0580964522fc2df687450a3d,92127264.0,1.0,9.39999962,f,9.8,6.0,APROVADO
26161,57564860,f28e052d0580964522fc2df687450a3d,92127264.0,2.0,10.0,f,9.8,6.0,APROVADO
26162,57564860,f28e052d0580964522fc2df687450a3d,92127264.0,3.0,10.0,f,9.8,6.0,APROVADO
26166,57564860,00d23d8801e80f5326f9409bc1edee9b,92127264.0,1.0,0,f,0,0.0,TRANCADO
26167,57564860,00d23d8801e80f5326f9409bc1edee9b,92127264.0,2.0,0,f,0,0.0,TRANCADO
26168,57564860,00d23d8801e80f5326f9409bc1edee9b,92127264.0,3.0,0,f,0,0.0,TRANCADO
26171,57564860,b48992acc8eac3465362de43c402f802,92127264.0,1.0,0.0,f,1.3,48.0,REPROVADO POR MÉDIA E POR FALTAS
26172,57564860,b48992acc8eac3465362de43c402f802,92127264.0,2.0,3.79999995,f,1.3,48.0,REPROVADO POR MÉDIA E POR FALTAS
26173,57564860,b48992acc8eac3465362de43c402f802,92127264.0,3.0,0.0,f,1.3,48.0,REPROVADO POR MÉDIA E POR FALTAS
26174,57564860,f111a05877915e0c15509d555f34195c,92127264.0,1.0,3.0,f,2.7,14.0,REPROVADO
26175,57564860,f111a05877915e0c15509d555f34195c,92127264.0,2.0,3.5,f,2.7,14.0,REPROVADO
26176,57564860,f111a05877915e0c15509d555f34195c,92127264.0,3.0,1.5,f,2.7,14.0,REPROVADO
26182,57564860,e8276e72614c5828286b43d50704d1a0,92127264.0,1.0,4.30000019,f,2.9,12.0,REPROVADO
26183,57564860,e8276e72614c5828286b43d50704d1a0,92127264.0,2.0,4.30000019,f,2.9,12.0,REPROVADO
26184,57564860,e8276e72614c5828286b43d50704d1a0,92127264.0,3.0,0.0,f,2.9,12.0,REPROVADO
26189,57564860,8f1e25c53680d4d2ecfd4d6be7f4f4f0,92127264.0,1.0,6.599999900000001,f,7.5,6.0,APROVADO
26190,57564860,8f1e25c53680d4d2ecfd4d6be7f4f4f0,92127264.0,2.0,7.5,f,7.5,6.0,APROVADO
26191,57564860,8f1e25c53680d4d2ecfd4d6be7f4f4f0,92127264.0,3.0,8.30000019,f,7.5,6.0,APROVADO
26192,57564860,8e0fe67e7758328f385c2a251f5b3c34,92127264.0,1.0,2.20000005,f,0.7,16.0,REPROVADO
26193,57564860,8e0fe67e7758328f385c2a251f5b3c34,92127264.0,2.0,0.0,f,0.7,16.0,REPROVADO
26194,57564860,8e0fe67e7758328f385c2a251f5b3c34,92127264.0,3.0,0.0,f,0.7,16.0,REPROVADO
26195,57564860,49f2cf9cba9f712bc1ffeddd47b8907f,92127264.0,1.0,0.0,f,0.0,54.0,REPROVADO POR MÉDIA E POR FALTAS
26196,57564860,49f2cf9cba9f712bc1ffeddd47b8907f,92127264.0,2.0,0.0,f,0.0,54.0,REPROVADO POR MÉDIA E POR FALTAS
26197,57564860,49f2cf9cba9f712bc1ffeddd47b8907f,92127264.0,3.0,0.0,f,0.0,54.0,REPROVADO POR MÉDIA E POR FALTAS
26199,57564860,2b366f50d21194c4a826929a4e10ef35,92127264.0,1.0,6.19999981,f,8.7,10.0,APROVADO
26200,57564860,2b366f50d21194c4a826929a4e10ef35,92127264.0,2.0,10.0,f,8.7,10.0,APROVADO
26201,57564860,2b366f50d21194c4a826929a4e10ef35,92127264.0,3.0,10.0,f,8.7,10.0,APROVADO
28417,57564848,4786ee006b177a4effef45521b7bd94f,92127264.0,1.0,8.69999981,f,7.0,6.0,APROVADO
28418,57564848,4786ee006b177a4effef45521b7bd94f,92127264.0,2.0,7.30000019,f,7.0,6.0,APROVADO
28419,57564848,4786ee006b177a4effef45521b7bd94f,92127264.0,3.0,5.0999999,f,7.0,6.0,APROVADO
28420,57564848,d4e047d2df4d181e5395b78df93f9811,92127264.0,1.0,7.19999981,f,5.2,4.0,APROVADO POR NOTA
28421,57564848,d4e047d2df4d181e5395b78df93f9811,92127264.0,2.0,3.5999999,f,5.2,4.0,APROVADO POR NOTA
28422,57564848,d4e047d2df4d181e5395b78df93f9811,92127264.0,3.0,4.69999981,f,5.2,4.0,APROVADO POR NOTA
28423,57564848,511d0df6f55de7f9c4818636b1535e02,92127264.0,1.0,5.80000019,f,5.8,6.0,APROVADO POR NOTA
28424,57564848,511d0df6f55de7f9c4818636b1535e02,92127264.0,2.0,5.4000001,f,5.8,6.0,APROVADO POR NOTA
28425,57564848,511d0df6f55de7f9c4818636b1535e02,92127264.0,3.0,6.30000019,f,5.8,6.0,APROVADO POR NOTA
28426,57564848,8d2a3b00a41279debf258bc6c6305205,92127264.0,1.0,9.19999981,f,6.9,16.0,APROVADO POR NOTA
28427,57564848,8d2a3b00a41279debf258bc6c6305205,92127264.0,2.0,8.5,f,6.9,16.0,APROVADO POR NOTA
28428,57564848,8d2a3b00a41279debf258bc6c6305205,92127264.0,3.0,3.0,f,6.9,16.0,APROVADO POR NOTA
28429,57564848,30327d430572d0c720dcd1682a39c361,92127264.0,1.0,7.599999900000001,f,6.2,12.0,APROVADO POR NOTA
28430,57564848,30327d430572d0c720dcd1682a39c361,92127264.0,2.0,6.900000099999999,f,6.2,12.0,APROVADO POR NOTA
28431,57564848,30327d430572d0c720dcd1682a39c361,92127264.0,3.0,4.19999981,f,6.2,12.0,APROVADO POR NOTA
28432,57564848,35e2507cc2ed396f7078879369b27286,92127264.0,1.0,9.10000038,f,8.1,2.0,APROVADO
28433,57564848,35e2507cc2ed396f7078879369b27286,92127264.0,2.0,7.80000019,f,8.1,2.0,APROVADO
28434,57564848,35e2507cc2ed396f7078879369b27286,92127264.0,3.0,7.400000099999999,f,8.1,2.0,APROVADO
28435,57564848,baf6c06a77f8436a2f1c068be8c7f854,92127264.0,1.0,0.800000012,t,4.6,16.0,REPROVADO
28436,57564848,baf6c06a77f8436a2f1c068be8c7f854,92127264.0,2.0,5.9000001,f,4.6,16.0,REPROVADO
28437,57564848,baf6c06a77f8436a2f1c068be8c7f854,92127264.0,3.0,6.4000001,f,4.6,16.0,REPROVADO
28438,57564848,15ce11b7e21c47c687f7008c288e12b5,92127264.0,1.0,2.79999995,f,0.9,49.0,REPROVADO POR MÉDIA E POR FALTAS
28439,57564848,15ce11b7e21c47c687f7008c288e12b5,92127264.0,2.0,0.0,f,0.9,49.0,REPROVADO POR MÉDIA E POR FALTAS
28440,57564848,15ce11b7e21c47c687f7008c288e12b5,92127264.0,3.0,0.0,f,0.9,49.0,REPROVADO POR MÉDIA E POR FALTAS
28441,57564848,a682f2beb315b67438ce66dcadd140e8,92127264.0,1.0,7.5,f,8.3,12.0,APROVADO
28442,57564848,a682f2beb315b67438ce66dcadd140e8,92127264.0,2.0,8.5,f,8.3,12.0,APROVADO
28443,57564848,a682f2beb315b67438ce66dcadd140e8,92127264.0,3.0,9.0,f,8.3,12.0,APROVADO
28444,57564848,3797d070ee3c0d06f8ca9e32d970dc0e,92127264.0,1.0,8.80000019,f,6.8,12.0,APROVADO POR NOTA
28445,57564848,3797d070ee3c0d06f8ca9e32d970dc0e,92127264.0,2.0,7.5,f,6.8,12.0,APROVADO POR NOTA
28446,57564848,3797d070ee3c0d06f8ca9e32d970dc0e,92127264.0,3.0,4.19999981,f,6.8,12.0,APROVADO POR NOTA
28447,57564848,c64950466f754a7a5656d1968f33c8fc,92127264.0,1.0,10.0,f,9.2,4.0,APROVADO
28448,57564848,c64950466f754a7a5656d1968f33c8fc,92127264.0,2.0,8.5,f,9.2,4.0,APROVADO
28449,57564848,c64950466f754a7a5656d1968f33c8fc,92127264.0,3.0,9.19999981,f,9.2,4.0,APROVADO
28455,57564848,71ded068ae396ef3bb21c15219c4906b,92127264.0,1.0,1.60000002,f,4.1,30.0,REPROVADO POR MÉDIA E POR FALTAS
28456,57564848,71ded068ae396ef3bb21c15219c4906b,92127264.0,2.0,5.4000001,f,4.1,30.0,REPROVADO POR MÉDIA E POR FALTAS
28457,57564848,71ded068ae396ef3bb21c15219c4906b,92127264.0,3.0,5.30000019,f,4.1,30.0,REPROVADO POR MÉDIA E POR FALTAS
28458,57564848,dfc0b8035c1c5931710e65e92d91aa30,92127264.0,1.0,4.4000001,f,2.1,44.0,REPROVADO POR MÉDIA E POR FALTAS
28459,57564848,dfc0b8035c1c5931710e65e92d91aa30,92127264.0,2.0,1.89999998,f,2.1,44.0,REPROVADO POR MÉDIA E POR FALTAS
28460,57564848,dfc0b8035c1c5931710e65e92d91aa30,92127264.0,3.0,0.0,f,2.1,44.0,REPROVADO POR MÉDIA E POR FALTAS
28461,57564848,480a730ca3e8657e4d203f06d6baaae1,92127264.0,1.0,8.39999962,f,7.6,2.0,APROVADO
28462,57564848,480a730ca3e8657e4d203f06d6baaae1,92127264.0,2.0,7.099999900000001,f,7.6,2.0,APROVADO
28463,57564848,480a730ca3e8657e4d203f06d6baaae1,92127264.0,3.0,7.19999981,f,7.6,2.0,APROVADO
28467,57564848,7f526a2061ee189867da31102097f91e,92127264.0,1.0,7.30000019,f,7.0,15.0,APROVADO
28468,57564848,7f526a2061ee189867da31102097f91e,92127264.0,2.0,6.900000099999999,f,7.0,15.0,APROVADO
28469,57564848,7f526a2061ee189867da31102097f91e,92127264.0,3.0,6.69999981,f,7.0,15.0,APROVADO
28471,57564848,2849447e693afb0816767beb8dc0a942,92127264.0,1.0,6.69999981,f,5.9,14.0,APROVADO POR NOTA
28472,57564848,2849447e693afb0816767beb8dc0a942,92127264.0,2.0,5.69999981,f,5.9,14.0,APROVADO POR NOTA
28473,57564848,2849447e693afb0816767beb8dc0a942,92127264.0,3.0,5.4000001,f,5.9,14.0,APROVADO POR NOTA
28474,57564848,f3ac5d986b7350a02d63a22510377d73,92127264.0,1.0,7.80000019,f,5.4,2.0,APROVADO POR NOTA
28475,57564848,f3ac5d986b7350a02d63a22510377d73,92127264.0,2.0,3.5999999,f,5.4,2.0,APROVADO POR NOTA
28476,57564848,f3ac5d986b7350a02d63a22510377d73,92127264.0,3.0,4.9000001,f,5.4,2.0,APROVADO POR NOTA
29607,57564849,6a70ede0992cec29bc1d4290ebdc1a6c,92127264.0,1.0,7.80000019,f,5.6,10.0,APROVADO POR NOTA
29608,57564849,6a70ede0992cec29bc1d4290ebdc1a6c,92127264.0,2.0,4.30000019,f,5.6,10.0,APROVADO POR NOTA
29609,57564849,6a70ede0992cec29bc1d4290ebdc1a6c,92127264.0,3.0,4.80000019,f,5.6,10.0,APROVADO POR NOTA
29610,57564849,e4dcda7fa43cfcaa58044c501b34f030,92127264.0,1.0,9.0,f,7.4,14.0,APROVADO
29611,57564849,e4dcda7fa43cfcaa58044c501b34f030,92127264.0,2.0,5.30000019,f,7.4,14.0,APROVADO
29612,57564849,e4dcda7fa43cfcaa58044c501b34f030,92127264.0,3.0,8.0,f,7.4,14.0,APROVADO
29613,57564849,a70e6e000686d82ad1d1a29ce75fab9f,92127264.0,1.0,9.10000038,f,9.1,4.0,APROVADO
29614,57564849,a70e6e000686d82ad1d1a29ce75fab9f,92127264.0,2.0,8.5,f,9.1,4.0,APROVADO
29615,57564849,a70e6e000686d82ad1d1a29ce75fab9f,92127264.0,3.0,9.60000038,f,9.1,4.0,APROVADO
29616,57564849,8336cceaf3e6275f4bd0611280702f1e,92127264.0,1.0,6.0999999,f,7.8,0.0,APROVADO
29617,57564849,8336cceaf3e6275f4bd0611280702f1e,92127264.0,2.0,7.19999981,f,7.8,0.0,APROVADO
29618,57564849,8336cceaf3e6275f4bd0611280702f1e,92127264.0,3.0,10.0,f,7.8,0.0,APROVADO
29619,57564849,51a920b9ab104a241c04fe06fcd5351d,92127264.0,1.0,7.80000019,f,6.1,12.0,APROVADO POR NOTA
29620,57564849,51a920b9ab104a241c04fe06fcd5351d,92127264.0,2.0,4.19999981,f,6.1,12.0,APROVADO POR NOTA
29621,57564849,51a920b9ab104a241c04fe06fcd5351d,92127264.0,3.0,6.4000001,f,6.1,12.0,APROVADO POR NOTA
29622,57564849,adbe26ddc8bc24ae4ea69b38868715eb,92127264.0,1.0,4.30000019,f,5.0,14.0,APROVADO POR NOTA
29623,57564849,adbe26ddc8bc24ae4ea69b38868715eb,92127264.0,2.0,3.70000005,t,5.0,14.0,APROVADO POR NOTA
29624,57564849,adbe26ddc8bc24ae4ea69b38868715eb,92127264.0,3.0,5.9000001,f,5.0,14.0,APROVADO POR NOTA
29625,57564849,016b3e8d294936a422258b4ba1a7a785,92127264.0,1.0,6.0999999,f,5.1,4.0,APROVADO POR NOTA
29626,57564849,016b3e8d294936a422258b4ba1a7a785,92127264.0,2.0,5.5999999,f,5.1,4.0,APROVADO POR NOTA
29627,57564849,016b3e8d294936a422258b4ba1a7a785,92127264.0,3.0,3.70000005,f,5.1,4.0,APROVADO POR NOTA
29628,57564849,8704f185e8ae317c72ea205b466f1845,92127264.0,2.0,3.29999995,f,3.5,12.0,REPROVADO
29629,57564849,8704f185e8ae317c72ea205b466f1845,92127264.0,3.0,4.0,f,3.5,12.0,REPROVADO
29630,57564849,8704f185e8ae317c72ea205b466f1845,92127264.0,1.0,3.29999995,f,3.5,12.0,REPROVADO
29631,57564849,5dac5cab88de4928bbc3095150f768ff,92127264.0,1.0,6.900000099999999,f,4.6,16.0,REPROVADO
29632,57564849,5dac5cab88de4928bbc3095150f768ff,92127264.0,2.0,4.0,f,4.6,16.0,REPROVADO
29633,57564849,5dac5cab88de4928bbc3095150f768ff,92127264.0,3.0,0.0,t,4.6,16.0,REPROVADO
29634,57564849,46ca5bcc0383d2734d26bf3bcc201b5a,92127264.0,1.0,8.5,f,6.7,4.0,APROVADO POR NOTA
29635,57564849,46ca5bcc0383d2734d26bf3bcc201b5a,92127264.0,2.0,5.19999981,f,6.7,4.0,APROVADO POR NOTA
29636,57564849,46ca5bcc0383d2734d26bf3bcc201b5a,92127264.0,3.0,6.4000001,f,6.7,4.0,APROVADO POR NOTA
29637,57564849,dd91e13bd82ebee8ef7105c552ec10e9,92127264.0,1.0,6.69999981,f,5.8,6.0,APROVADO POR NOTA
29638,57564849,dd91e13bd82ebee8ef7105c552ec10e9,92127264.0,2.0,6.19999981,f,5.8,6.0,APROVADO POR NOTA
29639,57564849,dd91e13bd82ebee8ef7105c552ec10e9,92127264.0,3.0,4.5,f,5.8,6.0,APROVADO POR NOTA
29664,57564849,cde1db6a62885e1f4def0c4d142f92b6,92127264.0,1.0,7.80000019,f,7.2,2.0,APROVADO
29665,57564849,cde1db6a62885e1f4def0c4d142f92b6,92127264.0,2.0,5.9000001,f,7.2,2.0,APROVADO
29666,57564849,cde1db6a62885e1f4def0c4d142f92b6,92127264.0,3.0,8.0,f,7.2,2.0,APROVADO
29667,57564849,dc0b37a9d90ff2d54cb650d366bb9d1e,92127264.0,1.0,4.69999981,f,3.7,20.0,REPROVADO POR MÉDIA E POR FALTAS
29668,57564849,dc0b37a9d90ff2d54cb650d366bb9d1e,92127264.0,2.0,2.5,f,3.7,20.0,REPROVADO POR MÉDIA E POR FALTAS
29669,57564849,dc0b37a9d90ff2d54cb650d366bb9d1e,92127264.0,3.0,4.0,f,3.7,20.0,REPROVADO POR MÉDIA E POR FALTAS
29673,57564849,da437177e090ab90ea33ba772cfbae03,92127264.0,1.0,2.29999995,f,2.3,14.0,REPROVADO
29674,57564849,da437177e090ab90ea33ba772cfbae03,92127264.0,2.0,4.5,f,2.3,14.0,REPROVADO
29675,57564849,da437177e090ab90ea33ba772cfbae03,92127264.0,3.0,0.0,f,2.3,14.0,REPROVADO
29676,57564849,46665a614e41672cc0e7ab15d2acacf1,92127264.0,1.0,7.900000099999999,f,8.6,0.0,APROVADO
29677,57564849,46665a614e41672cc0e7ab15d2acacf1,92127264.0,2.0,7.900000099999999,f,8.6,0.0,APROVADO
29678,57564849,46665a614e41672cc0e7ab15d2acacf1,92127264.0,3.0,10.0,f,8.6,0.0,APROVADO
29679,57564849,c9e9fb6d34701e4b7c7ce48b0444c7fe,92127264.0,1.0,4.5999999,f,5.3,8.0,APROVADO POR NOTA
29680,57564849,c9e9fb6d34701e4b7c7ce48b0444c7fe,92127264.0,2.0,6.0,f,5.3,8.0,APROVADO POR NOTA
29681,57564849,c9e9fb6d34701e4b7c7ce48b0444c7fe,92127264.0,3.0,5.30000019,f,5.3,8.0,APROVADO POR NOTA
29682,57564849,7b0c9e446d13b6a8b66a1371984b673b,92127264.0,1.0,6.599999900000001,f,7.3,8.0,APROVADO
29683,57564849,7b0c9e446d13b6a8b66a1371984b673b,92127264.0,2.0,7.400000099999999,f,7.3,8.0,APROVADO
29684,57564849,7b0c9e446d13b6a8b66a1371984b673b,92127264.0,3.0,8.0,f,7.3,8.0,APROVADO
29685,57564849,4b58b4318cda780dbdf8beae00ef24a6,92127264.0,1.0,3.9000001,f,6.7,4.0,APROVADO POR NOTA
29686,57564849,4b58b4318cda780dbdf8beae00ef24a6,92127264.0,2.0,8.19999981,f,6.7,4.0,APROVADO POR NOTA
29687,57564849,4b58b4318cda780dbdf8beae00ef24a6,92127264.0,3.0,8.0,f,6.7,4.0,APROVADO POR NOTA
30086,57566729,b0e148daf401068c1b47be520d5bb181,92127264.0,1.0,9.5,f,8.3,5.0,APROVADO
30087,57566729,b0e148daf401068c1b47be520d5bb181,92127264.0,2.0,7.5,f,8.3,5.0,APROVADO
30088,57566729,b0e148daf401068c1b47be520d5bb181,92127264.0,3.0,8.0,f,8.3,5.0,APROVADO
30089,57566729,7f2fd9688308a85c2f1f88490cf3382d,92127264.0,3.0,8.0,f,5.7,10.0,APROVADO POR NOTA
30090,57566729,7f2fd9688308a85c2f1f88490cf3382d,92127264.0,1.0,2.5,t,5.7,10.0,APROVADO POR NOTA
30091,57566729,7f2fd9688308a85c2f1f88490cf3382d,92127264.0,2.0,4.0,f,5.7,10.0,APROVADO POR NOTA
30092,57566729,9fab264022905965335b7bc3964f7ed1,92127264.0,3.0,9.0,f,9.0,4.0,APROVADO
30093,57566729,9fab264022905965335b7bc3964f7ed1,92127264.0,1.0,8.60000038,f,9.0,4.0,APROVADO
30094,57566729,9fab264022905965335b7bc3964f7ed1,92127264.0,2.0,9.5,f,9.0,4.0,APROVADO
30101,57566729,6a70ede0992cec29bc1d4290ebdc1a6c,92127264.0,1.0,5.0,f,7.0,14.0,APROVADO
30102,57566729,6a70ede0992cec29bc1d4290ebdc1a6c,92127264.0,2.0,6.0,f,7.0,14.0,APROVADO
30103,57566729,6a70ede0992cec29bc1d4290ebdc1a6c,92127264.0,3.0,10.0,f,7.0,14.0,APROVADO
30104,57566729,fdf1f636486a3ad1d7bd6cc303c6c32a,92127264.0,1.0,9.10000038,f,9.2,2.0,APROVADO
30105,57566729,fdf1f636486a3ad1d7bd6cc303c6c32a,92127264.0,2.0,8.5,f,9.2,2.0,APROVADO
30106,57566729,fdf1f636486a3ad1d7bd6cc303c6c32a,92127264.0,3.0,10.0,f,9.2,2.0,APROVADO
30107,57566729,63e97bc77196994b439cb853cea9d42d,92127264.0,1.0,7.69999981,f,7.7,10.0,APROVADO
30108,57566729,63e97bc77196994b439cb853cea9d42d,92127264.0,2.0,7.5,f,7.7,10.0,APROVADO
30109,57566729,63e97bc77196994b439cb853cea9d42d,92127264.0,3.0,8.0,f,7.7,10.0,APROVADO
30113,57566729,098328a35e4c60b120e4bb6b94c8a0f6,92127264.0,1.0,8.39999962,f,7.6,5.0,APROVADO
30114,57566729,098328a35e4c60b120e4bb6b94c8a0f6,92127264.0,2.0,6.5,f,7.6,5.0,APROVADO
30115,57566729,098328a35e4c60b120e4bb6b94c8a0f6,92127264.0,3.0,8.0,f,7.6,5.0,APROVADO
30122,57566729,b0e148daf401068c1b47be520d5bb181,92127264.0,0,0,0,0,0,DESISTENCIA
30123,57566729,a9d5358e13241d1fc953196fa2983412,92127264.0,1.0,7.0,f,7.2,8.0,APROVADO
30124,57566729,a9d5358e13241d1fc953196fa2983412,92127264.0,2.0,6.0,f,7.2,8.0,APROVADO
30125,57566729,a9d5358e13241d1fc953196fa2983412,92127264.0,3.0,8.5,f,7.2,8.0,APROVADO
30284,57568287,baf6c06a77f8436a2f1c068be8c7f854,92127264.0,1.0,10.0,f,10.0,0.0,APROVADO
30285,57568287,baf6c06a77f8436a2f1c068be8c7f854,92127264.0,2.0,10.0,f,10.0,0.0,APROVADO
30286,57568287,baf6c06a77f8436a2f1c068be8c7f854,92127264.0,3.0,10.0,f,10.0,0.0,APROVADO
32288,57564866,51a920b9ab104a241c04fe06fcd5351d,92127264.0,1.0,7.599999900000001,f,6.5,14.0,APROVADO POR NOTA
32289,57564866,51a920b9ab104a241c04fe06fcd5351d,92127264.0,2.0,6.0999999,f,6.5,14.0,APROVADO POR NOTA
32290,57564866,51a920b9ab104a241c04fe06fcd5351d,92127264.0,3.0,5.80000019,f,6.5,14.0,APROVADO POR NOTA
32291,57564866,23c3e6fe2285999433491924f662c872,92127264.0,1.0,6.0999999,f,6.4,16.0,APROVADO POR NOTA
32292,57564866,23c3e6fe2285999433491924f662c872,92127264.0,2.0,4.5,f,6.4,16.0,APROVADO POR NOTA
32293,57564866,23c3e6fe2285999433491924f662c872,92127264.0,3.0,1.0,t,6.4,16.0,APROVADO POR NOTA
32294,57564866,15f5e1533bd363c766d01f75ebcbe2b7,92127264.0,1.0,7.19999981,f,6.6,18.0,APROVADO POR NOTA
32295,57564866,15f5e1533bd363c766d01f75ebcbe2b7,92127264.0,2.0,6.5,f,6.6,18.0,APROVADO POR NOTA
32296,57564866,15f5e1533bd363c766d01f75ebcbe2b7,92127264.0,3.0,6.0,f,6.6,18.0,APROVADO POR NOTA
32297,57564866,9ccc835c11435f84fb470fdce184ce0e,92127264.0,1.0,8.30000019,f,8.3,18.0,APROVADO
32298,57564866,9ccc835c11435f84fb470fdce184ce0e,92127264.0,2.0,6.599999900000001,f,8.3,18.0,APROVADO
32299,57564866,9ccc835c11435f84fb470fdce184ce0e,92127264.0,3.0,1.0,t,8.3,18.0,APROVADO
32303,57564866,cde1db6a62885e1f4def0c4d142f92b6,92127264.0,1.0,8.69999981,f,8.8,6.0,APROVADO
32304,57564866,cde1db6a62885e1f4def0c4d142f92b6,92127264.0,2.0,9.0,f,8.8,6.0,APROVADO
32305,57564866,cde1db6a62885e1f4def0c4d142f92b6,92127264.0,3.0,8.80000019,f,8.8,6.0,APROVADO
32306,57564866,a86542bd8fc9e6e665e4897c20b8ff95,92127264.0,1.0,7.5,f,7.2,2.0,APROVADO
32307,57564866,a86542bd8fc9e6e665e4897c20b8ff95,92127264.0,2.0,6.69999981,f,7.2,2.0,APROVADO
32308,57564866,a86542bd8fc9e6e665e4897c20b8ff95,92127264.0,3.0,7.30000019,f,7.2,2.0,APROVADO
32309,57564866,0051970b8e57f667afa4ad2789426fa9,92127264.0,1.0,10.0,f,9.6,4.0,APROVADO
32310,57564866,0051970b8e57f667afa4ad2789426fa9,92127264.0,2.0,10.0,f,9.6,4.0,APROVADO
32311,57564866,0051970b8e57f667afa4ad2789426fa9,92127264.0,3.0,8.80000019,f,9.6,4.0,APROVADO
32312,57564866,c22b39f1343c183dc05a6e8a027a17bb,92127264.0,1.0,8.89999962,f,8.6,0.0,APROVADO
32313,57564866,c22b39f1343c183dc05a6e8a027a17bb,92127264.0,2.0,8.69999981,f,8.6,0.0,APROVADO
32314,57564866,c22b39f1343c183dc05a6e8a027a17bb,92127264.0,3.0,8.10000038,f,8.6,0.0,APROVADO
32315,57564866,da437177e090ab90ea33ba772cfbae03,92127264.0,1.0,6.30000019,f,6.4,4.0,APROVADO POR NOTA
32316,57564866,da437177e090ab90ea33ba772cfbae03,92127264.0,2.0,5.80000019,f,6.4,4.0,APROVADO POR NOTA
32317,57564866,da437177e090ab90ea33ba772cfbae03,92127264.0,3.0,7.0,f,6.4,4.0,APROVADO POR NOTA
32318,57564866,88790547343038856c4dba8ee1a3bbe6,92127264.0,1.0,6.5,f,6.3,6.0,APROVADO POR NOTA
32319,57564866,88790547343038856c4dba8ee1a3bbe6,92127264.0,2.0,6.0999999,f,6.3,6.0,APROVADO POR NOTA
32320,57564866,88790547343038856c4dba8ee1a3bbe6,92127264.0,3.0,6.30000019,f,6.3,6.0,APROVADO POR NOTA
32321,57564866,1235a9301fcee8edf5d74e0f0f2df292,92127264.0,1.0,6.5,f,6.0,6.0,APROVADO POR NOTA
32322,57564866,1235a9301fcee8edf5d74e0f0f2df292,92127264.0,2.0,5.30000019,f,6.0,6.0,APROVADO POR NOTA
32323,57564866,1235a9301fcee8edf5d74e0f0f2df292,92127264.0,3.0,6.0999999,f,6.0,6.0,APROVADO POR NOTA
32324,57564866,9442e29605d14cf9859069926ce70e2e,92127264.0,1.0,9.60000038,f,9.6,2.0,APROVADO
32325,57564866,9442e29605d14cf9859069926ce70e2e,92127264.0,2.0,9.5,f,9.6,2.0,APROVADO
32326,57564866,9442e29605d14cf9859069926ce70e2e,92127264.0,3.0,9.80000019,f,9.6,2.0,APROVADO
32327,57564866,b41962dbdf2c399278387568c820ac90,92127264.0,0,0,0,0,0,DESISTENCIA
32331,57564866,cb75f724561edc0a0a2be38dfe95322c,92127264.0,0,0,0,0,0,TRANCADO
32332,57564866,8a8878d0e0f3adde0d8da2b9491942a8,92127264.0,0,0,0,0,0,TRANCADO
32333,57564866,9bf92154ba99ff3f6fca90bfa35d0e8d,92127264.0,1.0,0.0,f,0.0,68.0,REPROVADO POR MÉDIA E POR FALTAS
32334,57564866,9bf92154ba99ff3f6fca90bfa35d0e8d,92127264.0,2.0,0.0,f,0.0,68.0,REPROVADO POR MÉDIA E POR FALTAS
32335,57564866,9bf92154ba99ff3f6fca90bfa35d0e8d,92127264.0,3.0,0.0,f,0.0,68.0,REPROVADO POR MÉDIA E POR FALTAS
32337,57564866,4fb0d102a6ce0ddb9837f9bae921ebba,92127264.0,1.0,8.89999962,f,7.3,18.0,APROVADO
32338,57564866,4fb0d102a6ce0ddb9837f9bae921ebba,92127264.0,2.0,5.19999981,f,7.3,18.0,APROVADO
32339,57564866,4fb0d102a6ce0ddb9837f9bae921ebba,92127264.0,3.0,7.69999981,f,7.3,18.0,APROVADO
32340,57564866,d36d1367896c368db57dcf923798f446,92127264.0,1.0,6.19999981,f,6.1,10.0,APROVADO POR NOTA
32341,57564866,d36d1367896c368db57dcf923798f446,92127264.0,2.0,5.19999981,f,6.1,10.0,APROVADO POR NOTA
32342,57564866,d36d1367896c368db57dcf923798f446,92127264.0,3.0,1.0,t,6.1,10.0,APROVADO POR NOTA
32343,57564866,6730c7c62ceced240e79a2bd6b6e4b84,92127264.0,1.0,3.5999999,f,1.3,50.0,REPROVADO POR MÉDIA E POR FALTAS
32344,57564866,6730c7c62ceced240e79a2bd6b6e4b84,92127264.0,2.0,0.400000006,f,1.3,50.0,REPROVADO POR MÉDIA E POR FALTAS
32345,57564866,6730c7c62ceced240e79a2bd6b6e4b84,92127264.0,3.0,0.0,f,1.3,50.0,REPROVADO POR MÉDIA E POR FALTAS
32923,57564841,606187e0dfc21c1f377ad6df3a68e274,92127264.0,1.0,8.80000019,f,8.3,0.0,APROVADO
32924,57564841,606187e0dfc21c1f377ad6df3a68e274,92127264.0,2.0,7.30000019,f,8.3,0.0,APROVADO
32925,57564841,606187e0dfc21c1f377ad6df3a68e274,92127264.0,3.0,8.69999981,f,8.3,0.0,APROVADO
34014,57565216,31e1be3720544f57f5061f094d215cee,92127264.0,1.0,0.0,f,0.0,0.0,REPROVADO
34015,57565216,31e1be3720544f57f5061f094d215cee,92127264.0,2.0,0.0,f,0.0,0.0,REPROVADO
34018,57565216,b3f48c9a515eaba098ef8d6b0da46b5f,92127264.0,1.0,4.0,f,6.0,0.0,APROVADO POR NOTA
34019,57565216,b3f48c9a515eaba098ef8d6b0da46b5f,92127264.0,2.0,2.0999999,t,6.0,0.0,APROVADO POR NOTA
34020,57565216,3dcb457caef136647269b2a02ee21b29,92127264.0,1.0,9.80000019,f,8.1,0.0,APROVADO
34021,57565216,3dcb457caef136647269b2a02ee21b29,92127264.0,2.0,6.30000019,f,8.1,0.0,APROVADO
34022,57565216,cc5a82144563d5e8cdab8202a1346345,92127264.0,1.0,7.5,f,5.4,0.0,APROVADO POR NOTA
34023,57565216,cc5a82144563d5e8cdab8202a1346345,92127264.0,2.0,3.20000005,f,5.4,0.0,APROVADO POR NOTA
34050,57564839,e4dcda7fa43cfcaa58044c501b34f030,92127264.0,1.0,8.5,f,8.9,0.0,APROVADO
34051,57564839,e4dcda7fa43cfcaa58044c501b34f030,92127264.0,2.0,10.0,f,8.9,0.0,APROVADO
34052,57564839,e4dcda7fa43cfcaa58044c501b34f030,92127264.0,3.0,8.19999981,f,8.9,0.0,APROVADO
34053,57564839,606187e0dfc21c1f377ad6df3a68e274,92127264.0,3.0,6.5,f,6.9,0.0,APROVADO POR NOTA
34054,57564839,606187e0dfc21c1f377ad6df3a68e274,92127264.0,1.0,7.099999900000001,f,6.9,0.0,APROVADO POR NOTA
34055,57564839,606187e0dfc21c1f377ad6df3a68e274,92127264.0,2.0,7.0,f,6.9,0.0,APROVADO POR NOTA
34056,57564839,55ed6d9cd251dbbad524455cdcf243aa,92127264.0,1.0,5.5999999,f,5.5,0.0,APROVADO POR NOTA
34057,57564839,55ed6d9cd251dbbad524455cdcf243aa,92127264.0,2.0,7.0,f,5.5,0.0,APROVADO POR NOTA
34058,57564839,55ed6d9cd251dbbad524455cdcf243aa,92127264.0,3.0,4.0,f,5.5,0.0,APROVADO POR NOTA
34059,57564839,a16ed96ee765c2ec436358814f6bc646,92127264.0,1.0,5.5999999,f,7.9,0.0,APROVADO
34060,57564839,a16ed96ee765c2ec436358814f6bc646,92127264.0,2.0,10.0,f,7.9,0.0,APROVADO
34061,57564839,a16ed96ee765c2ec436358814f6bc646,92127264.0,3.0,8.19999981,f,7.9,0.0,APROVADO
34062,57564839,7f2fd9688308a85c2f1f88490cf3382d,92127264.0,1.0,0.0,f,0.0,36.0,REPROVADO POR MÉDIA E POR FALTAS
34063,57564839,7f2fd9688308a85c2f1f88490cf3382d,92127264.0,2.0,0.0,f,0.0,36.0,REPROVADO POR MÉDIA E POR FALTAS
34064,57564839,7f2fd9688308a85c2f1f88490cf3382d,92127264.0,3.0,0.0,f,0.0,36.0,REPROVADO POR MÉDIA E POR FALTAS
34065,57564839,71ded068ae396ef3bb21c15219c4906b,92127264.0,1.0,0.0,f,0.0,66.0,REPROVADO POR MÉDIA E POR FALTAS
34066,57564839,71ded068ae396ef3bb21c15219c4906b,92127264.0,2.0,0.0,f,0.0,66.0,REPROVADO POR MÉDIA E POR FALTAS
34067,57564839,71ded068ae396ef3bb21c15219c4906b,92127264.0,3.0,0.0,f,0.0,66.0,REPROVADO POR MÉDIA E POR FALTAS
34068,57564839,8f13778f5befaef470ce3baf10a99d98,92127264.0,0,0,0,0,0,TRANCADO
34069,57564839,b48992acc8eac3465362de43c402f802,92127264.0,1.0,5.0,f,5.3,0.0,APROVADO POR NOTA
34070,57564839,b48992acc8eac3465362de43c402f802,92127264.0,2.0,7.0,f,5.3,0.0,APROVADO POR NOTA
34071,57564839,b48992acc8eac3465362de43c402f802,92127264.0,3.0,4.0,f,5.3,0.0,APROVADO POR NOTA
35550,57564850,8a8878d0e0f3adde0d8da2b9491942a8,92127264.0,3.0,7.099999900000001,f,6.7,4.0,APROVADO POR NOTA
35551,57564850,8a8878d0e0f3adde0d8da2b9491942a8,92127264.0,1.0,5.80000019,f,6.7,4.0,APROVADO POR NOTA
35552,57564850,8a8878d0e0f3adde0d8da2b9491942a8,92127264.0,2.0,2.70000005,t,6.7,4.0,APROVADO POR NOTA
35553,57564850,6730c7c62ceced240e79a2bd6b6e4b84,92127264.0,1.0,5.80000019,f,6.3,4.0,APROVADO POR NOTA
35554,57564850,6730c7c62ceced240e79a2bd6b6e4b84,92127264.0,2.0,7.400000099999999,f,6.3,4.0,APROVADO POR NOTA
35555,57564850,6730c7c62ceced240e79a2bd6b6e4b84,92127264.0,3.0,5.69999981,f,6.3,4.0,APROVADO POR NOTA
35556,57564850,99e5e29d16566a2bed71732ecba19849,92127264.0,3.0,6.4000001,f,6.7,2.0,APROVADO POR NOTA
35557,57564850,99e5e29d16566a2bed71732ecba19849,92127264.0,1.0,7.5,f,6.7,2.0,APROVADO POR NOTA
35558,57564850,99e5e29d16566a2bed71732ecba19849,92127264.0,2.0,6.19999981,f,6.7,2.0,APROVADO POR NOTA
35559,57564850,a8e2e545c4b9385773d1fd98188f6f59,92127264.0,2.0,6.599999900000001,f,6.3,0.0,APROVADO POR NOTA
35560,57564850,a8e2e545c4b9385773d1fd98188f6f59,92127264.0,3.0,4.4000001,f,6.3,0.0,APROVADO POR NOTA
35561,57564850,a8e2e545c4b9385773d1fd98188f6f59,92127264.0,1.0,7.900000099999999,f,6.3,0.0,APROVADO POR NOTA
35562,57564850,9d78bef9cf3602ea7e25f55cf79ae0db,92127264.0,1.0,7.900000099999999,f,8.0,2.0,APROVADO
35563,57564850,9d78bef9cf3602ea7e25f55cf79ae0db,92127264.0,2.0,8.60000038,f,8.0,2.0,APROVADO
35564,57564850,9d78bef9cf3602ea7e25f55cf79ae0db,92127264.0,3.0,7.400000099999999,f,8.0,2.0,APROVADO
35565,57564850,e6cdfc6ba7edb9e72e88b259112088c6,92127264.0,1.0,8.0,f,7.4,0.0,APROVADO
35566,57564850,e6cdfc6ba7edb9e72e88b259112088c6,92127264.0,2.0,6.0,f,7.4,0.0,APROVADO
35567,57564850,e6cdfc6ba7edb9e72e88b259112088c6,92127264.0,3.0,8.30000019,f,7.4,0.0,APROVADO
35568,57564850,00d23d8801e80f5326f9409bc1edee9b,92127264.0,1.0,8.30000019,f,7.4,2.0,APROVADO
35569,57564850,00d23d8801e80f5326f9409bc1edee9b,92127264.0,2.0,0.0,t,7.4,2.0,APROVADO
35570,57564850,00d23d8801e80f5326f9409bc1edee9b,92127264.0,3.0,7.5,f,7.4,2.0,APROVADO
35576,57564850,b0febe58ff9dea32f4c25d7cfe37920b,92127264.0,1.0,5.80000019,f,8.2,0.0,APROVADO
35577,57564850,b0febe58ff9dea32f4c25d7cfe37920b,92127264.0,2.0,9.60000038,f,8.2,0.0,APROVADO
35578,57564850,b0febe58ff9dea32f4c25d7cfe37920b,92127264.0,3.0,9.19999981,f,8.2,0.0,APROVADO
35580,57564850,4f6604e9e784dfcc5d63db809178681e,92127264.0,0,0,0,0,0,DESISTENCIA
35583,57564850,21f431743a2e10ec0179a8f172a682a2,92127264.0,1.0,8.5,f,7.5,0.0,APROVADO
35584,57564850,21f431743a2e10ec0179a8f172a682a2,92127264.0,2.0,6.4000001,f,7.5,0.0,APROVADO
35585,57564850,21f431743a2e10ec0179a8f172a682a2,92127264.0,3.0,7.599999900000001,f,7.5,0.0,APROVADO
35586,57564850,9c8c21e07fb93342e39e3564779181cb,92127264.0,1.0,8.10000038,f,6.1,2.0,APROVADO POR NOTA
35587,57564850,9c8c21e07fb93342e39e3564779181cb,92127264.0,2.0,6.0999999,f,6.1,2.0,APROVADO POR NOTA
35588,57564850,9c8c21e07fb93342e39e3564779181cb,92127264.0,3.0,4.099999899999999,f,6.1,2.0,APROVADO POR NOTA
35589,57564850,b41962dbdf2c399278387568c820ac90,92127264.0,1.0,5.9000001,f,7.2,4.0,APROVADO
35590,57564850,b41962dbdf2c399278387568c820ac90,92127264.0,2.0,8.30000019,f,7.2,4.0,APROVADO
35591,57564850,b41962dbdf2c399278387568c820ac90,92127264.0,3.0,7.30000019,f,7.2,4.0,APROVADO
35593,57564850,f28e052d0580964522fc2df687450a3d,92127264.0,1.0,8.89999962,f,8.4,0.0,APROVADO
35594,57564850,f28e052d0580964522fc2df687450a3d,92127264.0,2.0,8.69999981,f,8.4,0.0,APROVADO
35595,57564850,f28e052d0580964522fc2df687450a3d,92127264.0,3.0,7.69999981,f,8.4,0.0,APROVADO
35596,57564850,b554a7595a1fc91654a00f846c41dc6f,92127264.0,2.0,7.30000019,f,7.9,0.0,APROVADO
35597,57564850,b554a7595a1fc91654a00f846c41dc6f,92127264.0,3.0,2.70000005,t,7.9,0.0,APROVADO
35598,57564850,b554a7595a1fc91654a00f846c41dc6f,92127264.0,1.0,8.10000038,f,7.9,0.0,APROVADO
35605,57564850,ded1024a6672e20684cb73770364b4e4,92127264.0,1.0,1.60000002,f,1.0,8.0,REPROVADO
35606,57564850,ded1024a6672e20684cb73770364b4e4,92127264.0,2.0,0.0,f,1.0,8.0,REPROVADO
35607,57564850,ded1024a6672e20684cb73770364b4e4,92127264.0,3.0,1.39999998,f,1.0,8.0,REPROVADO
35608,57564850,dfc0b8035c1c5931710e65e92d91aa30,92127264.0,1.0,3.79999995,f,2.3,8.0,REPROVADO
35609,57564850,dfc0b8035c1c5931710e65e92d91aa30,92127264.0,2.0,0.0,f,2.3,8.0,REPROVADO
35610,57564850,dfc0b8035c1c5931710e65e92d91aa30,92127264.0,3.0,3.0,f,2.3,8.0,REPROVADO
35615,57564850,a8e0be6d1f80a287bc04c8b2aad01580,92127264.0,1.0,3.20000005,f,5.5,4.0,APROVADO POR NOTA
35616,57564850,a8e0be6d1f80a287bc04c8b2aad01580,92127264.0,2.0,5.30000019,f,5.5,4.0,APROVADO POR NOTA
35617,57564850,a8e0be6d1f80a287bc04c8b2aad01580,92127264.0,3.0,8.10000038,f,5.5,4.0,APROVADO POR NOTA
35618,57564850,f8177d63d1507a592ffc0d33db70a4f7,92127264.0,1.0,3.0,f,5.4,6.0,APROVADO POR NOTA
35619,57564850,f8177d63d1507a592ffc0d33db70a4f7,92127264.0,2.0,6.0,f,5.4,6.0,APROVADO POR NOTA
35620,57564850,f8177d63d1507a592ffc0d33db70a4f7,92127264.0,3.0,0.0,t,5.4,6.0,APROVADO POR NOTA
35622,57564850,23c3e6fe2285999433491924f662c872,92127264.0,1.0,6.900000099999999,f,6.7,0.0,APROVADO POR NOTA
35623,57564850,23c3e6fe2285999433491924f662c872,92127264.0,2.0,6.80000019,f,6.7,0.0,APROVADO POR NOTA
35624,57564850,23c3e6fe2285999433491924f662c872,92127264.0,3.0,6.30000019,f,6.7,0.0,APROVADO POR NOTA
35628,57564850,01520db6ce2ca85f5b119463328ccb93,92127264.0,1.0,6.80000019,f,7.0,0.0,APROVADO
35629,57564850,01520db6ce2ca85f5b119463328ccb93,92127264.0,2.0,6.80000019,f,7.0,0.0,APROVADO
35630,57564850,01520db6ce2ca85f5b119463328ccb93,92127264.0,3.0,7.400000099999999,f,7.0,0.0,APROVADO
35631,57564850,a2b2ef559d7913f7f419197a1beb2e8c,92127264.0,1.0,4.5,f,6.1,0.0,APROVADO POR NOTA
35632,57564850,a2b2ef559d7913f7f419197a1beb2e8c,92127264.0,2.0,7.19999981,f,6.1,0.0,APROVADO POR NOTA
35633,57564850,a2b2ef559d7913f7f419197a1beb2e8c,92127264.0,3.0,6.69999981,f,6.1,0.0,APROVADO POR NOTA
35634,57564850,679c140c591149567fb371703ba24cef,92127264.0,1.0,5.5999999,f,5.9,2.0,APROVADO POR NOTA
35635,57564850,679c140c591149567fb371703ba24cef,92127264.0,2.0,6.0,f,5.9,2.0,APROVADO POR NOTA
35636,57564850,679c140c591149567fb371703ba24cef,92127264.0,3.0,6.0999999,f,5.9,2.0,APROVADO POR NOTA
35637,57564850,83729736aa539851727de8ecb2c3529a,92127264.0,1.0,7.5,f,6.7,2.0,APROVADO POR NOTA
35638,57564850,83729736aa539851727de8ecb2c3529a,92127264.0,2.0,7.0,f,6.7,2.0,APROVADO POR NOTA
35639,57564850,83729736aa539851727de8ecb2c3529a,92127264.0,3.0,5.5999999,f,6.7,2.0,APROVADO POR NOTA
35642,57564850,b3df267ce06efc7a7c3f0bcdb276339d,92127264.0,1.0,7.400000099999999,f,7.7,2.0,APROVADO
35643,57564850,b3df267ce06efc7a7c3f0bcdb276339d,92127264.0,2.0,6.69999981,f,7.7,2.0,APROVADO
35644,57564850,b3df267ce06efc7a7c3f0bcdb276339d,92127264.0,3.0,8.89999962,f,7.7,2.0,APROVADO
35645,57564850,dc161e20bc0f55c1f1c1c9f234a9f2fa,92127264.0,1.0,5.69999981,f,6.8,2.0,APROVADO POR NOTA
35646,57564850,dc161e20bc0f55c1f1c1c9f234a9f2fa,92127264.0,2.0,8.19999981,f,6.8,2.0,APROVADO POR NOTA
35647,57564850,dc161e20bc0f55c1f1c1c9f234a9f2fa,92127264.0,3.0,6.5,f,6.8,2.0,APROVADO POR NOTA
35648,57564850,736b02f7e21fadd7be4b5e2c8e3220cc,92127264.0,1.0,8.10000038,f,6.3,0.0,APROVADO POR NOTA
35649,57564850,736b02f7e21fadd7be4b5e2c8e3220cc,92127264.0,2.0,6.0999999,f,6.3,0.0,APROVADO POR NOTA
35650,57564850,736b02f7e21fadd7be4b5e2c8e3220cc,92127264.0,3.0,4.5999999,f,6.3,0.0,APROVADO POR NOTA
35651,57564850,c1f3ad0fcde65ba2674759fb0387082e,92127264.0,1.0,5.80000019,f,6.7,2.0,APROVADO POR NOTA
35652,57564850,c1f3ad0fcde65ba2674759fb0387082e,92127264.0,2.0,6.599999900000001,f,6.7,2.0,APROVADO POR NOTA
35653,57564850,c1f3ad0fcde65ba2674759fb0387082e,92127264.0,3.0,7.69999981,f,6.7,2.0,APROVADO POR NOTA
35657,57564850,2b366f50d21194c4a826929a4e10ef35,92127264.0,1.0,5.9000001,f,7.9,4.0,APROVADO
35658,57564850,2b366f50d21194c4a826929a4e10ef35,92127264.0,2.0,8.5,f,7.9,4.0,APROVADO
35659,57564850,2b366f50d21194c4a826929a4e10ef35,92127264.0,3.0,9.19999981,f,7.9,4.0,APROVADO
35662,57564850,d7d8b8da956d726a0c4b65a49a8dfffd,92127264.0,1.0,5.5999999,f,5.4,2.0,APROVADO POR NOTA
35663,57564850,d7d8b8da956d726a0c4b65a49a8dfffd,92127264.0,2.0,5.69999981,f,5.4,2.0,APROVADO POR NOTA
35664,57564850,d7d8b8da956d726a0c4b65a49a8dfffd,92127264.0,3.0,5.0,f,5.4,2.0,APROVADO POR NOTA
35665,57564850,5a362b6c394f14f12a8867d0c0494641,92127264.0,1.0,8.30000019,f,8.1,0.0,APROVADO
35666,57564850,5a362b6c394f14f12a8867d0c0494641,92127264.0,2.0,7.69999981,f,8.1,0.0,APROVADO
35667,57564850,5a362b6c394f14f12a8867d0c0494641,92127264.0,3.0,8.19999981,f,8.1,0.0,APROVADO
37021,57564851,8ac0038ac22bc02fbbd50f5716e63380,92127264.0,1.0,1.39999998,t,5.4,9.0,APROVADO POR NOTA
37022,57564851,8ac0038ac22bc02fbbd50f5716e63380,92127264.0,2.0,4.5,f,5.4,9.0,APROVADO POR NOTA
37023,57564851,8ac0038ac22bc02fbbd50f5716e63380,92127264.0,3.0,5.5,f,5.4,9.0,APROVADO POR NOTA
37024,57564851,27c5adb3b003e96f4171dfefe69835fe,92127264.0,1.0,8.10000038,f,6.6,0.0,APROVADO POR NOTA
37025,57564851,27c5adb3b003e96f4171dfefe69835fe,92127264.0,2.0,6.599999900000001,f,6.6,0.0,APROVADO POR NOTA
37026,57564851,27c5adb3b003e96f4171dfefe69835fe,92127264.0,3.0,5.19999981,f,6.6,0.0,APROVADO POR NOTA
37027,57564851,8f1e25c53680d4d2ecfd4d6be7f4f4f0,92127264.0,1.0,4.80000019,f,5.3,2.0,APROVADO POR NOTA
37028,57564851,8f1e25c53680d4d2ecfd4d6be7f4f4f0,92127264.0,2.0,6.30000019,f,5.3,2.0,APROVADO POR NOTA
37029,57564851,8f1e25c53680d4d2ecfd4d6be7f4f4f0,92127264.0,3.0,2.4000001,t,5.3,2.0,APROVADO POR NOTA
37030,57564851,5ff2a17b3e44f4ad386b87374a841675,92127264.0,1.0,6.599999900000001,f,6.6,0.0,APROVADO POR NOTA
37031,57564851,5ff2a17b3e44f4ad386b87374a841675,92127264.0,2.0,7.599999900000001,f,6.6,0.0,APROVADO POR NOTA
37032,57564851,5ff2a17b3e44f4ad386b87374a841675,92127264.0,3.0,5.5,f,6.6,0.0,APROVADO POR NOTA
37036,57564851,4f6604e9e784dfcc5d63db809178681e,92127264.0,1.0,6.0999999,f,7.1,0.0,APROVADO
37037,57564851,4f6604e9e784dfcc5d63db809178681e,92127264.0,2.0,8.30000019,f,7.1,0.0,APROVADO
37038,57564851,4f6604e9e784dfcc5d63db809178681e,92127264.0,3.0,7.0,f,7.1,0.0,APROVADO
37039,57564851,3f262f8a7b11adc284750418506c7f94,92127264.0,1.0,5.0999999,f,5.1,0.0,APROVADO POR NOTA
37040,57564851,3f262f8a7b11adc284750418506c7f94,92127264.0,2.0,6.19999981,f,5.1,0.0,APROVADO POR NOTA
37041,57564851,3f262f8a7b11adc284750418506c7f94,92127264.0,3.0,3.9000001,f,5.1,0.0,APROVADO POR NOTA
37042,57564851,1235a9301fcee8edf5d74e0f0f2df292,92127264.0,1.0,6.900000099999999,f,7.0,0.0,APROVADO
37043,57564851,1235a9301fcee8edf5d74e0f0f2df292,92127264.0,2.0,7.0,f,7.0,0.0,APROVADO
37044,57564851,1235a9301fcee8edf5d74e0f0f2df292,92127264.0,3.0,7.0,f,7.0,0.0,APROVADO
37045,57564851,15ce11b7e21c47c687f7008c288e12b5,92127264.0,1.0,6.599999900000001,f,5.8,0.0,APROVADO POR NOTA
37046,57564851,15ce11b7e21c47c687f7008c288e12b5,92127264.0,2.0,0.0,t,5.8,0.0,APROVADO POR NOTA
37047,57564851,15ce11b7e21c47c687f7008c288e12b5,92127264.0,3.0,5.19999981,f,5.8,0.0,APROVADO POR NOTA
37048,57564851,a86542bd8fc9e6e665e4897c20b8ff95,92127264.0,1.0,6.0999999,f,7.1,0.0,APROVADO
37049,57564851,a86542bd8fc9e6e665e4897c20b8ff95,92127264.0,2.0,8.30000019,f,7.1,0.0,APROVADO
37050,57564851,a86542bd8fc9e6e665e4897c20b8ff95,92127264.0,3.0,6.900000099999999,f,7.1,0.0,APROVADO
37051,57564851,2611cfc63edfc0980b1925fd819ec700,92127264.0,0,0,0,0,0,TRANCADO
37052,57564851,4c51c54d432c6987ab62172fc677201e,92127264.0,1.0,2.9000001,t,7.6,2.0,APROVADO
37053,57564851,4c51c54d432c6987ab62172fc677201e,92127264.0,2.0,9.30000019,f,7.6,2.0,APROVADO
37054,57564851,4c51c54d432c6987ab62172fc677201e,92127264.0,3.0,5.69999981,f,7.6,2.0,APROVADO
37059,57564851,fd3e47920988063d44319fa2c8d373da,92127264.0,1.0,6.19999981,f,5.0,2.0,APROVADO POR NOTA
37060,57564851,fd3e47920988063d44319fa2c8d373da,92127264.0,2.0,4.5,f,5.0,2.0,APROVADO POR NOTA
37061,57564851,fd3e47920988063d44319fa2c8d373da,92127264.0,3.0,1.89999998,t,5.0,2.0,APROVADO POR NOTA
37062,57564851,da437177e090ab90ea33ba772cfbae03,92127264.0,1.0,3.29999995,f,5.8,2.0,APROVADO POR NOTA
37063,57564851,da437177e090ab90ea33ba772cfbae03,92127264.0,2.0,7.30000019,f,5.8,2.0,APROVADO POR NOTA
37064,57564851,da437177e090ab90ea33ba772cfbae03,92127264.0,3.0,6.69999981,f,5.8,2.0,APROVADO POR NOTA
37065,57564851,1e1e279537c3a6e69f3f695e04844dcb,92127264.0,1.0,5.69999981,f,6.0,0.0,APROVADO POR NOTA
37066,57564851,1e1e279537c3a6e69f3f695e04844dcb,92127264.0,2.0,7.5,f,6.0,0.0,APROVADO POR NOTA
37067,57564851,1e1e279537c3a6e69f3f695e04844dcb,92127264.0,3.0,4.69999981,f,6.0,0.0,APROVADO POR NOTA
37068,57564851,4fb0d102a6ce0ddb9837f9bae921ebba,92127264.0,1.0,5.30000019,f,5.3,0.0,APROVADO POR NOTA
37069,57564851,4fb0d102a6ce0ddb9837f9bae921ebba,92127264.0,2.0,0.0,t,5.3,0.0,APROVADO POR NOTA
37070,57564851,4fb0d102a6ce0ddb9837f9bae921ebba,92127264.0,3.0,4.19999981,f,5.3,0.0,APROVADO POR NOTA
37074,57564851,88790547343038856c4dba8ee1a3bbe6,92127264.0,1.0,5.0999999,f,5.8,0.0,APROVADO POR NOTA
37075,57564851,88790547343038856c4dba8ee1a3bbe6,92127264.0,2.0,5.0999999,f,5.8,0.0,APROVADO POR NOTA
37076,57564851,88790547343038856c4dba8ee1a3bbe6,92127264.0,3.0,7.099999900000001,f,5.8,0.0,APROVADO POR NOTA
37077,57564851,f94fc6035baef2bf3865715534a13d96,92127264.0,1.0,7.30000019,f,7.2,0.0,APROVADO
37078,57564851,f94fc6035baef2bf3865715534a13d96,92127264.0,2.0,8.60000038,f,7.2,0.0,APROVADO
37079,57564851,f94fc6035baef2bf3865715534a13d96,92127264.0,3.0,5.5999999,f,7.2,0.0,APROVADO
37080,57564851,d26ea439ed2a5db2fe5c0a5e1a6dfc16,92127264.0,1.0,4.5,f,5.7,4.0,APROVADO POR NOTA
37081,57564851,d26ea439ed2a5db2fe5c0a5e1a6dfc16,92127264.0,2.0,6.19999981,f,5.7,4.0,APROVADO POR NOTA
37082,57564851,d26ea439ed2a5db2fe5c0a5e1a6dfc16,92127264.0,3.0,6.5,f,5.7,4.0,APROVADO POR NOTA
37321,57564854,25d5eca724a3eca9a55b0a9ac7bfb373,92127264.0,1.0,5.0999999,f,5.8,0.0,APROVADO POR NOTA
37322,57564854,25d5eca724a3eca9a55b0a9ac7bfb373,92127264.0,2.0,5.80000019,f,5.8,0.0,APROVADO POR NOTA
37323,57564854,25d5eca724a3eca9a55b0a9ac7bfb373,92127264.0,3.0,6.599999900000001,f,5.8,0.0,APROVADO POR NOTA
37324,57564854,7d6db9f655e9be38f58a9d4585a41398,92127264.0,1.0,5.0,f,5.9,2.0,APROVADO POR NOTA
37325,57564854,7d6db9f655e9be38f58a9d4585a41398,92127264.0,2.0,5.9000001,f,5.9,2.0,APROVADO POR NOTA
37326,57564854,7d6db9f655e9be38f58a9d4585a41398,92127264.0,3.0,6.900000099999999,f,5.9,2.0,APROVADO POR NOTA
37327,57564854,a2410084172411a8d725d347c9e26f2d,92127264.0,1.0,5.5,f,5.1,0.0,APROVADO POR NOTA
37328,57564854,a2410084172411a8d725d347c9e26f2d,92127264.0,2.0,3.79999995,t,5.1,0.0,APROVADO POR NOTA
37329,57564854,a2410084172411a8d725d347c9e26f2d,92127264.0,3.0,4.9000001,f,5.1,0.0,APROVADO POR NOTA
37331,57564854,bb92d6e13b9adaeac2f01cc81b87814b,92127264.0,1.0,6.599999900000001,f,7.0,0.0,APROVADO
37332,57564854,bb92d6e13b9adaeac2f01cc81b87814b,92127264.0,2.0,7.30000019,f,7.0,0.0,APROVADO
37333,57564854,bb92d6e13b9adaeac2f01cc81b87814b,92127264.0,3.0,7.099999900000001,f,7.0,0.0,APROVADO
37337,57564854,3937ba9886476e53a2eda1d4f6e067a9,92127264.0,1.0,6.19999981,f,2.9,4.0,REPROVADO
37338,57564854,3937ba9886476e53a2eda1d4f6e067a9,92127264.0,2.0,0.0,f,2.9,4.0,REPROVADO
37339,57564854,3937ba9886476e53a2eda1d4f6e067a9,92127264.0,3.0,2.5999999,f,2.9,4.0,REPROVADO
37343,57564854,945af83c78e2fc9c2f33431f481634b8,92127264.0,1.0,4.0,f,7.3,4.0,APROVADO
37344,57564854,945af83c78e2fc9c2f33431f481634b8,92127264.0,2.0,9.30000019,f,7.3,4.0,APROVADO
37345,57564854,945af83c78e2fc9c2f33431f481634b8,92127264.0,3.0,8.69999981,f,7.3,4.0,APROVADO
37346,57564854,cdb1ed591022eb45f637a33d234bd883,92127264.0,1.0,7.0,f,7.2,0.0,APROVADO
37347,57564854,cdb1ed591022eb45f637a33d234bd883,92127264.0,2.0,7.19999981,f,7.2,0.0,APROVADO
37348,57564854,cdb1ed591022eb45f637a33d234bd883,92127264.0,3.0,7.30000019,f,7.2,0.0,APROVADO
37349,57564854,3347b21ea109ce6e93fd275add4a0a0e,92127264.0,1.0,7.69999981,f,7.3,0.0,APROVADO
37350,57564854,3347b21ea109ce6e93fd275add4a0a0e,92127264.0,2.0,7.900000099999999,f,7.3,0.0,APROVADO
37351,57564854,3347b21ea109ce6e93fd275add4a0a0e,92127264.0,3.0,6.4000001,f,7.3,0.0,APROVADO
37352,57564854,b583f1c1e858b97a99e69e861aa23388,92127264.0,1.0,5.4000001,f,6.6,4.0,APROVADO POR NOTA
37353,57564854,b583f1c1e858b97a99e69e861aa23388,92127264.0,2.0,8.10000038,f,6.6,4.0,APROVADO POR NOTA
37354,57564854,b583f1c1e858b97a99e69e861aa23388,92127264.0,3.0,6.19999981,f,6.6,4.0,APROVADO POR NOTA
37355,57564854,e1366b1c58c910fbd4c781cb01782b57,92127264.0,1.0,3.0999999,f,2.6,6.0,REPROVADO
37356,57564854,e1366b1c58c910fbd4c781cb01782b57,92127264.0,2.0,4.80000019,f,2.6,6.0,REPROVADO
37357,57564854,e1366b1c58c910fbd4c781cb01782b57,92127264.0,3.0,0.0,f,2.6,6.0,REPROVADO
37358,57564854,4f7584faa2e12942b02da0a9f472d4ef,92127264.0,1.0,4.5999999,f,5.1,4.0,APROVADO POR NOTA
37359,57564854,4f7584faa2e12942b02da0a9f472d4ef,92127264.0,2.0,1.79999995,t,5.1,4.0,APROVADO POR NOTA
37360,57564854,4f7584faa2e12942b02da0a9f472d4ef,92127264.0,3.0,5.0,f,5.1,4.0,APROVADO POR NOTA
37361,57564854,0051970b8e57f667afa4ad2789426fa9,92127264.0,1.0,8.0,f,8.0,0.0,APROVADO
37362,57564854,0051970b8e57f667afa4ad2789426fa9,92127264.0,2.0,8.30000019,f,8.0,0.0,APROVADO
37363,57564854,0051970b8e57f667afa4ad2789426fa9,92127264.0,3.0,7.69999981,f,8.0,0.0,APROVADO
37364,57564854,d8b2771c5eb1e38847a67323eb2c7954,92127264.0,1.0,4.80000019,f,5.2,4.0,APROVADO POR NOTA
37365,57564854,d8b2771c5eb1e38847a67323eb2c7954,92127264.0,2.0,4.80000019,f,5.2,4.0,APROVADO POR NOTA
37366,57564854,d8b2771c5eb1e38847a67323eb2c7954,92127264.0,3.0,5.9000001,f,5.2,4.0,APROVADO POR NOTA
37367,57564854,4601d6c88fba4d646420f25fa5fcc2cf,92127264.0,1.0,4.9000001,f,7.1,4.0,APROVADO
37368,57564854,4601d6c88fba4d646420f25fa5fcc2cf,92127264.0,2.0,9.5,f,7.1,4.0,APROVADO
37369,57564854,4601d6c88fba4d646420f25fa5fcc2cf,92127264.0,3.0,7.0,f,7.1,4.0,APROVADO
37373,57564854,2727460eeb832023dbf9410f0de31e35,92127264.0,1.0,6.5,f,7.4,0.0,APROVADO
37374,57564854,2727460eeb832023dbf9410f0de31e35,92127264.0,2.0,7.599999900000001,f,7.4,0.0,APROVADO
37375,57564854,2727460eeb832023dbf9410f0de31e35,92127264.0,3.0,8.10000038,f,7.4,0.0,APROVADO
37376,57564854,df8630debcb30e12537d9515170842fc,92127264.0,1.0,7.099999900000001,f,6.7,0.0,APROVADO POR NOTA
37377,57564854,df8630debcb30e12537d9515170842fc,92127264.0,2.0,6.80000019,f,6.7,0.0,APROVADO POR NOTA
37378,57564854,df8630debcb30e12537d9515170842fc,92127264.0,3.0,6.0999999,f,6.7,0.0,APROVADO POR NOTA
37379,57564854,04db5ca11d1ed89498b4eb811dbebe1f,92127264.0,1.0,7.400000099999999,f,7.9,2.0,APROVADO
37380,57564854,04db5ca11d1ed89498b4eb811dbebe1f,92127264.0,2.0,7.599999900000001,f,7.9,2.0,APROVADO
37381,57564854,04db5ca11d1ed89498b4eb811dbebe1f,92127264.0,3.0,8.69999981,f,7.9,2.0,APROVADO
37384,57564854,a72bccab267a747457e83f3e45587495,92127264.0,3.0,7.599999900000001,f,6.8,0.0,APROVADO POR NOTA
37385,57564854,a72bccab267a747457e83f3e45587495,92127264.0,1.0,5.69999981,f,6.8,0.0,APROVADO POR NOTA
37386,57564854,a72bccab267a747457e83f3e45587495,92127264.0,2.0,7.0,f,6.8,0.0,APROVADO POR NOTA
37389,57564854,c6d39544bf76588ec9300d4546fdc16c,92127264.0,1.0,4.099999899999999,f,2.2,6.0,REPROVADO
37390,57564854,c6d39544bf76588ec9300d4546fdc16c,92127264.0,2.0,0.0,f,2.2,6.0,REPROVADO
37391,57564854,c6d39544bf76588ec9300d4546fdc16c,92127264.0,3.0,2.4000001,f,2.2,6.0,REPROVADO
37392,57564854,89eb96838e5bad0fb7ae5f32b2003a6d,92127264.0,1.0,6.5,f,6.8,2.0,APROVADO POR NOTA
37393,57564854,89eb96838e5bad0fb7ae5f32b2003a6d,92127264.0,2.0,6.599999900000001,f,6.8,2.0,APROVADO POR NOTA
37394,57564854,89eb96838e5bad0fb7ae5f32b2003a6d,92127264.0,3.0,7.19999981,f,6.8,2.0,APROVADO POR NOTA
37395,57564854,c6e6b75a1e8fb3912dc281802313a782,92127264.0,1.0,6.900000099999999,f,8.1,2.0,APROVADO
37396,57564854,c6e6b75a1e8fb3912dc281802313a782,92127264.0,2.0,9.60000038,f,8.1,2.0,APROVADO
37397,57564854,c6e6b75a1e8fb3912dc281802313a782,92127264.0,3.0,7.69999981,f,8.1,2.0,APROVADO
37398,57564854,03a9e4938c1b3a36f7793a690063008c,92127264.0,1.0,3.20000005,f,3.9,10.0,REPROVADO
37399,57564854,03a9e4938c1b3a36f7793a690063008c,92127264.0,2.0,4.5,f,3.9,10.0,REPROVADO
37400,57564854,03a9e4938c1b3a36f7793a690063008c,92127264.0,3.0,3.9000001,f,3.9,10.0,REPROVADO
37417,57564854,2737d1bf2f063605e3691be1a76f0507,92127264.0,1.0,6.0999999,f,7.4,2.0,APROVADO
37418,57564854,2737d1bf2f063605e3691be1a76f0507,92127264.0,2.0,9.0,f,7.4,2.0,APROVADO
37419,57564854,2737d1bf2f063605e3691be1a76f0507,92127264.0,3.0,7.0,f,7.4,2.0,APROVADO
37420,57564854,d3f543853da6cb8c918524383f068cb9,92127264.0,2.0,6.0,f,6.3,2.0,APROVADO POR NOTA
37421,57564854,d3f543853da6cb8c918524383f068cb9,92127264.0,3.0,7.400000099999999,f,6.3,2.0,APROVADO POR NOTA
37422,57564854,d3f543853da6cb8c918524383f068cb9,92127264.0,1.0,5.4000001,f,6.3,2.0,APROVADO POR NOTA
37423,57564854,29b63d2c7c4c63ea63fb33e362c47598,92127264.0,1.0,5.0999999,f,5.3,0.0,APROVADO POR NOTA
37424,57564854,29b63d2c7c4c63ea63fb33e362c47598,92127264.0,2.0,4.80000019,f,5.3,0.0,APROVADO POR NOTA
37425,57564854,29b63d2c7c4c63ea63fb33e362c47598,92127264.0,3.0,6.0,f,5.3,0.0,APROVADO POR NOTA
37426,57564854,6402926955c533d43b5bfa881472ef0f,92127264.0,1.0,4.5999999,f,5.8,0.0,APROVADO POR NOTA
37427,57564854,6402926955c533d43b5bfa881472ef0f,92127264.0,2.0,7.099999900000001,f,5.8,0.0,APROVADO POR NOTA
37428,57564854,6402926955c533d43b5bfa881472ef0f,92127264.0,3.0,5.5999999,f,5.8,0.0,APROVADO POR NOTA
39785,57568485,32daafffbc274ee74e2c8ea9f9b792a6,92127264.0,1.0,0.0,f,0.0,82.0,REPROVADO POR MÉDIA E POR FALTAS
39786,57568485,32daafffbc274ee74e2c8ea9f9b792a6,92127264.0,2.0,0.0,f,0.0,82.0,REPROVADO POR MÉDIA E POR FALTAS
39787,57568485,32daafffbc274ee74e2c8ea9f9b792a6,92127264.0,3.0,0.0,f,0.0,82.0,REPROVADO POR MÉDIA E POR FALTAS
40170,57566698,69d022c2924a232b8a0ca9e0ac7da317,92127264.0,1.0,0.8999999759999999,f,0.9,0.0,REPROVADO
40171,57566698,69d022c2924a232b8a0ca9e0ac7da317,92127264.0,2.0,1.79999995,f,0.9,0.0,REPROVADO
40172,57566698,69d022c2924a232b8a0ca9e0ac7da317,92127264.0,3.0,0.0,f,0.9,0.0,REPROVADO
40173,57566698,768519e21c9db3641c7c0d26e55d5574,92127264.0,1.0,4.5999999,f,4.5,0.0,REPROVADO
40174,57566698,768519e21c9db3641c7c0d26e55d5574,92127264.0,2.0,3.0,f,4.5,0.0,REPROVADO
40175,57566698,768519e21c9db3641c7c0d26e55d5574,92127264.0,3.0,6.0,f,4.5,0.0,REPROVADO
40176,57566698,d2ebea0c1ebded5adcf2e6eb2d919b9a,92127264.0,1.0,7.5,f,9.2,0.0,APROVADO
40177,57566698,d2ebea0c1ebded5adcf2e6eb2d919b9a,92127264.0,2.0,10.0,f,9.2,0.0,APROVADO
40178,57566698,d2ebea0c1ebded5adcf2e6eb2d919b9a,92127264.0,3.0,10.0,f,9.2,0.0,APROVADO
40212,57566698,a9d5358e13241d1fc953196fa2983412,92127264.0,1.0,3.0,f,5.0,0.0,APROVADO POR NOTA
40213,57566698,a9d5358e13241d1fc953196fa2983412,92127264.0,2.0,3.79999995,f,5.0,0.0,APROVADO POR NOTA
40214,57566698,a9d5358e13241d1fc953196fa2983412,92127264.0,3.0,8.19999981,f,5.0,0.0,APROVADO POR NOTA
43502,57568485,32daafffbc274ee74e2c8ea9f9b792a6,92127264.0,1.0,0.0,f,0.0,82.0,REPROVADO POR MÉDIA E POR FALTAS
43503,57568485,32daafffbc274ee74e2c8ea9f9b792a6,92127264.0,2.0,0.0,f,0.0,82.0,REPROVADO POR MÉDIA E POR FALTAS
43504,57568485,32daafffbc274ee74e2c8ea9f9b792a6,92127264.0,3.0,0.0,f,0.0,82.0,REPROVADO POR MÉDIA E POR FALTAS
46801,57566689,2f88ff7e6e0e58cb307f6e6c4dbd80e3,92127264.0,0,0,0,0,0,DESISTENCIA
46817,57566689,bc2bc7b8d6d7550aeaf952fd146e716e,92127264.0,0,0,0,0,0,DESISTENCIA
52327,57564818,e6cdfc6ba7edb9e72e88b259112088c6,92127264.0,1.0,8.0,f,8.2,4.0,APROVADO
52328,57564818,e6cdfc6ba7edb9e72e88b259112088c6,92127264.0,2.0,6.5,f,8.2,4.0,APROVADO
52329,57564818,e6cdfc6ba7edb9e72e88b259112088c6,92127264.0,3.0,10.0,f,8.2,4.0,APROVADO
52330,57564818,fa59fcc35019ddcd80bc63a4b30192d0,92127264.0,1.0,10.0,f,10.0,2.0,APROVADO
52331,57564818,fa59fcc35019ddcd80bc63a4b30192d0,92127264.0,2.0,10.0,f,10.0,2.0,APROVADO
52332,57564818,fa59fcc35019ddcd80bc63a4b30192d0,92127264.0,3.0,10.0,f,10.0,2.0,APROVADO
52333,57564818,3f262f8a7b11adc284750418506c7f94,92127264.0,1.0,3.5,f,2.3,16.0,REPROVADO POR MÉDIA E POR FALTAS
52334,57564818,3f262f8a7b11adc284750418506c7f94,92127264.0,2.0,0.0,f,2.3,16.0,REPROVADO POR MÉDIA E POR FALTAS
52335,57564818,3f262f8a7b11adc284750418506c7f94,92127264.0,3.0,3.5,f,2.3,16.0,REPROVADO POR MÉDIA E POR FALTAS
52336,57564818,99e5e29d16566a2bed71732ecba19849,92127264.0,1.0,4.0,f,1.3,4.0,REPROVADO
52337,57564818,99e5e29d16566a2bed71732ecba19849,92127264.0,2.0,0.0,f,1.3,4.0,REPROVADO
52338,57564818,99e5e29d16566a2bed71732ecba19849,92127264.0,3.0,0.0,f,1.3,4.0,REPROVADO
52339,57564818,679c140c591149567fb371703ba24cef,92127264.0,3.0,10.0,f,6.8,4.0,APROVADO POR NOTA
52340,57564818,679c140c591149567fb371703ba24cef,92127264.0,1.0,6.0,f,6.8,4.0,APROVADO POR NOTA
52341,57564818,679c140c591149567fb371703ba24cef,92127264.0,2.0,4.5,f,6.8,4.0,APROVADO POR NOTA
52342,57564818,88790547343038856c4dba8ee1a3bbe6,92127264.0,1.0,5.0,f,1.7,8.0,REPROVADO
52343,57564818,88790547343038856c4dba8ee1a3bbe6,92127264.0,2.0,0.0,f,1.7,8.0,REPROVADO
52344,57564818,88790547343038856c4dba8ee1a3bbe6,92127264.0,3.0,0.0,f,1.7,8.0,REPROVADO
52346,57564818,9d78bef9cf3602ea7e25f55cf79ae0db,92127264.0,1.0,9.0,f,8.8,7.0,APROVADO
52347,57564818,9d78bef9cf3602ea7e25f55cf79ae0db,92127264.0,2.0,7.5,f,8.8,7.0,APROVADO
52348,57564818,9d78bef9cf3602ea7e25f55cf79ae0db,92127264.0,3.0,10.0,f,8.8,7.0,APROVADO
52349,57564818,21f431743a2e10ec0179a8f172a682a2,92127264.0,1.0,9.0,f,7.2,2.0,APROVADO
52350,57564818,21f431743a2e10ec0179a8f172a682a2,92127264.0,2.0,2.5,f,7.2,2.0,APROVADO
52351,57564818,21f431743a2e10ec0179a8f172a682a2,92127264.0,3.0,10.0,f,7.2,2.0,APROVADO
52352,57564818,b41962dbdf2c399278387568c820ac90,92127264.0,1.0,10.0,f,8.8,4.0,APROVADO
52353,57564818,b41962dbdf2c399278387568c820ac90,92127264.0,2.0,6.5,f,8.8,4.0,APROVADO
52354,57564818,b41962dbdf2c399278387568c820ac90,92127264.0,3.0,9.80000019,f,8.8,4.0,APROVADO
52355,57564818,d7d8b8da956d726a0c4b65a49a8dfffd,92127264.0,1.0,5.0,f,2.0,10.0,REPROVADO POR MÉDIA E POR FALTAS
52356,57564818,d7d8b8da956d726a0c4b65a49a8dfffd,92127264.0,2.0,1.0,f,2.0,10.0,REPROVADO POR MÉDIA E POR FALTAS
52357,57564818,d7d8b8da956d726a0c4b65a49a8dfffd,92127264.0,3.0,0.0,f,2.0,10.0,REPROVADO POR MÉDIA E POR FALTAS
52359,57564818,a8e0be6d1f80a287bc04c8b2aad01580,92127264.0,1.0,0.0,f,0.0,22.0,REPROVADO POR MÉDIA E POR FALTAS
52360,57564818,a8e0be6d1f80a287bc04c8b2aad01580,92127264.0,2.0,0.0,f,0.0,22.0,REPROVADO POR MÉDIA E POR FALTAS
52361,57564818,a8e0be6d1f80a287bc04c8b2aad01580,92127264.0,3.0,0.0,f,0.0,22.0,REPROVADO POR MÉDIA E POR FALTAS
52366,57564818,01520db6ce2ca85f5b119463328ccb93,92127264.0,1.0,7.5,f,6.2,4.0,APROVADO POR NOTA
52367,57564818,01520db6ce2ca85f5b119463328ccb93,92127264.0,2.0,5.5,f,6.2,4.0,APROVADO POR NOTA
52368,57564818,01520db6ce2ca85f5b119463328ccb93,92127264.0,3.0,5.5,f,6.2,4.0,APROVADO POR NOTA
52369,57564818,5a362b6c394f14f12a8867d0c0494641,92127264.0,1.0,9.5,f,8.5,5.0,APROVADO
52370,57564818,5a362b6c394f14f12a8867d0c0494641,92127264.0,2.0,6.0,f,8.5,5.0,APROVADO
52371,57564818,5a362b6c394f14f12a8867d0c0494641,92127264.0,3.0,10.0,f,8.5,5.0,APROVADO
52372,57564818,774568ed670a68e9c07da231310e3ab9,92127264.0,1.0,8.0,f,6.3,3.0,APROVADO POR NOTA
52373,57564818,774568ed670a68e9c07da231310e3ab9,92127264.0,2.0,0.5,t,6.3,3.0,APROVADO POR NOTA
52374,57564818,774568ed670a68e9c07da231310e3ab9,92127264.0,3.0,6.5,f,6.3,3.0,APROVADO POR NOTA
52375,57564818,dc161e20bc0f55c1f1c1c9f234a9f2fa,92127264.0,1.0,6.0,f,4.1,12.0,REPROVADO POR MÉDIA E POR FALTAS
52376,57564818,dc161e20bc0f55c1f1c1c9f234a9f2fa,92127264.0,2.0,0.0,f,4.1,12.0,REPROVADO POR MÉDIA E POR FALTAS
52377,57564818,dc161e20bc0f55c1f1c1c9f234a9f2fa,92127264.0,3.0,6.30000019,f,4.1,12.0,REPROVADO POR MÉDIA E POR FALTAS
52378,57564818,c1f3ad0fcde65ba2674759fb0387082e,92127264.0,1.0,9.0,f,6.4,8.0,APROVADO POR NOTA
52379,57564818,c1f3ad0fcde65ba2674759fb0387082e,92127264.0,2.0,6.5,f,6.4,8.0,APROVADO POR NOTA
52380,57564818,c1f3ad0fcde65ba2674759fb0387082e,92127264.0,3.0,3.79999995,f,6.4,8.0,APROVADO POR NOTA
52381,57564818,9c8c21e07fb93342e39e3564779181cb,92127264.0,1.0,7.5,f,6.7,6.0,APROVADO POR NOTA
52382,57564818,9c8c21e07fb93342e39e3564779181cb,92127264.0,2.0,4.5,f,6.7,6.0,APROVADO POR NOTA
52383,57564818,9c8c21e07fb93342e39e3564779181cb,92127264.0,3.0,8.0,f,6.7,6.0,APROVADO POR NOTA
54650,57564821,f250d74dc7561f1f4f5e39242df98be1,92127264.0,1.0,6.0,f,6.3,5.0,APROVADO POR NOTA
54651,57564821,f250d74dc7561f1f4f5e39242df98be1,92127264.0,2.0,2.70000005,t,6.3,5.0,APROVADO POR NOTA
54652,57564821,f250d74dc7561f1f4f5e39242df98be1,92127264.0,3.0,6.80000019,f,6.3,5.0,APROVADO POR NOTA
54656,57564821,ccece052e4da7294d46957f07a89a077,92127264.0,1.0,9.0,f,6.8,8.0,APROVADO POR NOTA
54657,57564821,ccece052e4da7294d46957f07a89a077,92127264.0,2.0,5.0,f,6.8,8.0,APROVADO POR NOTA
54658,57564821,ccece052e4da7294d46957f07a89a077,92127264.0,3.0,6.5,f,6.8,8.0,APROVADO POR NOTA
54659,57564821,80bba1afdcbe8e69bb840181d41388a1,92127264.0,1.0,1.5,f,0.5,14.0,REPROVADO POR MÉDIA E POR FALTAS
54660,57564821,80bba1afdcbe8e69bb840181d41388a1,92127264.0,2.0,0.0,f,0.5,14.0,REPROVADO POR MÉDIA E POR FALTAS
54661,57564821,80bba1afdcbe8e69bb840181d41388a1,92127264.0,3.0,0.0,f,0.5,14.0,REPROVADO POR MÉDIA E POR FALTAS
54662,57564821,f8177d63d1507a592ffc0d33db70a4f7,92127264.0,1.0,1.5,f,0.5,22.0,REPROVADO POR MÉDIA E POR FALTAS
54663,57564821,f8177d63d1507a592ffc0d33db70a4f7,92127264.0,2.0,0.0,f,0.5,22.0,REPROVADO POR MÉDIA E POR FALTAS
54664,57564821,f8177d63d1507a592ffc0d33db70a4f7,92127264.0,3.0,0.0,f,0.5,22.0,REPROVADO POR MÉDIA E POR FALTAS
54668,57564821,bf797d2f088087988a830799e5e8d316,92127264.0,1.0,0.0,f,0.0,32.0,REPROVADO POR MÉDIA E POR FALTAS
54669,57564821,bf797d2f088087988a830799e5e8d316,92127264.0,2.0,0.0,f,0.0,32.0,REPROVADO POR MÉDIA E POR FALTAS
54670,57564821,bf797d2f088087988a830799e5e8d316,92127264.0,3.0,0.0,f,0.0,32.0,REPROVADO POR MÉDIA E POR FALTAS
54671,57564821,93f66b753448dac075f1842d66b1c5a9,92127264.0,1.0,0.0,f,0,12.0,TRANCADO
54672,57564821,93f66b753448dac075f1842d66b1c5a9,92127264.0,2.0,0,f,0,12.0,TRANCADO
54673,57564821,93f66b753448dac075f1842d66b1c5a9,92127264.0,3.0,0,f,0,12.0,TRANCADO
54674,57564821,fd67ce939432d220dc3ab6030c9b349f,92127264.0,1.0,8.0,f,8.0,6.0,APROVADO
54675,57564821,fd67ce939432d220dc3ab6030c9b349f,92127264.0,2.0,2.0,t,8.0,6.0,APROVADO
54676,57564821,fd67ce939432d220dc3ab6030c9b349f,92127264.0,3.0,6.5,f,8.0,6.0,APROVADO
57050,57564847,46665a614e41672cc0e7ab15d2acacf1,92127264.0,1.0,9.39999962,f,9.0,4.0,APROVADO
57051,57564847,46665a614e41672cc0e7ab15d2acacf1,92127264.0,2.0,9.10000038,f,9.0,4.0,APROVADO
57052,57564847,46665a614e41672cc0e7ab15d2acacf1,92127264.0,3.0,8.5,f,9.0,4.0,APROVADO
57053,57564847,61b49c330f8ac0a64a6903ca154740f7,92127264.0,1.0,4.80000019,f,2.8,46.0,REPROVADO POR MÉDIA E POR FALTAS
57054,57564847,61b49c330f8ac0a64a6903ca154740f7,92127264.0,2.0,3.5,f,2.8,46.0,REPROVADO POR MÉDIA E POR FALTAS
57055,57564847,61b49c330f8ac0a64a6903ca154740f7,92127264.0,3.0,0.0,f,2.8,46.0,REPROVADO POR MÉDIA E POR FALTAS
57056,57564847,617c2e34e148a00577d0efeda6edd8ec,92127264.0,0,0,0,0,0,DESISTENCIA
57057,57564847,9d8dcee687180154493648b599a313c3,92127264.0,1.0,7.0,f,2.9,76.0,REPROVADO POR MÉDIA E POR FALTAS
57058,57564847,9d8dcee687180154493648b599a313c3,92127264.0,2.0,1.79999995,f,2.9,76.0,REPROVADO POR MÉDIA E POR FALTAS
57059,57564847,9d8dcee687180154493648b599a313c3,92127264.0,3.0,0.0,f,2.9,76.0,REPROVADO POR MÉDIA E POR FALTAS
57060,57564847,e023a67a7bf65d86e71bb690e4cb2ba1,92127264.0,0,0,0,0,0,TRANCADO
57061,57564847,8336cceaf3e6275f4bd0611280702f1e,92127264.0,1.0,5.5,f,2.8,20.0,REPROVADO
57062,57564847,8336cceaf3e6275f4bd0611280702f1e,92127264.0,2.0,2.79999995,f,2.8,20.0,REPROVADO
57063,57564847,8336cceaf3e6275f4bd0611280702f1e,92127264.0,3.0,0.0,f,2.8,20.0,REPROVADO
57064,57564847,8704f185e8ae317c72ea205b466f1845,92127264.0,1.0,7.400000099999999,f,5.7,29.0,APROVADO POR NOTA
57065,57564847,8704f185e8ae317c72ea205b466f1845,92127264.0,2.0,6.0999999,f,5.7,29.0,APROVADO POR NOTA
57066,57564847,8704f185e8ae317c72ea205b466f1845,92127264.0,3.0,3.70000005,f,5.7,29.0,APROVADO POR NOTA
57067,57564847,27c5adb3b003e96f4171dfefe69835fe,92127264.0,1.0,9.10000038,f,9.3,6.0,APROVADO
57068,57564847,27c5adb3b003e96f4171dfefe69835fe,92127264.0,2.0,9.10000038,f,9.3,6.0,APROVADO
57069,57564847,27c5adb3b003e96f4171dfefe69835fe,92127264.0,3.0,9.80000019,f,9.3,6.0,APROVADO
57070,57564847,38d08da2154ffa249889118d73ffdad3,92127264.0,0,0,0,0,0,TRANCADO
57071,57564847,7654b9422f2d9d22dd627991a237eb39,92127264.0,1.0,2.9000001,f,1.1,48.0,REPROVADO POR MÉDIA E POR FALTAS
57072,57564847,7654b9422f2d9d22dd627991a237eb39,92127264.0,2.0,0.400000006,f,1.1,48.0,REPROVADO POR MÉDIA E POR FALTAS
57073,57564847,7654b9422f2d9d22dd627991a237eb39,92127264.0,3.0,0.0,f,1.1,48.0,REPROVADO POR MÉDIA E POR FALTAS
57074,57564847,c22b39f1343c183dc05a6e8a027a17bb,92127264.0,1.0,9.5,f,7.1,0.0,APROVADO
57075,57564847,c22b39f1343c183dc05a6e8a027a17bb,92127264.0,2.0,8.0,f,7.1,0.0,APROVADO
57076,57564847,c22b39f1343c183dc05a6e8a027a17bb,92127264.0,3.0,3.9000001,f,7.1,0.0,APROVADO
57081,57564847,f94fc6035baef2bf3865715534a13d96,92127264.0,1.0,3.0,f,1.8,20.0,REPROVADO
57082,57564847,f94fc6035baef2bf3865715534a13d96,92127264.0,2.0,2.4000001,f,1.8,20.0,REPROVADO
57083,57564847,f94fc6035baef2bf3865715534a13d96,92127264.0,3.0,0.0,f,1.8,20.0,REPROVADO
57084,57564847,8ac0038ac22bc02fbbd50f5716e63380,92127264.0,1.0,1.5,f,0.5,76.0,REPROVADO POR MÉDIA E POR FALTAS
57085,57564847,8ac0038ac22bc02fbbd50f5716e63380,92127264.0,2.0,0.0,f,0.5,76.0,REPROVADO POR MÉDIA E POR FALTAS
57086,57564847,8ac0038ac22bc02fbbd50f5716e63380,92127264.0,3.0,0.0,f,0.5,76.0,REPROVADO POR MÉDIA E POR FALTAS
58300,57564073,46ca5bcc0383d2734d26bf3bcc201b5a,92127264.0,1.0,9.5,f,9.5,4.0,APROVADO
58301,57564073,46ca5bcc0383d2734d26bf3bcc201b5a,92127264.0,2.0,10.0,f,9.5,4.0,APROVADO
58302,57564073,46ca5bcc0383d2734d26bf3bcc201b5a,92127264.0,3.0,9.0,f,9.5,4.0,APROVADO
58309,57564073,4c51c54d432c6987ab62172fc677201e,92127264.0,1.0,8.5,f,9.1,10.0,REPROVADO POR FALTAS
58310,57564073,4c51c54d432c6987ab62172fc677201e,92127264.0,2.0,9.5,f,9.1,10.0,REPROVADO POR FALTAS
58311,57564073,4c51c54d432c6987ab62172fc677201e,92127264.0,3.0,9.30000019,f,9.1,10.0,REPROVADO POR FALTAS
58348,57564073,823c04f19b91bd6be7587b40ce160223,92127264.0,1.0,0.0,f,0.0,30.0,REPROVADO POR MÉDIA E POR FALTAS
58349,57564073,823c04f19b91bd6be7587b40ce160223,92127264.0,2.0,0.0,f,0.0,30.0,REPROVADO POR MÉDIA E POR FALTAS
58350,57564073,823c04f19b91bd6be7587b40ce160223,92127264.0,3.0,0.0,f,0.0,30.0,REPROVADO POR MÉDIA E POR FALTAS
58580,57563902,d2ebea0c1ebded5adcf2e6eb2d919b9a,92127264.0,1.0,8.19999981,f,9.7,30.0,APROVADO
58581,57563902,d2ebea0c1ebded5adcf2e6eb2d919b9a,92127264.0,2.0,7.5,f,9.7,30.0,APROVADO
58582,57563902,d2ebea0c1ebded5adcf2e6eb2d919b9a,92127264.0,3.0,0.0,f,9.7,30.0,APROVADO
59452,57565140,6a70ede0992cec29bc1d4290ebdc1a6c,92127264.0,0,0,0,0,0,DESISTENCIA
59453,57565140,3937ba9886476e53a2eda1d4f6e067a9,92127264.0,1.0,10.0,f,8.8,12.0,APROVADO
59454,57565140,3937ba9886476e53a2eda1d4f6e067a9,92127264.0,2.0,9.0,f,8.8,12.0,APROVADO
59455,57565140,3937ba9886476e53a2eda1d4f6e067a9,92127264.0,3.0,7.400000099999999,f,8.8,12.0,APROVADO
59456,57565140,4120da6763c98152ecabdc8a07f4903d,92127264.0,2.0,6.5,f,8.3,16.0,APROVADO
59457,57565140,4120da6763c98152ecabdc8a07f4903d,92127264.0,3.0,8.30000019,f,8.3,16.0,APROVADO
59458,57565140,4120da6763c98152ecabdc8a07f4903d,92127264.0,1.0,10.0,f,8.3,16.0,APROVADO
59459,57565140,768519e21c9db3641c7c0d26e55d5574,92127264.0,1.0,10.0,f,9.8,6.0,APROVADO
59460,57565140,768519e21c9db3641c7c0d26e55d5574,92127264.0,2.0,10.0,f,9.8,6.0,APROVADO
59461,57565140,768519e21c9db3641c7c0d26e55d5574,92127264.0,3.0,9.30000019,f,9.8,6.0,APROVADO
59462,57565140,89eb96838e5bad0fb7ae5f32b2003a6d,92127264.0,1.0,0,f,0,0.0,TRANCADO
59463,57565140,89eb96838e5bad0fb7ae5f32b2003a6d,92127264.0,2.0,0,f,0,0.0,TRANCADO
59464,57565140,89eb96838e5bad0fb7ae5f32b2003a6d,92127264.0,3.0,0,f,0,0.0,TRANCADO
59465,57565140,8f13778f5befaef470ce3baf10a99d98,92127264.0,1.0,0,f,0,0.0,TRANCADO
59466,57565140,8f13778f5befaef470ce3baf10a99d98,92127264.0,2.0,0,f,0,0.0,TRANCADO
59467,57565140,8f13778f5befaef470ce3baf10a99d98,92127264.0,3.0,0,f,0,0.0,TRANCADO
59468,57565140,53890acbe28162acd131b308656482fc,92127264.0,1.0,8.5,f,6.6,18.0,APROVADO POR NOTA
59469,57565140,53890acbe28162acd131b308656482fc,92127264.0,2.0,4.5,f,6.6,18.0,APROVADO POR NOTA
59470,57565140,53890acbe28162acd131b308656482fc,92127264.0,3.0,6.900000099999999,f,6.6,18.0,APROVADO POR NOTA
59471,57565140,761f231943a37ff29272bc3b4020fe0d,92127264.0,1.0,9.5,f,9.2,12.0,APROVADO
59472,57565140,761f231943a37ff29272bc3b4020fe0d,92127264.0,2.0,9.0,f,9.2,12.0,APROVADO
59473,57565140,761f231943a37ff29272bc3b4020fe0d,92127264.0,3.0,9.19999981,f,9.2,12.0,APROVADO
59474,57565140,c0e9e25e9c66b9a359d6bd6b533a20f9,92127264.0,0,0,0,0,0,DESISTENCIA
60112,57563145,761f231943a37ff29272bc3b4020fe0d,92127264.0,0,0,0,0,0,DESISTENCIA
61353,57564877,6e937627849c1ee4ee610426a859caab,92127264.0,1.0,9.80000019,f,9.8,0.0,APROVADO
61354,57564877,6e937627849c1ee4ee610426a859caab,92127264.0,2.0,9.5,f,9.8,0.0,APROVADO
61355,57564877,6e937627849c1ee4ee610426a859caab,92127264.0,3.0,10.0,f,9.8,0.0,APROVADO
61356,57564877,e381d3914b49c2b9dee37cc30438c7fb,92127264.0,1.0,0.0,f,0,0.0,TRANCADO
61357,57564877,e381d3914b49c2b9dee37cc30438c7fb,92127264.0,2.0,0,f,0,0.0,TRANCADO
61358,57564877,e381d3914b49c2b9dee37cc30438c7fb,92127264.0,3.0,0,f,0,0.0,TRANCADO
61359,57564877,cdf99402c72f8d20aa224ef307623751,92127264.0,0,0,0,0,0,DESISTENCIA
74973,57564838,875e36aa18dd612f437445ab8af4a710,92127264.0,0,0,0,0,0,TRANCADO
74974,57564838,3bb00a5655ef8884b4af55d4a2a65af6,92127264.0,1.0,5.5,f,2.3,18.0,REPROVADO POR MÉDIA E POR FALTAS
74975,57564838,3bb00a5655ef8884b4af55d4a2a65af6,92127264.0,2.0,1.5,f,2.3,18.0,REPROVADO POR MÉDIA E POR FALTAS
74976,57564838,3bb00a5655ef8884b4af55d4a2a65af6,92127264.0,3.0,0.0,f,2.3,18.0,REPROVADO POR MÉDIA E POR FALTAS
74980,57564838,945af83c78e2fc9c2f33431f481634b8,92127264.0,1.0,10.0,f,8.7,9.0,APROVADO
74981,57564838,945af83c78e2fc9c2f33431f481634b8,92127264.0,2.0,8.5,f,8.7,9.0,APROVADO
74982,57564838,945af83c78e2fc9c2f33431f481634b8,92127264.0,3.0,7.5,f,8.7,9.0,APROVADO
77630,57566066,a72bccab267a747457e83f3e45587495,92127264.0,0,0,0,0,0,TRANCADO
77726,57565773,dd91e13bd82ebee8ef7105c552ec10e9,92127264.0,1.0,6.69999981,f,5.6,4.0,APROVADO POR NOTA
77727,57565773,dd91e13bd82ebee8ef7105c552ec10e9,92127264.0,2.0,5.5,f,5.6,4.0,APROVADO POR NOTA
77728,57565773,dd91e13bd82ebee8ef7105c552ec10e9,92127264.0,3.0,0.800000012,t,5.6,4.0,APROVADO POR NOTA
78507,57565762,cb8985e7e20a68f82f3229c857a2221c,92127264.0,1.0,0,f,0,16.0,TRANCADO
78508,57565762,cb8985e7e20a68f82f3229c857a2221c,92127264.0,2.0,0,f,0,16.0,TRANCADO
78509,57565762,cb8985e7e20a68f82f3229c857a2221c,92127264.0,3.0,0,f,0,16.0,TRANCADO
78793,57565775,2f88ff7e6e0e58cb307f6e6c4dbd80e3,92127264.0,2.0,0.0,f,0.1,0.0,REPROVADO
78794,57565775,2f88ff7e6e0e58cb307f6e6c4dbd80e3,92127264.0,3.0,0.10000000099999999,f,0.1,0.0,REPROVADO
78795,57565775,2f88ff7e6e0e58cb307f6e6c4dbd80e3,92127264.0,1.0,0.10000000099999999,f,0.1,0.0,REPROVADO
80328,57564836,41a0fc5b21f574bff1124ce4193798dd,92127264.0,2.0,1.0,t,5.2,4.0,APROVADO POR NOTA
80329,57564836,41a0fc5b21f574bff1124ce4193798dd,92127264.0,3.0,7.900000099999999,f,5.2,4.0,APROVADO POR NOTA
80330,57564836,41a0fc5b21f574bff1124ce4193798dd,92127264.0,1.0,4.69999981,f,5.2,4.0,APROVADO POR NOTA
80331,57564836,3a93cf9223126865d5c1f2a987452e56,92127264.0,1.0,2.0999999,t,6.6,6.0,APROVADO POR NOTA
80332,57564836,3a93cf9223126865d5c1f2a987452e56,92127264.0,2.0,7.5,f,6.6,6.0,APROVADO POR NOTA
80333,57564836,3a93cf9223126865d5c1f2a987452e56,92127264.0,3.0,7.69999981,f,6.6,6.0,APROVADO POR NOTA
80334,57564836,d8b2771c5eb1e38847a67323eb2c7954,92127264.0,3.0,0.0,f,0.8,20.0,REPROVADO POR MÉDIA E POR FALTAS
80335,57564836,d8b2771c5eb1e38847a67323eb2c7954,92127264.0,1.0,2.5,f,0.8,20.0,REPROVADO POR MÉDIA E POR FALTAS
80336,57564836,d8b2771c5eb1e38847a67323eb2c7954,92127264.0,2.0,0.0,f,0.8,20.0,REPROVADO POR MÉDIA E POR FALTAS
80337,57564836,fd6dc7aa91317652835ab7557a5e09ea,92127264.0,1.0,4.19999981,f,7.5,8.0,APROVADO
80338,57564836,fd6dc7aa91317652835ab7557a5e09ea,92127264.0,2.0,9.80000019,f,7.5,8.0,APROVADO
80339,57564836,fd6dc7aa91317652835ab7557a5e09ea,92127264.0,3.0,8.5,f,7.5,8.0,APROVADO
80340,57564836,9bf92154ba99ff3f6fca90bfa35d0e8d,92127264.0,1.0,0.0,f,0.0,34.0,REPROVADO POR MÉDIA E POR FALTAS
80341,57564836,9bf92154ba99ff3f6fca90bfa35d0e8d,92127264.0,2.0,0.0,f,0.0,34.0,REPROVADO POR MÉDIA E POR FALTAS
80342,57564836,9bf92154ba99ff3f6fca90bfa35d0e8d,92127264.0,3.0,0.0,f,0.0,34.0,REPROVADO POR MÉDIA E POR FALTAS
80343,57564836,e58061a63d58fd3dccf5d3ec10d71731,92127264.0,1.0,0.0,f,0.0,36.0,REPROVADO POR MÉDIA E POR FALTAS
80344,57564836,e58061a63d58fd3dccf5d3ec10d71731,92127264.0,2.0,0.0,f,0.0,36.0,REPROVADO POR MÉDIA E POR FALTAS
80345,57564836,e58061a63d58fd3dccf5d3ec10d71731,92127264.0,3.0,0.0,f,0.0,36.0,REPROVADO POR MÉDIA E POR FALTAS
80349,57564836,a72bccab267a747457e83f3e45587495,92127264.0,1.0,5.30000019,f,5.4,8.0,APROVADO POR NOTA
80350,57564836,a72bccab267a747457e83f3e45587495,92127264.0,2.0,3.0999999,f,5.4,8.0,APROVADO POR NOTA
80351,57564836,a72bccab267a747457e83f3e45587495,92127264.0,3.0,7.69999981,f,5.4,8.0,APROVADO POR NOTA
80356,57564836,b3df267ce06efc7a7c3f0bcdb276339d,92127264.0,1.0,9.69999981,f,7.9,8.0,APROVADO
80357,57564836,b3df267ce06efc7a7c3f0bcdb276339d,92127264.0,2.0,4.69999981,f,7.9,8.0,APROVADO
80358,57564836,b3df267ce06efc7a7c3f0bcdb276339d,92127264.0,3.0,9.19999981,f,7.9,8.0,APROVADO
80362,57564837,6402926955c533d43b5bfa881472ef0f,92127264.0,1.0,6.599999900000001,f,7.0,4.0,APROVADO
80363,57564837,6402926955c533d43b5bfa881472ef0f,92127264.0,2.0,6.69999981,f,7.0,4.0,APROVADO
80364,57564837,6402926955c533d43b5bfa881472ef0f,92127264.0,3.0,7.599999900000001,f,7.0,4.0,APROVADO
80365,57564837,c62cb04038e4dc1c8c4289869343a181,92127264.0,1.0,6.5,f,5.4,8.0,APROVADO POR NOTA
80366,57564837,c62cb04038e4dc1c8c4289869343a181,92127264.0,2.0,3.29999995,f,5.4,8.0,APROVADO POR NOTA
80367,57564837,c62cb04038e4dc1c8c4289869343a181,92127264.0,3.0,6.5,f,5.4,8.0,APROVADO POR NOTA
80368,57564837,3937ba9886476e53a2eda1d4f6e067a9,92127264.0,1.0,6.19999981,f,2.1,24.0,REPROVADO POR MÉDIA E POR FALTAS
80369,57564837,3937ba9886476e53a2eda1d4f6e067a9,92127264.0,2.0,0.0,f,2.1,24.0,REPROVADO POR MÉDIA E POR FALTAS
80370,57564837,3937ba9886476e53a2eda1d4f6e067a9,92127264.0,3.0,0.0,f,2.1,24.0,REPROVADO POR MÉDIA E POR FALTAS
80375,57564837,3347b21ea109ce6e93fd275add4a0a0e,92127264.0,3.0,0.0,f,2.7,18.0,REPROVADO POR MÉDIA E POR FALTAS
80376,57564837,3347b21ea109ce6e93fd275add4a0a0e,92127264.0,1.0,7.19999981,f,2.7,18.0,REPROVADO POR MÉDIA E POR FALTAS
80377,57564837,3347b21ea109ce6e93fd275add4a0a0e,92127264.0,2.0,1.0,f,2.7,18.0,REPROVADO POR MÉDIA E POR FALTAS
80378,57564837,cdb1ed591022eb45f637a33d234bd883,92127264.0,3.0,8.5,f,5.8,4.0,APROVADO POR NOTA
80379,57564837,cdb1ed591022eb45f637a33d234bd883,92127264.0,1.0,4.69999981,f,5.8,4.0,APROVADO POR NOTA
80380,57564837,cdb1ed591022eb45f637a33d234bd883,92127264.0,2.0,4.19999981,f,5.8,4.0,APROVADO POR NOTA
80381,57564837,e1366b1c58c910fbd4c781cb01782b57,92127264.0,1.0,5.0,f,6.4,8.0,APROVADO POR NOTA
80382,57564837,e1366b1c58c910fbd4c781cb01782b57,92127264.0,2.0,7.19999981,f,6.4,8.0,APROVADO POR NOTA
80383,57564837,e1366b1c58c910fbd4c781cb01782b57,92127264.0,3.0,7.099999900000001,f,6.4,8.0,APROVADO POR NOTA
80384,57564837,4601d6c88fba4d646420f25fa5fcc2cf,92127264.0,3.0,7.80000019,f,7.8,8.0,APROVADO
80385,57564837,4601d6c88fba4d646420f25fa5fcc2cf,92127264.0,2.0,8.0,f,7.8,8.0,APROVADO
80386,57564837,4601d6c88fba4d646420f25fa5fcc2cf,92127264.0,1.0,7.5,f,7.8,8.0,APROVADO
80392,57564837,03a9e4938c1b3a36f7793a690063008c,92127264.0,1.0,1.5,t,7.1,8.0,APROVADO
80393,57564837,03a9e4938c1b3a36f7793a690063008c,92127264.0,2.0,5.5,f,7.1,8.0,APROVADO
80394,57564837,03a9e4938c1b3a36f7793a690063008c,92127264.0,3.0,8.69999981,f,7.1,8.0,APROVADO
80395,57564837,b8273a5a595498e514aa7e7f3874e211,92127264.0,1.0,3.5,f,6.9,8.0,APROVADO POR NOTA
80396,57564837,b8273a5a595498e514aa7e7f3874e211,92127264.0,2.0,10.0,f,6.9,8.0,APROVADO POR NOTA
80397,57564837,b8273a5a595498e514aa7e7f3874e211,92127264.0,3.0,7.30000019,f,6.9,8.0,APROVADO POR NOTA
80398,57564837,04db5ca11d1ed89498b4eb811dbebe1f,92127264.0,1.0,2.0,f,0.7,8.0,REPROVADO
80399,57564837,04db5ca11d1ed89498b4eb811dbebe1f,92127264.0,2.0,0.0,f,0.7,8.0,REPROVADO
80400,57564837,04db5ca11d1ed89498b4eb811dbebe1f,92127264.0,3.0,0.0,f,0.7,8.0,REPROVADO
80401,57564837,25d5eca724a3eca9a55b0a9ac7bfb373,92127264.0,1.0,0.0,f,0.0,14.0,REPROVADO POR MÉDIA E POR FALTAS
80402,57564837,25d5eca724a3eca9a55b0a9ac7bfb373,92127264.0,2.0,0.10000000099999999,f,0.0,14.0,REPROVADO POR MÉDIA E POR FALTAS
80403,57564837,25d5eca724a3eca9a55b0a9ac7bfb373,92127264.0,3.0,0.0,f,0.0,14.0,REPROVADO POR MÉDIA E POR FALTAS
80404,57564837,2727460eeb832023dbf9410f0de31e35,92127264.0,2.0,0.5,f,0.5,16.0,REPROVADO POR MÉDIA E POR FALTAS
80405,57564837,2727460eeb832023dbf9410f0de31e35,92127264.0,3.0,0.0,f,0.5,16.0,REPROVADO POR MÉDIA E POR FALTAS
80406,57564837,2727460eeb832023dbf9410f0de31e35,92127264.0,1.0,1.0,f,0.5,16.0,REPROVADO POR MÉDIA E POR FALTAS
86361,57565222,2f88ff7e6e0e58cb307f6e6c4dbd80e3,92127264.0,1.0,3.0999999,t,5.5,55.0,APROVADO POR NOTA
86362,57565222,2f88ff7e6e0e58cb307f6e6c4dbd80e3,92127264.0,2.0,5.80000019,f,5.5,55.0,APROVADO POR NOTA
86363,57565222,2f88ff7e6e0e58cb307f6e6c4dbd80e3,92127264.0,3.0,4.099999899999999,f,5.5,55.0,APROVADO POR NOTA
86365,57565222,b3f48c9a515eaba098ef8d6b0da46b5f,92127264.0,0,0,0,0,0,TRANCADO
86370,57565222,996f540ddcc5d3d4247a0c8fa980316f,92127264.0,1.0,2.5,f,4.0,28.0,REPROVADO
86371,57565222,996f540ddcc5d3d4247a0c8fa980316f,92127264.0,2.0,6.19999981,f,4.0,28.0,REPROVADO
86372,57565222,996f540ddcc5d3d4247a0c8fa980316f,92127264.0,3.0,3.20000005,f,4.0,28.0,REPROVADO
86379,57565222,d0bd6488461f69112553e12fd0b6e5e1,92127264.0,1.0,0.300000012,t,5.4,59.0,APROVADO POR NOTA
86380,57565222,d0bd6488461f69112553e12fd0b6e5e1,92127264.0,2.0,3.4000001,f,5.4,59.0,APROVADO POR NOTA
86381,57565222,d0bd6488461f69112553e12fd0b6e5e1,92127264.0,3.0,5.80000019,f,5.4,59.0,APROVADO POR NOTA
86382,57565222,3dcb457caef136647269b2a02ee21b29,92127264.0,1.0,2.9000001,t,5.2,8.0,APROVADO POR NOTA
86383,57565222,3dcb457caef136647269b2a02ee21b29,92127264.0,2.0,5.4000001,f,5.2,8.0,APROVADO POR NOTA
86384,57565222,3dcb457caef136647269b2a02ee21b29,92127264.0,3.0,5.4000001,f,5.2,8.0,APROVADO POR NOTA
91089,57566418,7571ec1db03f11e42635430e58b95cee,92127264.0,0,0,0,0,0,DESISTENCIA
91446,57566733,2f88ff7e6e0e58cb307f6e6c4dbd80e3,92127264.0,1.0,0.5,f,1.3,16.0,REPROVADO
91447,57566733,2f88ff7e6e0e58cb307f6e6c4dbd80e3,92127264.0,2.0,0.0,f,1.3,16.0,REPROVADO
91448,57566733,2f88ff7e6e0e58cb307f6e6c4dbd80e3,92127264.0,3.0,3.5,f,1.3,16.0,REPROVADO
91458,57566733,40846f2f09da1435f6eb303ce9d0d768,92127264.0,1.0,2.0,t,5.0,8.0,APROVADO POR NOTA
91459,57566733,40846f2f09da1435f6eb303ce9d0d768,92127264.0,2.0,6.0,f,5.0,8.0,APROVADO POR NOTA
91460,57566733,40846f2f09da1435f6eb303ce9d0d768,92127264.0,3.0,5.4000001,f,5.0,8.0,APROVADO POR NOTA
91461,57566733,69d022c2924a232b8a0ca9e0ac7da317,92127264.0,1.0,4.80000019,f,4.6,16.0,REPROVADO
91462,57566733,69d022c2924a232b8a0ca9e0ac7da317,92127264.0,2.0,3.9000001,t,4.6,16.0,REPROVADO
91463,57566733,69d022c2924a232b8a0ca9e0ac7da317,92127264.0,3.0,4.5,f,4.6,16.0,REPROVADO
91464,57566733,ee67c654a285629b1e24292c717dc9e5,92127264.0,1.0,3.0,f,1.0,18.0,REPROVADO
91465,57566733,ee67c654a285629b1e24292c717dc9e5,92127264.0,2.0,0.0,f,1.0,18.0,REPROVADO
91466,57566733,ee67c654a285629b1e24292c717dc9e5,92127264.0,3.0,0.0,f,1.0,18.0,REPROVADO
91467,57566733,00bd67a601192f51da746e41e60815c7,92127264.0,1.0,3.0,f,5.2,10.0,APROVADO POR NOTA
91468,57566733,00bd67a601192f51da746e41e60815c7,92127264.0,2.0,8.89999962,f,5.2,10.0,APROVADO POR NOTA
91469,57566733,00bd67a601192f51da746e41e60815c7,92127264.0,3.0,3.79999995,f,5.2,10.0,APROVADO POR NOTA
91470,57566733,777afa50a3eae76c110581407b1e3129,92127264.0,1.0,2.0,f,0.7,22.0,REPROVADO POR MÉDIA E POR FALTAS
91471,57566733,777afa50a3eae76c110581407b1e3129,92127264.0,2.0,0.0,f,0.7,22.0,REPROVADO POR MÉDIA E POR FALTAS
91472,57566733,777afa50a3eae76c110581407b1e3129,92127264.0,3.0,0.0,f,0.7,22.0,REPROVADO POR MÉDIA E POR FALTAS
91473,57566733,d2ebea0c1ebded5adcf2e6eb2d919b9a,92127264.0,1.0,8.5,f,9.5,0.0,APROVADO
91474,57566733,d2ebea0c1ebded5adcf2e6eb2d919b9a,92127264.0,2.0,10.0,f,9.5,0.0,APROVADO
91475,57566733,d2ebea0c1ebded5adcf2e6eb2d919b9a,92127264.0,3.0,10.0,f,9.5,0.0,APROVADO
91488,57566733,c6e6b75a1e8fb3912dc281802313a782,92127264.0,1.0,1.39999998,f,0.5,30.0,REPROVADO POR MÉDIA E POR FALTAS
91489,57566733,c6e6b75a1e8fb3912dc281802313a782,92127264.0,2.0,0.0,f,0.5,30.0,REPROVADO POR MÉDIA E POR FALTAS
91490,57566733,c6e6b75a1e8fb3912dc281802313a782,92127264.0,3.0,0.0,f,0.5,30.0,REPROVADO POR MÉDIA E POR FALTAS
91498,57566733,5a5d94d46b85d1bec85b6a0b0a0b826b,92127264.0,1.0,5.80000019,f,5.8,10.0,APROVADO POR NOTA
91499,57566733,5a5d94d46b85d1bec85b6a0b0a0b826b,92127264.0,2.0,5.5999999,f,5.8,10.0,APROVADO POR NOTA
91500,57566733,5a5d94d46b85d1bec85b6a0b0a0b826b,92127264.0,3.0,6.0,f,5.8,10.0,APROVADO POR NOTA
91501,57566733,cb75f724561edc0a0a2be38dfe95322c,92127264.0,3.0,6.900000099999999,f,6.8,12.0,APROVADO POR NOTA
91502,57566733,cb75f724561edc0a0a2be38dfe95322c,92127264.0,1.0,7.099999900000001,f,6.8,12.0,APROVADO POR NOTA
91503,57566733,cb75f724561edc0a0a2be38dfe95322c,92127264.0,2.0,6.30000019,f,6.8,12.0,APROVADO POR NOTA
91504,57566733,bc2bc7b8d6d7550aeaf952fd146e716e,92127264.0,1.0,7.80000019,f,6.0,0.0,APROVADO POR NOTA
91505,57566733,bc2bc7b8d6d7550aeaf952fd146e716e,92127264.0,2.0,6.19999981,f,6.0,0.0,APROVADO POR NOTA
91506,57566733,bc2bc7b8d6d7550aeaf952fd146e716e,92127264.0,3.0,3.9000001,f,6.0,0.0,APROVADO POR NOTA
91507,57566733,abaac7a4a42d03417f81b1455442607a,92127264.0,1.0,0.0,f,0.0,22.0,REPROVADO POR MÉDIA E POR FALTAS
91508,57566733,abaac7a4a42d03417f81b1455442607a,92127264.0,2.0,0.0,f,0.0,22.0,REPROVADO POR MÉDIA E POR FALTAS
91509,57566733,abaac7a4a42d03417f81b1455442607a,92127264.0,3.0,0.0,f,0.0,22.0,REPROVADO POR MÉDIA E POR FALTAS
92876,57567587,fdf1f636486a3ad1d7bd6cc303c6c32a,92127264.0,1.0,9.0,f,9.3,2.0,APROVADO
92877,57567587,fdf1f636486a3ad1d7bd6cc303c6c32a,92127264.0,2.0,9.0,f,9.3,2.0,APROVADO
92878,57567587,fdf1f636486a3ad1d7bd6cc303c6c32a,92127264.0,3.0,10.0,f,9.3,2.0,APROVADO
92885,57567587,b0e148daf401068c1b47be520d5bb181,92127264.0,2.0,2.0,t,5.0,14.0,APROVADO POR NOTA
92886,57567587,b0e148daf401068c1b47be520d5bb181,92127264.0,3.0,6.30000019,f,5.0,14.0,APROVADO POR NOTA
92887,57567587,b0e148daf401068c1b47be520d5bb181,92127264.0,1.0,4.80000019,f,5.0,14.0,APROVADO POR NOTA
92901,57567587,c6e6b75a1e8fb3912dc281802313a782,92127264.0,1.0,5.80000019,f,5.2,12.0,APROVADO POR NOTA
92902,57567587,c6e6b75a1e8fb3912dc281802313a782,92127264.0,2.0,4.0,f,5.2,12.0,APROVADO POR NOTA
92903,57567587,c6e6b75a1e8fb3912dc281802313a782,92127264.0,3.0,0.0,t,5.2,12.0,APROVADO POR NOTA
92914,57567587,8d2a3b00a41279debf258bc6c6305205,92127264.0,1.0,4.80000019,f,2.1,8.0,REPROVADO
92915,57567587,8d2a3b00a41279debf258bc6c6305205,92127264.0,2.0,1.5,f,2.1,8.0,REPROVADO
92916,57567587,8d2a3b00a41279debf258bc6c6305205,92127264.0,3.0,0.0,f,2.1,8.0,REPROVADO
93292,57567573,098328a35e4c60b120e4bb6b94c8a0f6,92127264.0,1.0,6.599999900000001,f,5.5,8.0,APROVADO POR NOTA
93293,57567573,098328a35e4c60b120e4bb6b94c8a0f6,92127264.0,2.0,3.0,f,5.5,8.0,APROVADO POR NOTA
93294,57567573,098328a35e4c60b120e4bb6b94c8a0f6,92127264.0,3.0,6.80000019,f,5.5,8.0,APROVADO POR NOTA
93295,57567573,7571ec1db03f11e42635430e58b95cee,92127264.0,1.0,4.19999981,f,5.0,10.0,APROVADO POR NOTA
93296,57567573,7571ec1db03f11e42635430e58b95cee,92127264.0,2.0,2.5,t,5.0,10.0,APROVADO POR NOTA
93297,57567573,7571ec1db03f11e42635430e58b95cee,92127264.0,3.0,5.80000019,f,5.0,10.0,APROVADO POR NOTA
93301,57567573,bc2bc7b8d6d7550aeaf952fd146e716e,92127264.0,1.0,6.5,f,5.6,10.0,APROVADO POR NOTA
93302,57567573,bc2bc7b8d6d7550aeaf952fd146e716e,92127264.0,2.0,3.4000001,f,5.6,10.0,APROVADO POR NOTA
93303,57567573,bc2bc7b8d6d7550aeaf952fd146e716e,92127264.0,3.0,6.900000099999999,f,5.6,10.0,APROVADO POR NOTA
95579,57568131,6730c7c62ceced240e79a2bd6b6e4b84,92127264.0,1.0,4.69999981,f,5.6,4.0,APROVADO POR NOTA
95580,57568131,6730c7c62ceced240e79a2bd6b6e4b84,92127264.0,2.0,6.0,f,5.6,4.0,APROVADO POR NOTA
95581,57568131,6730c7c62ceced240e79a2bd6b6e4b84,92127264.0,3.0,6.0,f,5.6,4.0,APROVADO POR NOTA
95582,57568131,9d8dcee687180154493648b599a313c3,92127264.0,3.0,0.0,f,0.6,56.0,REPROVADO POR MÉDIA E POR FALTAS
95583,57568131,9d8dcee687180154493648b599a313c3,92127264.0,1.0,1.79999995,f,0.6,56.0,REPROVADO POR MÉDIA E POR FALTAS
95584,57568131,9d8dcee687180154493648b599a313c3,92127264.0,2.0,0.0,f,0.6,56.0,REPROVADO POR MÉDIA E POR FALTAS
95586,57568131,fa1619c9583ee340b04ee8175182fc0f,92127264.0,1.0,6.4000001,f,6.6,8.0,APROVADO POR NOTA
95587,57568131,fa1619c9583ee340b04ee8175182fc0f,92127264.0,2.0,7.900000099999999,f,6.6,8.0,APROVADO POR NOTA
95588,57568131,fa1619c9583ee340b04ee8175182fc0f,92127264.0,3.0,5.5,f,6.6,8.0,APROVADO POR NOTA
95592,57568131,945368d8c8df1119af662bfd1a848b52,92127264.0,1.0,5.0,f,4.5,24.0,REPROVADO
95593,57568131,945368d8c8df1119af662bfd1a848b52,92127264.0,2.0,6.19999981,f,4.5,24.0,REPROVADO
95594,57568131,945368d8c8df1119af662bfd1a848b52,92127264.0,3.0,2.4000001,f,4.5,24.0,REPROVADO
95595,57568131,82833a7f018329a77f64820dd0ff8901,92127264.0,1.0,8.19999981,f,8.2,8.0,APROVADO
95596,57568131,82833a7f018329a77f64820dd0ff8901,92127264.0,2.0,8.30000019,f,8.2,8.0,APROVADO
95597,57568131,82833a7f018329a77f64820dd0ff8901,92127264.0,3.0,8.10000038,f,8.2,8.0,APROVADO
95598,57568131,2b366f50d21194c4a826929a4e10ef35,92127264.0,1.0,8.0,f,7.9,8.0,APROVADO
95599,57568131,2b366f50d21194c4a826929a4e10ef35,92127264.0,2.0,8.80000019,f,7.9,8.0,APROVADO
95600,57568131,2b366f50d21194c4a826929a4e10ef35,92127264.0,3.0,6.900000099999999,f,7.9,8.0,APROVADO
98431,57564845,511d0df6f55de7f9c4818636b1535e02,92127264.0,1.0,2.9000001,f,1.8,0.0,REPROVADO
98432,57564845,511d0df6f55de7f9c4818636b1535e02,92127264.0,2.0,2.5,f,1.8,0.0,REPROVADO
98433,57564845,511d0df6f55de7f9c4818636b1535e02,92127264.0,3.0,0.0,f,1.8,0.0,REPROVADO
98434,57564845,a8293007099ed594f8198548de44d95d,92127264.0,1.0,0,f,0,0,TRANCADO
98435,57564845,a8293007099ed594f8198548de44d95d,92127264.0,2.0,0,f,0,0,TRANCADO
98436,57564845,a8293007099ed594f8198548de44d95d,92127264.0,3.0,0,f,0,0,TRANCADO
98437,57564845,00bd67a601192f51da746e41e60815c7,92127264.0,1.0,4.5999999,f,5.4,12.0,APROVADO POR NOTA
98438,57564845,00bd67a601192f51da746e41e60815c7,92127264.0,2.0,4.30000019,t,5.4,12.0,APROVADO POR NOTA
98439,57564845,00bd67a601192f51da746e41e60815c7,92127264.0,3.0,5.5999999,f,5.4,12.0,APROVADO POR NOTA
98440,57564845,b9cc628293a174538ea7495da29d59df,92127264.0,1.0,6.5,f,6.9,0.0,APROVADO POR NOTA
98441,57564845,b9cc628293a174538ea7495da29d59df,92127264.0,2.0,7.80000019,f,6.9,0.0,APROVADO POR NOTA
98442,57564845,b9cc628293a174538ea7495da29d59df,92127264.0,3.0,6.4000001,f,6.9,0.0,APROVADO POR NOTA
98443,57564845,a70e6e000686d82ad1d1a29ce75fab9f,92127264.0,1.0,7.400000099999999,f,5.8,0.0,APROVADO POR NOTA
98444,57564845,a70e6e000686d82ad1d1a29ce75fab9f,92127264.0,2.0,5.0,f,5.8,0.0,APROVADO POR NOTA
98445,57564845,a70e6e000686d82ad1d1a29ce75fab9f,92127264.0,3.0,5.0,f,5.8,0.0,APROVADO POR NOTA
98446,57564845,7f526a2061ee189867da31102097f91e,92127264.0,1.0,5.9000001,f,7.9,0.0,APROVADO
98447,57564845,7f526a2061ee189867da31102097f91e,92127264.0,2.0,9.60000038,f,7.9,0.0,APROVADO
98448,57564845,7f526a2061ee189867da31102097f91e,92127264.0,3.0,8.19999981,f,7.9,0.0,APROVADO
98449,57564845,d4e047d2df4d181e5395b78df93f9811,92127264.0,1.0,2.5,t,4.0,8.0,REPROVADO
98450,57564845,d4e047d2df4d181e5395b78df93f9811,92127264.0,2.0,3.0,f,4.0,8.0,REPROVADO
98451,57564845,d4e047d2df4d181e5395b78df93f9811,92127264.0,3.0,3.5,f,4.0,8.0,REPROVADO
98452,57564845,685d382aceefa5031509c9bb87e613dd,92127264.0,1.0,4.5,f,2.6,0.0,REPROVADO
98453,57564845,685d382aceefa5031509c9bb87e613dd,92127264.0,2.0,3.20000005,f,2.6,0.0,REPROVADO
98454,57564845,685d382aceefa5031509c9bb87e613dd,92127264.0,3.0,0.0,f,2.6,0.0,REPROVADO
98464,57564845,f250d74dc7561f1f4f5e39242df98be1,92127264.0,1.0,1.89999998,f,1.5,0.0,REPROVADO
98465,57564845,f250d74dc7561f1f4f5e39242df98be1,92127264.0,2.0,2.5,f,1.5,0.0,REPROVADO
98466,57564845,f250d74dc7561f1f4f5e39242df98be1,92127264.0,3.0,0.0,f,1.5,0.0,REPROVADO
98467,57564845,8e0fe67e7758328f385c2a251f5b3c34,92127264.0,1.0,3.20000005,f,1.5,0.0,REPROVADO
98468,57564845,8e0fe67e7758328f385c2a251f5b3c34,92127264.0,2.0,1.39999998,f,1.5,0.0,REPROVADO
98469,57564845,8e0fe67e7758328f385c2a251f5b3c34,92127264.0,3.0,0.0,f,1.5,0.0,REPROVADO
98470,57564845,49f2cf9cba9f712bc1ffeddd47b8907f,92127264.0,1.0,0.0,t,5.8,12.0,APROVADO POR NOTA
98471,57564845,49f2cf9cba9f712bc1ffeddd47b8907f,92127264.0,2.0,7.5,f,5.8,12.0,APROVADO POR NOTA
98472,57564845,49f2cf9cba9f712bc1ffeddd47b8907f,92127264.0,3.0,3.4000001,f,5.8,12.0,APROVADO POR NOTA
98473,57564845,f3ac5d986b7350a02d63a22510377d73,92127264.0,1.0,4.099999899999999,f,6.0,0.0,APROVADO POR NOTA
98474,57564845,f3ac5d986b7350a02d63a22510377d73,92127264.0,2.0,7.099999900000001,f,6.0,0.0,APROVADO POR NOTA
98475,57564845,f3ac5d986b7350a02d63a22510377d73,92127264.0,3.0,6.80000019,f,6.0,0.0,APROVADO POR NOTA
98476,57564845,83729736aa539851727de8ecb2c3529a,92127264.0,1.0,0.0,f,0.0,0.0,REPROVADO
98477,57564845,83729736aa539851727de8ecb2c3529a,92127264.0,2.0,0.0,f,0.0,0.0,REPROVADO
98478,57564845,83729736aa539851727de8ecb2c3529a,92127264.0,3.0,0.0,f,0.0,0.0,REPROVADO
98479,57564845,b62c9aa529d23faf40ce26f99b3de7e3,92127264.0,1.0,5.69999981,f,5.8,14.0,APROVADO POR NOTA
98480,57564845,b62c9aa529d23faf40ce26f99b3de7e3,92127264.0,2.0,7.69999981,f,5.8,14.0,APROVADO POR NOTA
98481,57564845,b62c9aa529d23faf40ce26f99b3de7e3,92127264.0,3.0,2.5,t,5.8,14.0,APROVADO POR NOTA
98482,57564845,abaac7a4a42d03417f81b1455442607a,92127264.0,1.0,4.5,f,5.8,14.0,APROVADO POR NOTA
98483,57564845,abaac7a4a42d03417f81b1455442607a,92127264.0,2.0,5.80000019,f,5.8,14.0,APROVADO POR NOTA
98484,57564845,abaac7a4a42d03417f81b1455442607a,92127264.0,3.0,4.19999981,t,5.8,14.0,APROVADO POR NOTA
102008,57563855,7f526a2061ee189867da31102097f91e,92127264.0,1.0,8.5,f,8.0,0.0,APROVADO
102009,57563855,7f526a2061ee189867da31102097f91e,92127264.0,2.0,5.5,f,8.0,0.0,APROVADO
102010,57563855,7f526a2061ee189867da31102097f91e,92127264.0,3.0,10.0,f,8.0,0.0,APROVADO
102014,57563855,d624069cd2691821d497421eae79b0bc,92127264.0,1.0,0.0,f,0.0,0.0,REPROVADO
102015,57563855,d624069cd2691821d497421eae79b0bc,92127264.0,2.0,0.0,f,0.0,0.0,REPROVADO
102016,57563855,d624069cd2691821d497421eae79b0bc,92127264.0,3.0,0.0,f,0.0,0.0,REPROVADO
102080,57563855,a9d5358e13241d1fc953196fa2983412,92127264.0,1.0,6.0,f,5.8,0.0,APROVADO POR NOTA
102081,57563855,a9d5358e13241d1fc953196fa2983412,92127264.0,2.0,4.0,f,5.8,0.0,APROVADO POR NOTA
102082,57563855,a9d5358e13241d1fc953196fa2983412,92127264.0,3.0,7.5,f,5.8,0.0,APROVADO POR NOTA
102318,57566705,00bd67a601192f51da746e41e60815c7,92127264.0,1.0,7.099999900000001,f,6.6,14.0,APROVADO POR NOTA
102319,57566705,00bd67a601192f51da746e41e60815c7,92127264.0,2.0,5.80000019,f,6.6,14.0,APROVADO POR NOTA
102320,57566705,00bd67a601192f51da746e41e60815c7,92127264.0,3.0,0.0,t,6.6,14.0,APROVADO POR NOTA
102322,57566705,a682f2beb315b67438ce66dcadd140e8,92127264.0,2.0,8.10000038,f,7.5,12.0,APROVADO
102323,57566705,a682f2beb315b67438ce66dcadd140e8,92127264.0,3.0,8.39999962,f,7.5,12.0,APROVADO
102324,57566705,a682f2beb315b67438ce66dcadd140e8,92127264.0,1.0,6.0,f,7.5,12.0,APROVADO
102330,57566705,c6e6b75a1e8fb3912dc281802313a782,92127264.0,1.0,4.099999899999999,f,5.3,14.0,APROVADO POR NOTA
102331,57566705,c6e6b75a1e8fb3912dc281802313a782,92127264.0,2.0,3.9000001,f,5.3,14.0,APROVADO POR NOTA
102332,57566705,c6e6b75a1e8fb3912dc281802313a782,92127264.0,3.0,7.900000099999999,f,5.3,14.0,APROVADO POR NOTA
102333,57566705,63e97bc77196994b439cb853cea9d42d,92127264.0,1.0,6.0,f,6.1,10.0,APROVADO POR NOTA
102334,57566705,63e97bc77196994b439cb853cea9d42d,92127264.0,2.0,4.30000019,f,6.1,10.0,APROVADO POR NOTA
102335,57566705,63e97bc77196994b439cb853cea9d42d,92127264.0,3.0,8.0,f,6.1,10.0,APROVADO POR NOTA
102348,57566705,8d2a3b00a41279debf258bc6c6305205,92127264.0,1.0,7.80000019,f,6.8,2.0,APROVADO POR NOTA
102349,57566705,8d2a3b00a41279debf258bc6c6305205,92127264.0,2.0,5.9000001,f,6.8,2.0,APROVADO POR NOTA
102350,57566705,8d2a3b00a41279debf258bc6c6305205,92127264.0,3.0,6.69999981,f,6.8,2.0,APROVADO POR NOTA
102351,57568798,b0e148daf401068c1b47be520d5bb181,92127264.0,1.0,1.89999998,f,1.8,16.0,REPROVADO
102352,57568798,b0e148daf401068c1b47be520d5bb181,92127264.0,2.0,0.0,f,1.8,16.0,REPROVADO
102353,57568798,b0e148daf401068c1b47be520d5bb181,92127264.0,3.0,3.5,f,1.8,16.0,REPROVADO
102354,57568798,00bd67a601192f51da746e41e60815c7,92127264.0,1.0,4.0,f,4.7,14.0,REPROVADO
102355,57568798,00bd67a601192f51da746e41e60815c7,92127264.0,2.0,4.0,t,4.7,14.0,REPROVADO
102356,57568798,00bd67a601192f51da746e41e60815c7,92127264.0,3.0,5.4000001,f,4.7,14.0,REPROVADO
102357,57568798,40846f2f09da1435f6eb303ce9d0d768,92127264.0,1.0,2.79999995,f,2.3,16.0,REPROVADO
102358,57568798,40846f2f09da1435f6eb303ce9d0d768,92127264.0,2.0,0.5,f,2.3,16.0,REPROVADO
102359,57568798,40846f2f09da1435f6eb303ce9d0d768,92127264.0,3.0,3.5,f,2.3,16.0,REPROVADO
102360,57568798,fdf1f636486a3ad1d7bd6cc303c6c32a,92127264.0,1.0,9.0,f,8.1,2.0,APROVADO
102361,57568798,fdf1f636486a3ad1d7bd6cc303c6c32a,92127264.0,2.0,7.80000019,f,8.1,2.0,APROVADO
102362,57568798,fdf1f636486a3ad1d7bd6cc303c6c32a,92127264.0,3.0,7.400000099999999,f,8.1,2.0,APROVADO
102363,57568798,63e97bc77196994b439cb853cea9d42d,92127264.0,1.0,4.19999981,f,2.9,14.0,REPROVADO
102364,57568798,63e97bc77196994b439cb853cea9d42d,92127264.0,2.0,0.8999999759999999,f,2.9,14.0,REPROVADO
102365,57568798,63e97bc77196994b439cb853cea9d42d,92127264.0,3.0,3.5,f,2.9,14.0,REPROVADO
102369,57568798,c6e6b75a1e8fb3912dc281802313a782,92127264.0,2.0,2.29999995,f,3.7,16.0,REPROVADO
102370,57568798,c6e6b75a1e8fb3912dc281802313a782,92127264.0,3.0,3.5,f,3.7,16.0,REPROVADO
102371,57568798,c6e6b75a1e8fb3912dc281802313a782,92127264.0,1.0,5.19999981,f,3.7,16.0,REPROVADO
102375,57568798,2f88ff7e6e0e58cb307f6e6c4dbd80e3,92127264.0,1.0,2.0999999,f,2.3,22.0,REPROVADO POR MÉDIA E POR FALTAS
102376,57568798,2f88ff7e6e0e58cb307f6e6c4dbd80e3,92127264.0,2.0,1.5,f,2.3,22.0,REPROVADO POR MÉDIA E POR FALTAS
102377,57568798,2f88ff7e6e0e58cb307f6e6c4dbd80e3,92127264.0,3.0,3.29999995,f,2.3,22.0,REPROVADO POR MÉDIA E POR FALTAS
102378,57568798,abaac7a4a42d03417f81b1455442607a,92127264.0,2.0,1.89999998,f,4.1,20.0,REPROVADO POR MÉDIA E POR FALTAS
102379,57568798,abaac7a4a42d03417f81b1455442607a,92127264.0,3.0,5.4000001,f,4.1,20.0,REPROVADO POR MÉDIA E POR FALTAS
102380,57568798,abaac7a4a42d03417f81b1455442607a,92127264.0,1.0,5.0,f,4.1,20.0,REPROVADO POR MÉDIA E POR FALTAS
102381,57568798,b0e148daf401068c1b47be520d5bb181,92127264.0,1.0,1.89999998,f,1.8,16.0,REPROVADO
102382,57568798,b0e148daf401068c1b47be520d5bb181,92127264.0,2.0,0.0,f,1.8,16.0,REPROVADO
102383,57568798,b0e148daf401068c1b47be520d5bb181,92127264.0,3.0,3.5,f,1.8,16.0,REPROVADO
102384,57568798,00bd67a601192f51da746e41e60815c7,92127264.0,1.0,4.0,f,4.7,14.0,REPROVADO
102385,57568798,00bd67a601192f51da746e41e60815c7,92127264.0,2.0,4.0,t,4.7,14.0,REPROVADO
102386,57568798,00bd67a601192f51da746e41e60815c7,92127264.0,3.0,5.4000001,f,4.7,14.0,REPROVADO
102387,57568798,40846f2f09da1435f6eb303ce9d0d768,92127264.0,1.0,2.79999995,f,2.3,16.0,REPROVADO
102388,57568798,40846f2f09da1435f6eb303ce9d0d768,92127264.0,2.0,0.5,f,2.3,16.0,REPROVADO
102389,57568798,40846f2f09da1435f6eb303ce9d0d768,92127264.0,3.0,3.5,f,2.3,16.0,REPROVADO
102390,57568798,fdf1f636486a3ad1d7bd6cc303c6c32a,92127264.0,1.0,9.0,f,8.1,2.0,APROVADO
102391,57568798,fdf1f636486a3ad1d7bd6cc303c6c32a,92127264.0,2.0,7.80000019,f,8.1,2.0,APROVADO
102392,57568798,fdf1f636486a3ad1d7bd6cc303c6c32a,92127264.0,3.0,7.400000099999999,f,8.1,2.0,APROVADO
102393,57568798,63e97bc77196994b439cb853cea9d42d,92127264.0,1.0,4.19999981,f,2.9,14.0,REPROVADO
102394,57568798,63e97bc77196994b439cb853cea9d42d,92127264.0,2.0,0.8999999759999999,f,2.9,14.0,REPROVADO
102395,57568798,63e97bc77196994b439cb853cea9d42d,92127264.0,3.0,3.5,f,2.9,14.0,REPROVADO
102399,57568798,c6e6b75a1e8fb3912dc281802313a782,92127264.0,2.0,2.29999995,f,3.7,16.0,REPROVADO
102400,57568798,c6e6b75a1e8fb3912dc281802313a782,92127264.0,3.0,3.5,f,3.7,16.0,REPROVADO
102401,57568798,c6e6b75a1e8fb3912dc281802313a782,92127264.0,1.0,5.19999981,f,3.7,16.0,REPROVADO
102405,57568798,2f88ff7e6e0e58cb307f6e6c4dbd80e3,92127264.0,1.0,2.0999999,f,2.3,22.0,REPROVADO POR MÉDIA E POR FALTAS
102406,57568798,2f88ff7e6e0e58cb307f6e6c4dbd80e3,92127264.0,2.0,1.5,f,2.3,22.0,REPROVADO POR MÉDIA E POR FALTAS
102407,57568798,2f88ff7e6e0e58cb307f6e6c4dbd80e3,92127264.0,3.0,3.29999995,f,2.3,22.0,REPROVADO POR MÉDIA E POR FALTAS
102408,57568798,abaac7a4a42d03417f81b1455442607a,92127264.0,2.0,1.89999998,f,4.1,20.0,REPROVADO POR MÉDIA E POR FALTAS
102409,57568798,abaac7a4a42d03417f81b1455442607a,92127264.0,3.0,5.4000001,f,4.1,20.0,REPROVADO POR MÉDIA E POR FALTAS
102410,57568798,abaac7a4a42d03417f81b1455442607a,92127264.0,1.0,5.0,f,4.1,20.0,REPROVADO POR MÉDIA E POR FALTAS
102876,57566703,4b58b4318cda780dbdf8beae00ef24a6,92127264.0,1.0,7.69999981,f,7.4,0.0,APROVADO
102877,57566703,4b58b4318cda780dbdf8beae00ef24a6,92127264.0,2.0,7.0,f,7.4,0.0,APROVADO
102878,57566703,4b58b4318cda780dbdf8beae00ef24a6,92127264.0,3.0,7.5,f,7.4,0.0,APROVADO
102879,57566703,da437177e090ab90ea33ba772cfbae03,92127264.0,1.0,5.0,f,6.5,0.0,APROVADO POR NOTA
102880,57566703,da437177e090ab90ea33ba772cfbae03,92127264.0,2.0,7.0,f,6.5,0.0,APROVADO POR NOTA
102881,57566703,da437177e090ab90ea33ba772cfbae03,92127264.0,3.0,7.5,f,6.5,0.0,APROVADO POR NOTA
102882,57566703,a682f2beb315b67438ce66dcadd140e8,92127264.0,1.0,7.80000019,f,8.4,0.0,APROVADO
102883,57566703,a682f2beb315b67438ce66dcadd140e8,92127264.0,2.0,9.0,f,8.4,0.0,APROVADO
102884,57566703,a682f2beb315b67438ce66dcadd140e8,92127264.0,3.0,8.5,f,8.4,0.0,APROVADO
102885,57566703,dc0b37a9d90ff2d54cb650d366bb9d1e,92127264.0,1.0,3.20000005,f,6.6,0.0,APROVADO POR NOTA
102886,57566703,dc0b37a9d90ff2d54cb650d366bb9d1e,92127264.0,2.0,8.0,f,6.6,0.0,APROVADO POR NOTA
102887,57566703,dc0b37a9d90ff2d54cb650d366bb9d1e,92127264.0,3.0,8.5,f,6.6,0.0,APROVADO POR NOTA
102888,57566703,a70e6e000686d82ad1d1a29ce75fab9f,92127264.0,1.0,7.30000019,f,5.8,0.0,APROVADO POR NOTA
102889,57566703,a70e6e000686d82ad1d1a29ce75fab9f,92127264.0,2.0,5.0,f,5.8,0.0,APROVADO POR NOTA
102890,57566703,a70e6e000686d82ad1d1a29ce75fab9f,92127264.0,3.0,5.0,f,5.8,0.0,APROVADO POR NOTA
102897,57566703,f3ac5d986b7350a02d63a22510377d73,92127264.0,3.0,0.0,f,0.0,0.0,REPROVADO
102898,57566703,f3ac5d986b7350a02d63a22510377d73,92127264.0,1.0,0.10000000099999999,f,0.0,0.0,REPROVADO
102899,57566703,f3ac5d986b7350a02d63a22510377d73,92127264.0,2.0,0.0,f,0.0,0.0,REPROVADO
103009,57563859,685d382aceefa5031509c9bb87e613dd,92127264.0,1.0,2.0,f,1.2,0.0,REPROVADO
103010,57563859,685d382aceefa5031509c9bb87e613dd,92127264.0,2.0,1.5,f,1.2,0.0,REPROVADO
103011,57563859,685d382aceefa5031509c9bb87e613dd,92127264.0,3.0,0.0,f,1.2,0.0,REPROVADO
103012,57563859,c64950466f754a7a5656d1968f33c8fc,92127264.0,1.0,4.0,f,5.0,0.0,APROVADO POR NOTA
103013,57563859,c64950466f754a7a5656d1968f33c8fc,92127264.0,2.0,5.0,f,5.0,0.0,APROVADO POR NOTA
103014,57563859,c64950466f754a7a5656d1968f33c8fc,92127264.0,3.0,6.0,f,5.0,0.0,APROVADO POR NOTA
103021,57563859,5a5d94d46b85d1bec85b6a0b0a0b826b,92127264.0,1.0,3.5,f,5.0,0.0,APROVADO POR NOTA
103022,57563859,5a5d94d46b85d1bec85b6a0b0a0b826b,92127264.0,2.0,5.0,f,5.0,0.0,APROVADO POR NOTA
103023,57563859,5a5d94d46b85d1bec85b6a0b0a0b826b,92127264.0,3.0,6.5,f,5.0,0.0,APROVADO POR NOTA
103305,57563857,4786ee006b177a4effef45521b7bd94f,92127264.0,0,0,0,0,0,DESISTENCIA
103532,57563844,30327d430572d0c720dcd1682a39c361,92127264.0,1.0,10.0,f,8.1,0.0,APROVADO
103533,57563844,30327d430572d0c720dcd1682a39c361,92127264.0,2.0,6.0,f,8.1,0.0,APROVADO
103534,57563844,30327d430572d0c720dcd1682a39c361,92127264.0,3.0,8.19999981,f,8.1,0.0,APROVADO
103535,57563844,e4dcda7fa43cfcaa58044c501b34f030,92127264.0,3.0,5.5,f,5.4,0.0,APROVADO POR NOTA
103536,57563844,e4dcda7fa43cfcaa58044c501b34f030,92127264.0,1.0,7.599999900000001,f,5.4,0.0,APROVADO POR NOTA
103537,57563844,e4dcda7fa43cfcaa58044c501b34f030,92127264.0,2.0,3.0,f,5.4,0.0,APROVADO POR NOTA
103538,57563844,35e2507cc2ed396f7078879369b27286,92127264.0,1.0,7.900000099999999,f,8.8,0.0,APROVADO
103539,57563844,35e2507cc2ed396f7078879369b27286,92127264.0,2.0,9.5,f,8.8,0.0,APROVADO
103540,57563844,35e2507cc2ed396f7078879369b27286,92127264.0,3.0,8.89999962,f,8.8,0.0,APROVADO
103544,57563844,4786ee006b177a4effef45521b7bd94f,92127264.0,1.0,6.69999981,f,5.4,0.0,APROVADO POR NOTA
103545,57563844,4786ee006b177a4effef45521b7bd94f,92127264.0,2.0,4.0,f,5.4,0.0,APROVADO POR NOTA
103546,57563844,4786ee006b177a4effef45521b7bd94f,92127264.0,3.0,5.5999999,f,5.4,0.0,APROVADO POR NOTA
103547,57563844,5a5d94d46b85d1bec85b6a0b0a0b826b,92127264.0,1.0,5.9000001,f,7.3,0.0,APROVADO
103548,57563844,5a5d94d46b85d1bec85b6a0b0a0b826b,92127264.0,2.0,8.5,f,7.3,0.0,APROVADO
103549,57563844,5a5d94d46b85d1bec85b6a0b0a0b826b,92127264.0,3.0,7.400000099999999,f,7.3,0.0,APROVADO
103551,57563844,480a730ca3e8657e4d203f06d6baaae1,92127264.0,1.0,5.80000019,f,6.0,0.0,APROVADO POR NOTA
103552,57563844,480a730ca3e8657e4d203f06d6baaae1,92127264.0,2.0,6.0,f,6.0,0.0,APROVADO POR NOTA
103553,57563844,480a730ca3e8657e4d203f06d6baaae1,92127264.0,3.0,6.0999999,f,6.0,0.0,APROVADO POR NOTA
103554,57563844,3797d070ee3c0d06f8ca9e32d970dc0e,92127264.0,1.0,10.0,f,8.3,0.0,APROVADO
103555,57563844,3797d070ee3c0d06f8ca9e32d970dc0e,92127264.0,2.0,6.5,f,8.3,0.0,APROVADO
103556,57563844,3797d070ee3c0d06f8ca9e32d970dc0e,92127264.0,3.0,8.5,f,8.3,0.0,APROVADO
103557,57563844,abaac7a4a42d03417f81b1455442607a,92127264.0,1.0,7.5,f,5.6,0.0,APROVADO POR NOTA
103558,57563844,abaac7a4a42d03417f81b1455442607a,92127264.0,2.0,3.5,f,5.6,0.0,APROVADO POR NOTA
103559,57563844,abaac7a4a42d03417f81b1455442607a,92127264.0,3.0,5.69999981,f,5.6,0.0,APROVADO POR NOTA
104778,57563873,7571ec1db03f11e42635430e58b95cee,92127264.0,1.0,6.80000019,f,5.4,0.0,APROVADO POR NOTA
104779,57563873,7571ec1db03f11e42635430e58b95cee,92127264.0,2.0,6.0,f,5.4,0.0,APROVADO POR NOTA
104780,57563873,7571ec1db03f11e42635430e58b95cee,92127264.0,3.0,3.5,f,5.4,0.0,APROVADO POR NOTA
109789,57566672,dfc0b8035c1c5931710e65e92d91aa30,92127264.0,3.0,0.0,f,1.7,0.0,REPROVADO
109790,57566672,dfc0b8035c1c5931710e65e92d91aa30,92127264.0,1.0,5.0,f,1.7,0.0,REPROVADO
109791,57566672,dfc0b8035c1c5931710e65e92d91aa30,92127264.0,2.0,0.0,f,1.7,0.0,REPROVADO
113694,57564846,9442e29605d14cf9859069926ce70e2e,92127264.0,2.0,4.0,f,5.3,0.0,APROVADO POR NOTA
113695,57564846,9442e29605d14cf9859069926ce70e2e,92127264.0,3.0,3.70000005,f,5.3,0.0,APROVADO POR NOTA
113696,57564846,9442e29605d14cf9859069926ce70e2e,92127264.0,1.0,8.30000019,f,5.3,0.0,APROVADO POR NOTA
113697,57564846,d807467fd515eb5b5cc6da462f4d8625,92127264.0,1.0,1.5,f,1.3,0.0,REPROVADO
113698,57564846,d807467fd515eb5b5cc6da462f4d8625,92127264.0,2.0,2.5,f,1.3,0.0,REPROVADO
113699,57564846,d807467fd515eb5b5cc6da462f4d8625,92127264.0,3.0,0.0,f,1.3,0.0,REPROVADO
113700,57564846,876c9810d6f4b25797d73c942f55764e,92127264.0,1.0,7.30000019,f,5.9,0.0,APROVADO POR NOTA
113701,57564846,876c9810d6f4b25797d73c942f55764e,92127264.0,2.0,1.29999995,t,5.9,0.0,APROVADO POR NOTA
113702,57564846,876c9810d6f4b25797d73c942f55764e,92127264.0,3.0,7.5,f,5.9,0.0,APROVADO POR NOTA
113703,57564846,dd91e13bd82ebee8ef7105c552ec10e9,92127264.0,1.0,7.0,f,7.2,0.0,APROVADO
113704,57564846,dd91e13bd82ebee8ef7105c552ec10e9,92127264.0,2.0,6.599999900000001,f,7.2,0.0,APROVADO
113705,57564846,dd91e13bd82ebee8ef7105c552ec10e9,92127264.0,3.0,8.0,f,7.2,0.0,APROVADO
113706,57564846,6a70ede0992cec29bc1d4290ebdc1a6c,92127264.0,1.0,5.30000019,f,5.5,0.0,APROVADO POR NOTA
113707,57564846,6a70ede0992cec29bc1d4290ebdc1a6c,92127264.0,2.0,3.5,f,5.5,0.0,APROVADO POR NOTA
113708,57564846,6a70ede0992cec29bc1d4290ebdc1a6c,92127264.0,3.0,7.80000019,f,5.5,0.0,APROVADO POR NOTA
113712,57564846,5459222f27bfb7d3a932250691804544,92127264.0,1.0,4.5,f,2.8,0.0,REPROVADO
113713,57564846,5459222f27bfb7d3a932250691804544,92127264.0,2.0,3.9000001,f,2.8,0.0,REPROVADO
113714,57564846,5459222f27bfb7d3a932250691804544,92127264.0,3.0,0.0,f,2.8,0.0,REPROVADO
113715,57564846,fd6dc7aa91317652835ab7557a5e09ea,92127264.0,1.0,4.69999981,f,6.2,0.0,APROVADO POR NOTA
113716,57564846,fd6dc7aa91317652835ab7557a5e09ea,92127264.0,2.0,6.0,f,6.2,0.0,APROVADO POR NOTA
113717,57564846,fd6dc7aa91317652835ab7557a5e09ea,92127264.0,3.0,8.0,f,6.2,0.0,APROVADO POR NOTA
113721,57564846,32daafffbc274ee74e2c8ea9f9b792a6,92127264.0,1.0,2.0,f,0.7,0.0,REPROVADO
113722,57564846,32daafffbc274ee74e2c8ea9f9b792a6,92127264.0,2.0,0.0,f,0.7,0.0,REPROVADO
113723,57564846,32daafffbc274ee74e2c8ea9f9b792a6,92127264.0,3.0,0.0,f,0.7,0.0,REPROVADO
113724,57564846,b5bb50470f3c6a62b075cf02a5e47ecb,92127264.0,1.0,0.5,f,0.2,0.0,REPROVADO
113725,57564846,b5bb50470f3c6a62b075cf02a5e47ecb,92127264.0,2.0,0.10000000099999999,f,0.2,0.0,REPROVADO
113726,57564846,b5bb50470f3c6a62b075cf02a5e47ecb,92127264.0,3.0,0.0,f,0.2,0.0,REPROVADO
113727,57564846,d5b919228d0207c864cfe4af843adf59,92127264.0,0,0,0,0,0,DESISTENCIA
113728,57564846,b8273a5a595498e514aa7e7f3874e211,92127264.0,1.0,0.0,f,0,0.0,TRANCADO
113729,57564846,b8273a5a595498e514aa7e7f3874e211,92127264.0,2.0,0,f,0,0.0,TRANCADO
113730,57564846,b8273a5a595498e514aa7e7f3874e211,92127264.0,3.0,0,f,0,0.0,TRANCADO
113731,57564846,617c2e34e148a00577d0efeda6edd8ec,92127264.0,1.0,2.29999995,f,0.8,0.0,REPROVADO
113732,57564846,617c2e34e148a00577d0efeda6edd8ec,92127264.0,2.0,0.0,f,0.8,0.0,REPROVADO
113733,57564846,617c2e34e148a00577d0efeda6edd8ec,92127264.0,3.0,0.0,f,0.8,0.0,REPROVADO
113740,57564846,469b4e52f0fc039742f0d6f50587fd02,92127264.0,1.0,0.0,f,0.0,0.0,REPROVADO
113741,57564846,469b4e52f0fc039742f0d6f50587fd02,92127264.0,2.0,0.0,f,0.0,0.0,REPROVADO
113742,57564846,469b4e52f0fc039742f0d6f50587fd02,92127264.0,3.0,0.0,f,0.0,0.0,REPROVADO
113790,57564825,9f2893d97c3dc2cf63f5501959e73bed,92127264.0,1.0,6.30000019,f,6.7,6.0,APROVADO POR NOTA
113791,57564825,9f2893d97c3dc2cf63f5501959e73bed,92127264.0,2.0,5.30000019,f,6.7,6.0,APROVADO POR NOTA
113792,57564825,9f2893d97c3dc2cf63f5501959e73bed,92127264.0,3.0,8.60000038,f,6.7,6.0,APROVADO POR NOTA
113793,57564825,7f526a2061ee189867da31102097f91e,92127264.0,1.0,8.89999962,f,7.6,4.0,APROVADO
113794,57564825,7f526a2061ee189867da31102097f91e,92127264.0,2.0,6.5,f,7.6,4.0,APROVADO
113795,57564825,7f526a2061ee189867da31102097f91e,92127264.0,3.0,7.30000019,f,7.6,4.0,APROVADO
113796,57564825,59d9aee9a3b15f0b735e28fe4a692a8e,92127264.0,1.0,7.19999981,f,7.7,4.0,APROVADO
113797,57564825,59d9aee9a3b15f0b735e28fe4a692a8e,92127264.0,2.0,6.30000019,f,7.7,4.0,APROVADO
113798,57564825,59d9aee9a3b15f0b735e28fe4a692a8e,92127264.0,3.0,9.5,f,7.7,4.0,APROVADO
113799,57564825,768519e21c9db3641c7c0d26e55d5574,92127264.0,1.0,4.69999981,f,5.6,2.0,APROVADO POR NOTA
113800,57564825,768519e21c9db3641c7c0d26e55d5574,92127264.0,2.0,5.0,f,5.6,2.0,APROVADO POR NOTA
113801,57564825,768519e21c9db3641c7c0d26e55d5574,92127264.0,3.0,7.0,f,5.6,2.0,APROVADO POR NOTA
113802,57564825,c9e9fb6d34701e4b7c7ce48b0444c7fe,92127264.0,1.0,4.9000001,f,5.6,14.0,APROVADO POR NOTA
113803,57564825,c9e9fb6d34701e4b7c7ce48b0444c7fe,92127264.0,2.0,5.0,f,5.6,14.0,APROVADO POR NOTA
113804,57564825,c9e9fb6d34701e4b7c7ce48b0444c7fe,92127264.0,3.0,7.0,f,5.6,14.0,APROVADO POR NOTA
113967,57563901,bc2bc7b8d6d7550aeaf952fd146e716e,92127264.0,1.0,9.0,f,7.2,12.0,APROVADO
113968,57563901,bc2bc7b8d6d7550aeaf952fd146e716e,92127264.0,2.0,5.5999999,f,7.2,12.0,APROVADO
113969,57563901,bc2bc7b8d6d7550aeaf952fd146e716e,92127264.0,3.0,7.0,f,7.2,12.0,APROVADO
114449,57564855,b9cc628293a174538ea7495da29d59df,92127264.0,1.0,8.0,f,6.7,1.0,APROVADO POR NOTA
114450,57564855,b9cc628293a174538ea7495da29d59df,92127264.0,2.0,7.5,f,6.7,1.0,APROVADO POR NOTA
114451,57564855,b9cc628293a174538ea7495da29d59df,92127264.0,3.0,4.5,f,6.7,1.0,APROVADO POR NOTA
114452,57564855,f250d74dc7561f1f4f5e39242df98be1,92127264.0,3.0,0.0,f,0.0,30.0,REPROVADO POR MÉDIA E POR FALTAS
114453,57564855,f250d74dc7561f1f4f5e39242df98be1,92127264.0,1.0,0.0,f,0.0,30.0,REPROVADO POR MÉDIA E POR FALTAS
114454,57564855,f250d74dc7561f1f4f5e39242df98be1,92127264.0,2.0,0.0,f,0.0,30.0,REPROVADO POR MÉDIA E POR FALTAS
114455,57564855,8e0fe67e7758328f385c2a251f5b3c34,92127264.0,1.0,0.0,f,0.0,26.0,REPROVADO
114456,57564855,8e0fe67e7758328f385c2a251f5b3c34,92127264.0,2.0,0.0,f,0.0,26.0,REPROVADO
114457,57564855,8e0fe67e7758328f385c2a251f5b3c34,92127264.0,3.0,0.0,f,0.0,26.0,REPROVADO
114458,57564855,dfc0b8035c1c5931710e65e92d91aa30,92127264.0,0,0,0,0,0,DESISTENCIA
114459,57564855,b48992acc8eac3465362de43c402f802,92127264.0,1.0,0.0,f,0.0,51.0,REPROVADO POR MÉDIA E POR FALTAS
114460,57564855,b48992acc8eac3465362de43c402f802,92127264.0,2.0,0.0,f,0.0,51.0,REPROVADO POR MÉDIA E POR FALTAS
114461,57564855,b48992acc8eac3465362de43c402f802,92127264.0,3.0,0.0,f,0.0,51.0,REPROVADO POR MÉDIA E POR FALTAS
114477,57564855,adbe26ddc8bc24ae4ea69b38868715eb,92127264.0,3.0,0.0,f,0.0,61.0,REPROVADO POR MÉDIA E POR FALTAS
114478,57564855,adbe26ddc8bc24ae4ea69b38868715eb,92127264.0,1.0,0.0,f,0.0,61.0,REPROVADO POR MÉDIA E POR FALTAS
114479,57564855,adbe26ddc8bc24ae4ea69b38868715eb,92127264.0,2.0,0.0,f,0.0,61.0,REPROVADO POR MÉDIA E POR FALTAS
114480,57564855,511d0df6f55de7f9c4818636b1535e02,92127264.0,1.0,3.0,f,1.0,14.0,REPROVADO
114481,57564855,511d0df6f55de7f9c4818636b1535e02,92127264.0,2.0,0.0,f,1.0,14.0,REPROVADO
114482,57564855,511d0df6f55de7f9c4818636b1535e02,92127264.0,3.0,0.0,f,1.0,14.0,REPROVADO
114483,57564855,b62c9aa529d23faf40ce26f99b3de7e3,92127264.0,1.0,2.5,f,0.8,39.0,REPROVADO POR MÉDIA E POR FALTAS
114484,57564855,b62c9aa529d23faf40ce26f99b3de7e3,92127264.0,2.0,0.0,f,0.8,39.0,REPROVADO POR MÉDIA E POR FALTAS
114485,57564855,b62c9aa529d23faf40ce26f99b3de7e3,92127264.0,3.0,0.0,f,0.8,39.0,REPROVADO POR MÉDIA E POR FALTAS
114486,57564855,a8293007099ed594f8198548de44d95d,92127264.0,0,0,0,0,0,TRANCADO
114490,57564855,685d382aceefa5031509c9bb87e613dd,92127264.0,1.0,4.80000019,f,5.1,16.0,APROVADO POR NOTA
114491,57564855,685d382aceefa5031509c9bb87e613dd,92127264.0,2.0,4.0,t,5.1,16.0,APROVADO POR NOTA
114492,57564855,685d382aceefa5031509c9bb87e613dd,92127264.0,3.0,5.5,f,5.1,16.0,APROVADO POR NOTA
114580,57564873,72489a3d7b821870feaba15d0791d180,92127264.0,1.0,8.80000019,f,8.6,0.0,APROVADO
114581,57564873,72489a3d7b821870feaba15d0791d180,92127264.0,2.0,8.5,f,8.6,0.0,APROVADO
114582,57564873,72489a3d7b821870feaba15d0791d180,92127264.0,3.0,8.5,f,8.6,0.0,APROVADO
114586,57564870,016b3e8d294936a422258b4ba1a7a785,92127264.0,1.0,5.0,f,1.8,0.0,REPROVADO
114587,57564870,016b3e8d294936a422258b4ba1a7a785,92127264.0,2.0,0.400000006,f,1.8,0.0,REPROVADO
114588,57564870,016b3e8d294936a422258b4ba1a7a785,92127264.0,3.0,0.0,f,1.8,0.0,REPROVADO
114589,57564870,511d0df6f55de7f9c4818636b1535e02,92127264.0,1.0,2.5999999,f,1.6,0.0,REPROVADO
114590,57564870,511d0df6f55de7f9c4818636b1535e02,92127264.0,2.0,2.29999995,f,1.6,0.0,REPROVADO
114591,57564870,511d0df6f55de7f9c4818636b1535e02,92127264.0,3.0,0.0,f,1.6,0.0,REPROVADO
114592,57564870,a70e6e000686d82ad1d1a29ce75fab9f,92127264.0,1.0,10.0,f,8.1,0.0,APROVADO
114593,57564870,a70e6e000686d82ad1d1a29ce75fab9f,92127264.0,2.0,4.19999981,f,8.1,0.0,APROVADO
114594,57564870,a70e6e000686d82ad1d1a29ce75fab9f,92127264.0,3.0,10.0,f,8.1,0.0,APROVADO
114595,57564870,dfc0b8035c1c5931710e65e92d91aa30,92127264.0,3.0,0.0,f,1.3,0.0,REPROVADO
114596,57564870,dfc0b8035c1c5931710e65e92d91aa30,92127264.0,1.0,4.0,f,1.3,0.0,REPROVADO
114597,57564870,dfc0b8035c1c5931710e65e92d91aa30,92127264.0,2.0,0.0,f,1.3,0.0,REPROVADO
114601,57564870,da437177e090ab90ea33ba772cfbae03,92127264.0,0,0,0,0,0,TRANCADO
114602,57564870,49f2cf9cba9f712bc1ffeddd47b8907f,92127264.0,1.0,0.0,f,1.3,0.0,REPROVADO
114603,57564870,49f2cf9cba9f712bc1ffeddd47b8907f,92127264.0,2.0,4.0,f,1.3,0.0,REPROVADO
114604,57564870,49f2cf9cba9f712bc1ffeddd47b8907f,92127264.0,3.0,0.0,f,1.3,0.0,REPROVADO
114605,57564870,2849447e693afb0816767beb8dc0a942,92127264.0,1.0,3.5999999,f,2.2,0.0,REPROVADO
114606,57564870,2849447e693afb0816767beb8dc0a942,92127264.0,2.0,3.0999999,f,2.2,0.0,REPROVADO
114607,57564870,2849447e693afb0816767beb8dc0a942,92127264.0,3.0,0.0,f,2.2,0.0,REPROVADO
114608,57564870,dc0b37a9d90ff2d54cb650d366bb9d1e,92127264.0,1.0,3.29999995,f,3.4,10.0,REPROVADO
114609,57564870,dc0b37a9d90ff2d54cb650d366bb9d1e,92127264.0,2.0,1.79999995,f,3.4,10.0,REPROVADO
114610,57564870,dc0b37a9d90ff2d54cb650d366bb9d1e,92127264.0,3.0,5.0,f,3.4,10.0,REPROVADO
114629,57564816,bf826f6b7f8f02ec7913a727a55e9cbc,92127264.0,1.0,0,f,0,0,DESISTENCIA
114630,57564816,bf826f6b7f8f02ec7913a727a55e9cbc,92127264.0,2.0,0,f,0,0,DESISTENCIA
114631,57564816,b583f1c1e858b97a99e69e861aa23388,92127264.0,1.0,0,f,0,0,DESISTENCIA
114632,57564816,b583f1c1e858b97a99e69e861aa23388,92127264.0,2.0,0,f,0,0,DESISTENCIA
114811,57565061,d624069cd2691821d497421eae79b0bc,92127264.0,1.0,8.10000038,f,7.9,6.0,APROVADO
114812,57565061,d624069cd2691821d497421eae79b0bc,92127264.0,2.0,8.10000038,f,7.9,6.0,APROVADO
114813,57565061,d624069cd2691821d497421eae79b0bc,92127264.0,3.0,7.5,f,7.9,6.0,APROVADO
114814,57565061,9f2893d97c3dc2cf63f5501959e73bed,92127264.0,0,0,0,0,0,TRANCADO
114815,57565061,8adfd36bd28efb815197f6837af8b2b9,92127264.0,3.0,7.0,f,6.5,12.0,APROVADO POR NOTA
114816,57565061,8adfd36bd28efb815197f6837af8b2b9,92127264.0,1.0,7.19999981,f,6.5,12.0,APROVADO POR NOTA
114817,57565061,8adfd36bd28efb815197f6837af8b2b9,92127264.0,2.0,5.19999981,f,6.5,12.0,APROVADO POR NOTA
114818,57565061,bf826f6b7f8f02ec7913a727a55e9cbc,92127264.0,1.0,8.80000019,f,8.0,0.0,APROVADO
114819,57565061,bf826f6b7f8f02ec7913a727a55e9cbc,92127264.0,2.0,6.69999981,f,8.0,0.0,APROVADO
114820,57565061,bf826f6b7f8f02ec7913a727a55e9cbc,92127264.0,3.0,8.5,f,8.0,0.0,APROVADO
114824,57565061,ab6ebb084c9eb8a5889596424523e77d,92127264.0,1.0,8.19999981,f,7.1,8.0,APROVADO
114825,57565061,ab6ebb084c9eb8a5889596424523e77d,92127264.0,2.0,5.5,f,7.1,8.0,APROVADO
114826,57565061,ab6ebb084c9eb8a5889596424523e77d,92127264.0,3.0,7.5,f,7.1,8.0,APROVADO
114827,57565061,25d2bd21cd76c59793f8a006c03cf6b9,92127264.0,1.0,8.19999981,f,7.7,6.0,APROVADO
114828,57565061,25d2bd21cd76c59793f8a006c03cf6b9,92127264.0,2.0,6.4000001,f,7.7,6.0,APROVADO
114829,57565061,25d2bd21cd76c59793f8a006c03cf6b9,92127264.0,3.0,8.5,f,7.7,6.0,APROVADO
114873,57564813,69d022c2924a232b8a0ca9e0ac7da317,92127264.0,1.0,3.9000001,f,5.7,10.0,APROVADO POR NOTA
114874,57564813,69d022c2924a232b8a0ca9e0ac7da317,92127264.0,2.0,5.80000019,f,5.7,10.0,APROVADO POR NOTA
114875,57564813,69d022c2924a232b8a0ca9e0ac7da317,92127264.0,3.0,7.5,f,5.7,10.0,APROVADO POR NOTA
114876,57564813,768519e21c9db3641c7c0d26e55d5574,92127264.0,1.0,7.19999981,f,6.7,0.0,APROVADO POR NOTA
114877,57564813,768519e21c9db3641c7c0d26e55d5574,92127264.0,2.0,5.5,f,6.7,0.0,APROVADO POR NOTA
114878,57564813,768519e21c9db3641c7c0d26e55d5574,92127264.0,3.0,7.5,f,6.7,0.0,APROVADO POR NOTA
114879,57564813,9f2893d97c3dc2cf63f5501959e73bed,92127264.0,1.0,4.80000019,f,6.0,12.0,APROVADO POR NOTA
114880,57564813,9f2893d97c3dc2cf63f5501959e73bed,92127264.0,2.0,7.19999981,f,6.0,12.0,APROVADO POR NOTA
114881,57564813,9f2893d97c3dc2cf63f5501959e73bed,92127264.0,3.0,6.0,f,6.0,12.0,APROVADO POR NOTA
114882,57564813,9fab264022905965335b7bc3964f7ed1,92127264.0,1.0,7.30000019,f,8.3,4.0,APROVADO
114883,57564813,9fab264022905965335b7bc3964f7ed1,92127264.0,2.0,9.0,f,8.3,4.0,APROVADO
114884,57564813,9fab264022905965335b7bc3964f7ed1,92127264.0,3.0,8.5,f,8.3,4.0,APROVADO
114888,57564813,739c7ac76005b144cc9b72cbe44a0e32,92127264.0,0,0,0,0,0,DESISTENCIA
114892,57564813,fa1619c9583ee340b04ee8175182fc0f,92127264.0,1.0,4.099999899999999,f,5.9,2.0,APROVADO POR NOTA
114893,57564813,fa1619c9583ee340b04ee8175182fc0f,92127264.0,2.0,6.5,f,5.9,2.0,APROVADO POR NOTA
114894,57564813,fa1619c9583ee340b04ee8175182fc0f,92127264.0,3.0,7.0,f,5.9,2.0,APROVADO POR NOTA
114895,57564813,cdf99402c72f8d20aa224ef307623751,92127264.0,0,0,0,0,0,DESISTENCIA
114902,57564813,6f98786a9052a37e94305be5bb8acea5,92127264.0,1.0,0,f,0,0.0,TRANCADO
114903,57564813,6f98786a9052a37e94305be5bb8acea5,92127264.0,2.0,0,f,0,0.0,TRANCADO
114904,57564813,6f98786a9052a37e94305be5bb8acea5,92127264.0,3.0,0,f,0,0.0,TRANCADO
114905,57564813,ca045d46c152b54c2cfe110d01d3e8ce,92127264.0,0,0,0,0,0,DESISTENCIA
114912,57564876,49bc53d97fa4bbe9f2062ade532d313e,92127264.0,1.0,0.0,f,0.0,68.0,REPROVADO POR MÉDIA E POR FALTAS
114913,57564876,49bc53d97fa4bbe9f2062ade532d313e,92127264.0,2.0,0.0,f,0.0,68.0,REPROVADO POR MÉDIA E POR FALTAS
114914,57564876,49bc53d97fa4bbe9f2062ade532d313e,92127264.0,3.0,0.0,f,0.0,68.0,REPROVADO POR MÉDIA E POR FALTAS
114915,57564876,3937ba9886476e53a2eda1d4f6e067a9,92127264.0,1.0,9.5,f,8.8,18.0,APROVADO
114916,57564876,3937ba9886476e53a2eda1d4f6e067a9,92127264.0,2.0,8.30000019,f,8.8,18.0,APROVADO
114917,57564876,3937ba9886476e53a2eda1d4f6e067a9,92127264.0,3.0,8.60000038,f,8.8,18.0,APROVADO
114921,57564876,713d1e23e527993346b137af29994241,92127264.0,1.0,0,f,0,0.0,TRANCADO
114922,57564876,713d1e23e527993346b137af29994241,92127264.0,2.0,0,f,0,0.0,TRANCADO
114923,57564876,713d1e23e527993346b137af29994241,92127264.0,3.0,0,f,0,0.0,TRANCADO
114924,57564876,f8fbf27b209754521cdbc40840a5a8c3,92127264.0,1.0,7.0,f,7.8,16.0,APROVADO
114925,57564876,f8fbf27b209754521cdbc40840a5a8c3,92127264.0,2.0,8.69999981,f,7.8,16.0,APROVADO
114926,57564876,f8fbf27b209754521cdbc40840a5a8c3,92127264.0,3.0,7.599999900000001,f,7.8,16.0,APROVADO
114927,57564876,ab6ebb084c9eb8a5889596424523e77d,92127264.0,1.0,10.0,f,9.1,5.0,APROVADO
114928,57564876,ab6ebb084c9eb8a5889596424523e77d,92127264.0,2.0,8.69999981,f,9.1,5.0,APROVADO
114929,57564876,ab6ebb084c9eb8a5889596424523e77d,92127264.0,3.0,8.60000038,f,9.1,5.0,APROVADO
114930,57564876,6979f555ed7b878d55f9cd3fa4e5c032,92127264.0,1.0,0,f,0,0.0,TRANCADO
114931,57564876,6979f555ed7b878d55f9cd3fa4e5c032,92127264.0,2.0,0,f,0,0.0,TRANCADO
114932,57564876,6979f555ed7b878d55f9cd3fa4e5c032,92127264.0,3.0,0,f,0,0.0,TRANCADO
114933,57564876,240d89786f849e37a4d06809e635fa47,92127264.0,0,0,0,0,0,DESISTENCIA
114934,57564876,54d1c4d0930e630b849e36fbbb2d2390,92127264.0,1.0,0,f,0,0.0,TRANCADO
114935,57564876,54d1c4d0930e630b849e36fbbb2d2390,92127264.0,2.0,0,f,0,0.0,TRANCADO
114936,57564876,54d1c4d0930e630b849e36fbbb2d2390,92127264.0,3.0,0,f,0,0.0,TRANCADO
114937,57564876,473244edf0579d6a4452a4eb6af2dcea,92127264.0,1.0,9.5,f,8.5,9.0,APROVADO
114938,57564876,473244edf0579d6a4452a4eb6af2dcea,92127264.0,2.0,7.30000019,f,8.5,9.0,APROVADO
114939,57564876,473244edf0579d6a4452a4eb6af2dcea,92127264.0,3.0,8.60000038,f,8.5,9.0,APROVADO
114940,57564852,e4dcda7fa43cfcaa58044c501b34f030,92127264.0,1.0,6.0,f,5.2,14.0,APROVADO POR NOTA
114941,57564852,e4dcda7fa43cfcaa58044c501b34f030,92127264.0,2.0,4.19999981,f,5.2,14.0,APROVADO POR NOTA
114942,57564852,e4dcda7fa43cfcaa58044c501b34f030,92127264.0,3.0,5.5,f,5.2,14.0,APROVADO POR NOTA
114943,57564852,a682f2beb315b67438ce66dcadd140e8,92127264.0,1.0,5.4000001,f,5.5,10.0,APROVADO POR NOTA
114944,57564852,a682f2beb315b67438ce66dcadd140e8,92127264.0,2.0,5.80000019,f,5.5,10.0,APROVADO POR NOTA
114945,57564852,a682f2beb315b67438ce66dcadd140e8,92127264.0,3.0,5.19999981,f,5.5,10.0,APROVADO POR NOTA
114946,57564852,4786ee006b177a4effef45521b7bd94f,92127264.0,1.0,4.5999999,f,5.6,0.0,APROVADO POR NOTA
114947,57564852,4786ee006b177a4effef45521b7bd94f,92127264.0,2.0,5.30000019,f,5.6,0.0,APROVADO POR NOTA
114948,57564852,4786ee006b177a4effef45521b7bd94f,92127264.0,3.0,7.0,f,5.6,0.0,APROVADO POR NOTA
114949,57564852,35e2507cc2ed396f7078879369b27286,92127264.0,1.0,3.20000005,f,5.3,4.0,APROVADO POR NOTA
114950,57564852,35e2507cc2ed396f7078879369b27286,92127264.0,2.0,3.4000001,f,5.3,4.0,APROVADO POR NOTA
114951,57564852,35e2507cc2ed396f7078879369b27286,92127264.0,3.0,9.19999981,f,5.3,4.0,APROVADO POR NOTA
114952,57564852,d624069cd2691821d497421eae79b0bc,92127264.0,2.0,3.5,f,3.5,18.0,REPROVADO
114953,57564852,d624069cd2691821d497421eae79b0bc,92127264.0,3.0,3.9000001,f,3.5,18.0,REPROVADO
114954,57564852,d624069cd2691821d497421eae79b0bc,92127264.0,1.0,3.20000005,f,3.5,18.0,REPROVADO
114955,57564852,baf6c06a77f8436a2f1c068be8c7f854,92127264.0,1.0,0.0,f,0.4,16.0,REPROVADO
114956,57564852,baf6c06a77f8436a2f1c068be8c7f854,92127264.0,2.0,1.20000005,f,0.4,16.0,REPROVADO
114957,57564852,baf6c06a77f8436a2f1c068be8c7f854,92127264.0,3.0,0.0,f,0.4,16.0,REPROVADO
114958,57564852,2849447e693afb0816767beb8dc0a942,92127264.0,1.0,6.0,f,6.2,14.0,APROVADO POR NOTA
114959,57564852,2849447e693afb0816767beb8dc0a942,92127264.0,2.0,7.0,f,6.2,14.0,APROVADO POR NOTA
114960,57564852,2849447e693afb0816767beb8dc0a942,92127264.0,3.0,5.5999999,f,6.2,14.0,APROVADO POR NOTA
114961,57564852,480a730ca3e8657e4d203f06d6baaae1,92127264.0,1.0,5.80000019,f,6.2,2.0,APROVADO POR NOTA
114962,57564852,480a730ca3e8657e4d203f06d6baaae1,92127264.0,2.0,5.5,f,6.2,2.0,APROVADO POR NOTA
114963,57564852,480a730ca3e8657e4d203f06d6baaae1,92127264.0,3.0,7.30000019,f,6.2,2.0,APROVADO POR NOTA
114965,57564852,dfc0b8035c1c5931710e65e92d91aa30,92127264.0,1.0,1.89999998,f,0.6,44.0,REPROVADO POR MÉDIA E POR FALTAS
114966,57564852,dfc0b8035c1c5931710e65e92d91aa30,92127264.0,2.0,0.0,f,0.6,44.0,REPROVADO POR MÉDIA E POR FALTAS
114967,57564852,dfc0b8035c1c5931710e65e92d91aa30,92127264.0,3.0,0.0,f,0.6,44.0,REPROVADO POR MÉDIA E POR FALTAS
114968,57564852,71ded068ae396ef3bb21c15219c4906b,92127264.0,1.0,0.0,f,0.0,58.0,REPROVADO POR MÉDIA E POR FALTAS
114969,57564852,71ded068ae396ef3bb21c15219c4906b,92127264.0,2.0,0.0,f,0.0,58.0,REPROVADO POR MÉDIA E POR FALTAS
114970,57564852,71ded068ae396ef3bb21c15219c4906b,92127264.0,3.0,0.0,f,0.0,58.0,REPROVADO POR MÉDIA E POR FALTAS
114971,57564852,15ce11b7e21c47c687f7008c288e12b5,92127264.0,1.0,0.0,f,0.0,38.0,REPROVADO POR MÉDIA E POR FALTAS
114972,57564852,15ce11b7e21c47c687f7008c288e12b5,92127264.0,2.0,0.0,f,0.0,38.0,REPROVADO POR MÉDIA E POR FALTAS
114973,57564852,15ce11b7e21c47c687f7008c288e12b5,92127264.0,3.0,0.0,f,0.0,38.0,REPROVADO POR MÉDIA E POR FALTAS
114978,57564852,d4e047d2df4d181e5395b78df93f9811,92127264.0,1.0,3.5999999,f,5.1,0.0,APROVADO POR NOTA
114979,57564852,d4e047d2df4d181e5395b78df93f9811,92127264.0,2.0,0.5,t,5.1,0.0,APROVADO POR NOTA
114980,57564852,d4e047d2df4d181e5395b78df93f9811,92127264.0,3.0,5.0,f,5.1,0.0,APROVADO POR NOTA
114981,57564852,f3ac5d986b7350a02d63a22510377d73,92127264.0,1.0,3.20000005,t,5.3,4.0,APROVADO POR NOTA
114982,57564852,f3ac5d986b7350a02d63a22510377d73,92127264.0,2.0,5.0,f,5.3,4.0,APROVADO POR NOTA
114983,57564852,f3ac5d986b7350a02d63a22510377d73,92127264.0,3.0,6.4000001,f,5.3,4.0,APROVADO POR NOTA
114984,57564852,30327d430572d0c720dcd1682a39c361,92127264.0,1.0,3.5999999,f,5.8,14.0,APROVADO POR NOTA
114985,57564852,30327d430572d0c720dcd1682a39c361,92127264.0,2.0,2.79999995,t,5.8,14.0,APROVADO POR NOTA
114986,57564852,30327d430572d0c720dcd1682a39c361,92127264.0,3.0,7.099999900000001,f,5.8,14.0,APROVADO POR NOTA
114987,57564852,c64950466f754a7a5656d1968f33c8fc,92127264.0,1.0,5.69999981,f,6.0,2.0,APROVADO POR NOTA
114988,57564852,c64950466f754a7a5656d1968f33c8fc,92127264.0,2.0,6.900000099999999,f,6.0,2.0,APROVADO POR NOTA
114989,57564852,c64950466f754a7a5656d1968f33c8fc,92127264.0,3.0,5.4000001,f,6.0,2.0,APROVADO POR NOTA
114990,57564852,3797d070ee3c0d06f8ca9e32d970dc0e,92127264.0,1.0,6.30000019,f,7.6,14.0,APROVADO
114991,57564852,3797d070ee3c0d06f8ca9e32d970dc0e,92127264.0,2.0,8.10000038,f,7.6,14.0,APROVADO
114992,57564852,3797d070ee3c0d06f8ca9e32d970dc0e,92127264.0,3.0,8.39999962,f,7.6,14.0,APROVADO
114993,57564852,7f526a2061ee189867da31102097f91e,92127264.0,1.0,4.5999999,f,6.4,10.0,APROVADO POR NOTA
114994,57564852,7f526a2061ee189867da31102097f91e,92127264.0,2.0,5.80000019,f,6.4,10.0,APROVADO POR NOTA
114995,57564852,7f526a2061ee189867da31102097f91e,92127264.0,3.0,8.69999981,f,6.4,10.0,APROVADO POR NOTA
115026,57564868,e6cdfc6ba7edb9e72e88b259112088c6,92127264.0,1.0,10.0,f,8.8,0.0,APROVADO
115027,57564868,e6cdfc6ba7edb9e72e88b259112088c6,92127264.0,2.0,8.30000019,f,8.8,0.0,APROVADO
115028,57564868,e6cdfc6ba7edb9e72e88b259112088c6,92127264.0,3.0,8.0,f,8.8,0.0,APROVADO
115029,57564868,b41962dbdf2c399278387568c820ac90,92127264.0,1.0,9.0,f,9.2,0.0,APROVADO
115030,57564868,b41962dbdf2c399278387568c820ac90,92127264.0,2.0,8.5,f,9.2,0.0,APROVADO
115031,57564868,b41962dbdf2c399278387568c820ac90,92127264.0,3.0,10.0,f,9.2,0.0,APROVADO
115035,57564868,876c9810d6f4b25797d73c942f55764e,92127264.0,1.0,0.5,f,0.2,0.0,REPROVADO
115036,57564868,876c9810d6f4b25797d73c942f55764e,92127264.0,2.0,0.0,f,0.2,0.0,REPROVADO
115037,57564868,876c9810d6f4b25797d73c942f55764e,92127264.0,3.0,0.0,f,0.2,0.0,REPROVADO
115038,57564868,c62cb04038e4dc1c8c4289869343a181,92127264.0,1.0,10.0,f,7.8,0.0,APROVADO
115039,57564868,c62cb04038e4dc1c8c4289869343a181,92127264.0,2.0,3.29999995,f,7.8,0.0,APROVADO
115040,57564868,c62cb04038e4dc1c8c4289869343a181,92127264.0,3.0,10.0,f,7.8,0.0,APROVADO
115041,57564868,5ff2a17b3e44f4ad386b87374a841675,92127264.0,1.0,3.5,f,1.2,0.0,REPROVADO
115042,57564868,5ff2a17b3e44f4ad386b87374a841675,92127264.0,2.0,0.0,f,1.2,0.0,REPROVADO
115043,57564868,5ff2a17b3e44f4ad386b87374a841675,92127264.0,3.0,0.0,f,1.2,0.0,REPROVADO
115044,57564868,679c140c591149567fb371703ba24cef,92127264.0,1.0,4.5,f,5.5,0.0,APROVADO POR NOTA
115045,57564868,679c140c591149567fb371703ba24cef,92127264.0,2.0,5.0,f,5.5,0.0,APROVADO POR NOTA
115046,57564868,679c140c591149567fb371703ba24cef,92127264.0,3.0,7.0,f,5.5,0.0,APROVADO POR NOTA
115047,57564868,b0e148daf401068c1b47be520d5bb181,92127264.0,2.0,1.0,f,1.7,0.0,REPROVADO
115048,57564868,b0e148daf401068c1b47be520d5bb181,92127264.0,3.0,0.0,f,1.7,0.0,REPROVADO
115049,57564868,b0e148daf401068c1b47be520d5bb181,92127264.0,1.0,4.0,f,1.7,0.0,REPROVADO
115050,57564868,27c5adb3b003e96f4171dfefe69835fe,92127264.0,1.0,9.0,f,7.8,0.0,APROVADO
115051,57564868,27c5adb3b003e96f4171dfefe69835fe,92127264.0,2.0,6.30000019,f,7.8,0.0,APROVADO
115052,57564868,27c5adb3b003e96f4171dfefe69835fe,92127264.0,3.0,8.0,f,7.8,0.0,APROVADO
115053,57564868,9c8c21e07fb93342e39e3564779181cb,92127264.0,1.0,8.0,f,6.5,0.0,APROVADO POR NOTA
115054,57564868,9c8c21e07fb93342e39e3564779181cb,92127264.0,2.0,3.79999995,f,6.5,0.0,APROVADO POR NOTA
115055,57564868,9c8c21e07fb93342e39e3564779181cb,92127264.0,3.0,7.80000019,f,6.5,0.0,APROVADO POR NOTA
115068,57564868,b5bb50470f3c6a62b075cf02a5e47ecb,92127264.0,1.0,4.0,f,1.3,0.0,REPROVADO
115069,57564868,b5bb50470f3c6a62b075cf02a5e47ecb,92127264.0,2.0,0.0,f,1.3,0.0,REPROVADO
115070,57564868,b5bb50470f3c6a62b075cf02a5e47ecb,92127264.0,3.0,0.0,f,1.3,0.0,REPROVADO
115071,57564868,5dac5cab88de4928bbc3095150f768ff,92127264.0,1.0,2.0,f,0.7,0.0,REPROVADO
115072,57564868,5dac5cab88de4928bbc3095150f768ff,92127264.0,2.0,0.0,f,0.7,0.0,REPROVADO
115073,57564868,5dac5cab88de4928bbc3095150f768ff,92127264.0,3.0,0.0,f,0.7,0.0,REPROVADO
115074,57564868,1235a9301fcee8edf5d74e0f0f2df292,92127264.0,1.0,5.0,f,5.7,0.0,APROVADO POR NOTA
115075,57564868,1235a9301fcee8edf5d74e0f0f2df292,92127264.0,2.0,3.20000005,f,5.7,0.0,APROVADO POR NOTA
115076,57564868,1235a9301fcee8edf5d74e0f0f2df292,92127264.0,3.0,9.0,f,5.7,0.0,APROVADO POR NOTA
115081,57564868,fd67ce939432d220dc3ab6030c9b349f,92127264.0,1.0,5.0,f,4.1,0.0,REPROVADO
115082,57564868,fd67ce939432d220dc3ab6030c9b349f,92127264.0,2.0,3.29999995,f,4.1,0.0,REPROVADO
115083,57564868,fd67ce939432d220dc3ab6030c9b349f,92127264.0,3.0,4.0,f,4.1,0.0,REPROVADO
115084,57564868,23c3e6fe2285999433491924f662c872,92127264.0,1.0,3.0,f,1.0,0.0,REPROVADO
115085,57564868,23c3e6fe2285999433491924f662c872,92127264.0,2.0,0.0,f,1.0,0.0,REPROVADO
115086,57564868,23c3e6fe2285999433491924f662c872,92127264.0,3.0,0.0,f,1.0,0.0,REPROVADO
115087,57564868,01520db6ce2ca85f5b119463328ccb93,92127264.0,1.0,9.5,f,8.0,0.0,APROVADO
115088,57564868,01520db6ce2ca85f5b119463328ccb93,92127264.0,2.0,4.4000001,f,8.0,0.0,APROVADO
115089,57564868,01520db6ce2ca85f5b119463328ccb93,92127264.0,3.0,10.0,f,8.0,0.0,APROVADO
115090,57564868,ccece052e4da7294d46957f07a89a077,92127264.0,1.0,0.5,f,0.3,0.0,REPROVADO
115091,57564868,ccece052e4da7294d46957f07a89a077,92127264.0,2.0,0.300000012,f,0.3,0.0,REPROVADO
115092,57564868,ccece052e4da7294d46957f07a89a077,92127264.0,3.0,0.0,f,0.3,0.0,REPROVADO
115093,57564868,f94fc6035baef2bf3865715534a13d96,92127264.0,1.0,2.0,f,1.0,0.0,REPROVADO
115094,57564868,f94fc6035baef2bf3865715534a13d96,92127264.0,2.0,1.0,f,1.0,0.0,REPROVADO
115095,57564868,f94fc6035baef2bf3865715534a13d96,92127264.0,3.0,0.0,f,1.0,0.0,REPROVADO
115096,57564868,469b4e52f0fc039742f0d6f50587fd02,92127264.0,1.0,0.0,f,0.0,0.0,REPROVADO
115097,57564868,469b4e52f0fc039742f0d6f50587fd02,92127264.0,2.0,0.0,f,0.0,0.0,REPROVADO
115098,57564868,469b4e52f0fc039742f0d6f50587fd02,92127264.0,3.0,0.0,f,0.0,0.0,REPROVADO
115099,57564859,27c5adb3b003e96f4171dfefe69835fe,92127264.0,1.0,10.0,f,10.0,0.0,APROVADO
115100,57564859,27c5adb3b003e96f4171dfefe69835fe,92127264.0,2.0,10.0,f,10.0,0.0,APROVADO
115101,57564859,27c5adb3b003e96f4171dfefe69835fe,92127264.0,3.0,9.89999962,f,10.0,0.0,APROVADO
115102,57564859,2727460eeb832023dbf9410f0de31e35,92127264.0,1.0,3.5,f,1.2,0.0,REPROVADO
115103,57564859,2727460eeb832023dbf9410f0de31e35,92127264.0,2.0,0.0,f,1.2,0.0,REPROVADO
115104,57564859,2727460eeb832023dbf9410f0de31e35,92127264.0,3.0,0.0,f,1.2,0.0,REPROVADO
115105,57564859,7d6db9f655e9be38f58a9d4585a41398,92127264.0,1.0,3.70000005,f,5.7,0.0,APROVADO POR NOTA
115106,57564859,7d6db9f655e9be38f58a9d4585a41398,92127264.0,2.0,6.4000001,f,5.7,0.0,APROVADO POR NOTA
115107,57564859,7d6db9f655e9be38f58a9d4585a41398,92127264.0,3.0,7.0,f,5.7,0.0,APROVADO POR NOTA
115111,57564859,0de95bcf3cc904efa8d693676e091dfc,92127264.0,1.0,8.5,f,7.1,0.0,APROVADO
115112,57564859,0de95bcf3cc904efa8d693676e091dfc,92127264.0,2.0,4.30000019,f,7.1,0.0,APROVADO
115113,57564859,0de95bcf3cc904efa8d693676e091dfc,92127264.0,3.0,8.60000038,f,7.1,0.0,APROVADO
115114,57564859,3a93cf9223126865d5c1f2a987452e56,92127264.0,1.0,8.69999981,f,6.9,0.0,APROVADO
115115,57564859,3a93cf9223126865d5c1f2a987452e56,92127264.0,2.0,6.5,f,6.9,0.0,APROVADO
115116,57564859,3a93cf9223126865d5c1f2a987452e56,92127264.0,3.0,5.0999999,f,6.9,0.0,APROVADO
115117,57564859,4601d6c88fba4d646420f25fa5fcc2cf,92127264.0,1.0,8.69999981,f,7.1,0.0,APROVADO
115118,57564859,4601d6c88fba4d646420f25fa5fcc2cf,92127264.0,2.0,8.0,f,7.1,0.0,APROVADO
115119,57564859,4601d6c88fba4d646420f25fa5fcc2cf,92127264.0,3.0,4.5,f,7.1,0.0,APROVADO
115121,57564859,0051970b8e57f667afa4ad2789426fa9,92127264.0,1.0,10.0,f,9.4,0.0,APROVADO
115122,57564859,0051970b8e57f667afa4ad2789426fa9,92127264.0,2.0,10.0,f,9.4,0.0,APROVADO
115123,57564859,0051970b8e57f667afa4ad2789426fa9,92127264.0,3.0,8.10000038,f,9.4,0.0,APROVADO
115124,57564859,e1366b1c58c910fbd4c781cb01782b57,92127264.0,3.0,0.0,f,1.5,0.0,REPROVADO
115125,57564859,e1366b1c58c910fbd4c781cb01782b57,92127264.0,1.0,4.5,f,1.5,0.0,REPROVADO
115126,57564859,e1366b1c58c910fbd4c781cb01782b57,92127264.0,2.0,0.0,f,1.5,0.0,REPROVADO
115127,57564859,53890acbe28162acd131b308656482fc,92127264.0,1.0,3.70000005,f,6.0,0.0,APROVADO POR NOTA
115128,57564859,53890acbe28162acd131b308656482fc,92127264.0,2.0,7.400000099999999,f,6.0,0.0,APROVADO POR NOTA
115129,57564859,53890acbe28162acd131b308656482fc,92127264.0,3.0,6.80000019,f,6.0,0.0,APROVADO POR NOTA
115130,57564859,d8b2771c5eb1e38847a67323eb2c7954,92127264.0,1.0,2.5,f,0.8,0.0,REPROVADO
115131,57564859,d8b2771c5eb1e38847a67323eb2c7954,92127264.0,2.0,0.0,f,0.8,0.0,REPROVADO
115132,57564859,d8b2771c5eb1e38847a67323eb2c7954,92127264.0,3.0,0.0,f,0.8,0.0,REPROVADO
115133,57564859,a2410084172411a8d725d347c9e26f2d,92127264.0,1.0,6.0,f,5.4,0.0,APROVADO POR NOTA
115134,57564859,a2410084172411a8d725d347c9e26f2d,92127264.0,2.0,3.0,f,5.4,0.0,APROVADO POR NOTA
115135,57564859,a2410084172411a8d725d347c9e26f2d,92127264.0,3.0,7.30000019,f,5.4,0.0,APROVADO POR NOTA
115136,57564859,3347b21ea109ce6e93fd275add4a0a0e,92127264.0,1.0,6.30000019,f,3.0,26.0,REPROVADO
115137,57564859,3347b21ea109ce6e93fd275add4a0a0e,92127264.0,2.0,2.5999999,f,3.0,26.0,REPROVADO
115138,57564859,3347b21ea109ce6e93fd275add4a0a0e,92127264.0,3.0,0.0,f,3.0,26.0,REPROVADO
115140,57564859,29b63d2c7c4c63ea63fb33e362c47598,92127264.0,1.0,2.5,f,1.1,0.0,REPROVADO
115141,57564859,29b63d2c7c4c63ea63fb33e362c47598,92127264.0,2.0,0.800000012,f,1.1,0.0,REPROVADO
115142,57564859,29b63d2c7c4c63ea63fb33e362c47598,92127264.0,3.0,0.0,f,1.1,0.0,REPROVADO
115144,57564859,cdb1ed591022eb45f637a33d234bd883,92127264.0,1.0,4.0,f,5.6,8.0,APROVADO POR NOTA
115145,57564859,cdb1ed591022eb45f637a33d234bd883,92127264.0,2.0,3.70000005,t,5.6,8.0,APROVADO POR NOTA
115146,57564859,cdb1ed591022eb45f637a33d234bd883,92127264.0,3.0,5.80000019,f,5.6,8.0,APROVADO POR NOTA
115150,57564859,875e36aa18dd612f437445ab8af4a710,92127264.0,0,0,0,0,0,TRANCADO
115162,57564859,03a9e4938c1b3a36f7793a690063008c,92127264.0,1.0,0.5,f,0.2,0.0,REPROVADO
115163,57564859,03a9e4938c1b3a36f7793a690063008c,92127264.0,2.0,0.0,f,0.2,0.0,REPROVADO
115164,57564859,03a9e4938c1b3a36f7793a690063008c,92127264.0,3.0,0.0,f,0.2,0.0,REPROVADO
115168,57564859,2737d1bf2f063605e3691be1a76f0507,92127264.0,1.0,4.099999899999999,f,3.2,27.0,REPROVADO
115169,57564859,2737d1bf2f063605e3691be1a76f0507,92127264.0,2.0,4.19999981,f,3.2,27.0,REPROVADO
115170,57564859,2737d1bf2f063605e3691be1a76f0507,92127264.0,3.0,1.20000005,f,3.2,27.0,REPROVADO
115174,57564859,c6d39544bf76588ec9300d4546fdc16c,92127264.0,1.0,1.0,f,0.3,0.0,REPROVADO
115175,57564859,c6d39544bf76588ec9300d4546fdc16c,92127264.0,2.0,0.0,f,0.3,0.0,REPROVADO
115176,57564859,c6d39544bf76588ec9300d4546fdc16c,92127264.0,3.0,0.0,f,0.3,0.0,REPROVADO
115184,57564859,25d5eca724a3eca9a55b0a9ac7bfb373,92127264.0,1.0,1.5,f,0.6,0.0,REPROVADO
115185,57564859,25d5eca724a3eca9a55b0a9ac7bfb373,92127264.0,2.0,0.300000012,f,0.6,0.0,REPROVADO
115186,57564859,25d5eca724a3eca9a55b0a9ac7bfb373,92127264.0,3.0,0.0,f,0.6,0.0,REPROVADO
115187,57564859,ad1723416caab97b96c630e262481742,92127264.0,1.0,5.4000001,f,3.5,26.0,REPROVADO
115188,57564859,ad1723416caab97b96c630e262481742,92127264.0,2.0,2.20000005,f,3.5,26.0,REPROVADO
115189,57564859,ad1723416caab97b96c630e262481742,92127264.0,3.0,2.0,t,3.5,26.0,REPROVADO
115190,57564859,c22b39f1343c183dc05a6e8a027a17bb,92127264.0,1.0,8.5,f,8.9,0.0,APROVADO
115191,57564859,c22b39f1343c183dc05a6e8a027a17bb,92127264.0,2.0,10.0,f,8.9,0.0,APROVADO
115192,57564859,c22b39f1343c183dc05a6e8a027a17bb,92127264.0,3.0,8.19999981,f,8.9,0.0,APROVADO
115193,57564859,f94fc6035baef2bf3865715534a13d96,92127264.0,1.0,3.5,f,5.0,0.0,APROVADO POR NOTA
115194,57564859,f94fc6035baef2bf3865715534a13d96,92127264.0,2.0,7.30000019,f,5.0,0.0,APROVADO POR NOTA
115195,57564859,f94fc6035baef2bf3865715534a13d96,92127264.0,3.0,4.099999899999999,f,5.0,0.0,APROVADO POR NOTA
115196,57564859,04db5ca11d1ed89498b4eb811dbebe1f,92127264.0,1.0,1.5,f,0.7,0.0,REPROVADO
115197,57564859,04db5ca11d1ed89498b4eb811dbebe1f,92127264.0,2.0,0.600000024,f,0.7,0.0,REPROVADO
115198,57564859,04db5ca11d1ed89498b4eb811dbebe1f,92127264.0,3.0,0.0,f,0.7,0.0,REPROVADO
115199,57564859,d3f543853da6cb8c918524383f068cb9,92127264.0,1.0,2.5,f,0.8,0.0,REPROVADO
115200,57564859,d3f543853da6cb8c918524383f068cb9,92127264.0,2.0,0.0,f,0.8,0.0,REPROVADO
115201,57564859,d3f543853da6cb8c918524383f068cb9,92127264.0,3.0,0.0,f,0.8,0.0,REPROVADO
115202,57564859,945af83c78e2fc9c2f33431f481634b8,92127264.0,1.0,4.0,f,5.4,0.0,APROVADO POR NOTA
115203,57564859,945af83c78e2fc9c2f33431f481634b8,92127264.0,2.0,5.30000019,f,5.4,0.0,APROVADO POR NOTA
115204,57564859,945af83c78e2fc9c2f33431f481634b8,92127264.0,3.0,7.0,f,5.4,0.0,APROVADO POR NOTA
115206,57564859,6402926955c533d43b5bfa881472ef0f,92127264.0,1.0,2.0999999,f,3.0,11.0,REPROVADO
115207,57564859,6402926955c533d43b5bfa881472ef0f,92127264.0,2.0,5.30000019,f,3.0,11.0,REPROVADO
115208,57564859,6402926955c533d43b5bfa881472ef0f,92127264.0,3.0,1.5,f,3.0,11.0,REPROVADO
115209,57564859,dc0b37a9d90ff2d54cb650d366bb9d1e,92127264.0,1.0,6.5,f,5.7,25.0,APROVADO POR NOTA
115210,57564859,dc0b37a9d90ff2d54cb650d366bb9d1e,92127264.0,2.0,2.0,t,5.7,25.0,APROVADO POR NOTA
115211,57564859,dc0b37a9d90ff2d54cb650d366bb9d1e,92127264.0,3.0,5.5,f,5.7,25.0,APROVADO POR NOTA
115212,57564859,bb92d6e13b9adaeac2f01cc81b87814b,92127264.0,1.0,1.79999995,f,0.6,0.0,REPROVADO
115213,57564859,bb92d6e13b9adaeac2f01cc81b87814b,92127264.0,2.0,0.0,f,0.6,0.0,REPROVADO
115214,57564859,bb92d6e13b9adaeac2f01cc81b87814b,92127264.0,3.0,0.0,f,0.6,0.0,REPROVADO
115217,57564861,41a0fc5b21f574bff1124ce4193798dd,92127264.0,1.0,5.30000019,f,6.1,18.0,APROVADO POR NOTA
115218,57564861,41a0fc5b21f574bff1124ce4193798dd,92127264.0,2.0,5.5,f,6.1,18.0,APROVADO POR NOTA
115219,57564861,41a0fc5b21f574bff1124ce4193798dd,92127264.0,3.0,7.5,f,6.1,18.0,APROVADO POR NOTA
115220,57564861,9442e29605d14cf9859069926ce70e2e,92127264.0,1.0,7.0,f,6.4,4.0,APROVADO POR NOTA
115221,57564861,9442e29605d14cf9859069926ce70e2e,92127264.0,2.0,3.4000001,f,6.4,4.0,APROVADO POR NOTA
115222,57564861,9442e29605d14cf9859069926ce70e2e,92127264.0,3.0,8.80000019,f,6.4,4.0,APROVADO POR NOTA
115223,57564861,b8273a5a595498e514aa7e7f3874e211,92127264.0,1.0,0.0,f,0.0,47.0,REPROVADO POR MÉDIA E POR FALTAS
115224,57564861,b8273a5a595498e514aa7e7f3874e211,92127264.0,2.0,0.0,f,0.0,47.0,REPROVADO POR MÉDIA E POR FALTAS
115225,57564861,b8273a5a595498e514aa7e7f3874e211,92127264.0,3.0,0.0,f,0.0,47.0,REPROVADO POR MÉDIA E POR FALTAS
115232,57564861,fd6dc7aa91317652835ab7557a5e09ea,92127264.0,1.0,5.80000019,f,5.0,21.0,APROVADO POR NOTA
115233,57564861,fd6dc7aa91317652835ab7557a5e09ea,92127264.0,2.0,3.0,f,5.0,21.0,APROVADO POR NOTA
115234,57564861,fd6dc7aa91317652835ab7557a5e09ea,92127264.0,3.0,6.0999999,f,5.0,21.0,APROVADO POR NOTA
115235,57564861,69d022c2924a232b8a0ca9e0ac7da317,92127264.0,1.0,9.0,f,7.6,26.0,APROVADO
115236,57564861,69d022c2924a232b8a0ca9e0ac7da317,92127264.0,2.0,5.5999999,f,7.6,26.0,APROVADO
115237,57564861,69d022c2924a232b8a0ca9e0ac7da317,92127264.0,3.0,8.30000019,f,7.6,26.0,APROVADO
115238,57564861,016b3e8d294936a422258b4ba1a7a785,92127264.0,1.0,5.30000019,f,5.5,25.0,APROVADO
115239,57564861,016b3e8d294936a422258b4ba1a7a785,92127264.0,2.0,4.69999981,f,5.5,25.0,APROVADO
115240,57564861,016b3e8d294936a422258b4ba1a7a785,92127264.0,3.0,5.4000001,f,5.5,25.0,APROVADO
115241,57564861,8463c2535fac97abe4249e39c4daf7d4,92127264.0,1.0,0.0,f,0.0,48.0,REPROVADO POR MÉDIA E POR FALTAS
115242,57564861,8463c2535fac97abe4249e39c4daf7d4,92127264.0,2.0,0.0,f,0.0,48.0,REPROVADO POR MÉDIA E POR FALTAS
115243,57564861,8463c2535fac97abe4249e39c4daf7d4,92127264.0,3.0,0.0,f,0.0,48.0,REPROVADO POR MÉDIA E POR FALTAS
115244,57564861,5dac5cab88de4928bbc3095150f768ff,92127264.0,1.0,5.0,f,5.0,25.0,APROVADO POR NOTA
115245,57564861,5dac5cab88de4928bbc3095150f768ff,92127264.0,2.0,4.69999981,f,5.0,25.0,APROVADO POR NOTA
115246,57564861,5dac5cab88de4928bbc3095150f768ff,92127264.0,3.0,0.0,t,5.0,25.0,APROVADO POR NOTA
115248,57564861,dcb8f294bee8769bdfec88486911362f,92127264.0,1.0,1.0,f,1.3,38.0,REPROVADO POR MÉDIA E POR FALTAS
115249,57564861,dcb8f294bee8769bdfec88486911362f,92127264.0,2.0,3.0,f,1.3,38.0,REPROVADO POR MÉDIA E POR FALTAS
115250,57564861,dcb8f294bee8769bdfec88486911362f,92127264.0,3.0,0.0,f,1.3,38.0,REPROVADO POR MÉDIA E POR FALTAS
115251,57564861,617c2e34e148a00577d0efeda6edd8ec,92127264.0,1.0,7.19999981,f,5.3,26.0,APROVADO POR NOTA
115252,57564861,617c2e34e148a00577d0efeda6edd8ec,92127264.0,2.0,5.5999999,f,5.3,26.0,APROVADO POR NOTA
115253,57564861,617c2e34e148a00577d0efeda6edd8ec,92127264.0,3.0,3.20000005,f,5.3,26.0,APROVADO POR NOTA
115254,57564861,5459222f27bfb7d3a932250691804544,92127264.0,1.0,1.10000002,t,6.0,10.0,APROVADO POR NOTA
115255,57564861,5459222f27bfb7d3a932250691804544,92127264.0,2.0,7.19999981,f,6.0,10.0,APROVADO POR NOTA
115256,57564861,5459222f27bfb7d3a932250691804544,92127264.0,3.0,6.69999981,f,6.0,10.0,APROVADO POR NOTA
115260,57564861,80bba1afdcbe8e69bb840181d41388a1,92127264.0,1.0,5.5999999,f,6.5,10.0,APROVADO POR NOTA
115261,57564861,80bba1afdcbe8e69bb840181d41388a1,92127264.0,2.0,1.5,t,6.5,10.0,APROVADO POR NOTA
115262,57564861,80bba1afdcbe8e69bb840181d41388a1,92127264.0,3.0,6.4000001,f,6.5,10.0,APROVADO POR NOTA
115266,57564861,e381d3914b49c2b9dee37cc30438c7fb,92127264.0,0,0,0,0,0,TRANCADO
115267,57564861,c938ce1450afa6b33916d0fcf5dcc617,92127264.0,1.0,3.0,f,1.0,44.0,REPROVADO POR MÉDIA E POR FALTAS
115268,57564861,c938ce1450afa6b33916d0fcf5dcc617,92127264.0,2.0,0.0,f,1.0,44.0,REPROVADO POR MÉDIA E POR FALTAS
115269,57564861,c938ce1450afa6b33916d0fcf5dcc617,92127264.0,3.0,0.0,f,1.0,44.0,REPROVADO POR MÉDIA E POR FALTAS
115273,57564861,b3df267ce06efc7a7c3f0bcdb276339d,92127264.0,1.0,9.5,f,9.6,15.0,APROVADO
115274,57564861,b3df267ce06efc7a7c3f0bcdb276339d,92127264.0,2.0,9.30000019,f,9.6,15.0,APROVADO
115275,57564861,b3df267ce06efc7a7c3f0bcdb276339d,92127264.0,3.0,10.0,f,9.6,15.0,APROVADO
115282,57564861,b5bb50470f3c6a62b075cf02a5e47ecb,92127264.0,1.0,3.5,f,1.2,38.0,REPROVADO POR MÉDIA E POR FALTAS
115283,57564861,b5bb50470f3c6a62b075cf02a5e47ecb,92127264.0,2.0,0.0,f,1.2,38.0,REPROVADO POR MÉDIA E POR FALTAS
115284,57564861,b5bb50470f3c6a62b075cf02a5e47ecb,92127264.0,3.0,0.0,f,1.2,38.0,REPROVADO POR MÉDIA E POR FALTAS
115291,57564861,d807467fd515eb5b5cc6da462f4d8625,92127264.0,1.0,2.5,f,2.2,20.0,REPROVADO
115292,57564861,d807467fd515eb5b5cc6da462f4d8625,92127264.0,2.0,4.099999899999999,f,2.2,20.0,REPROVADO
115293,57564861,d807467fd515eb5b5cc6da462f4d8625,92127264.0,3.0,0.0,f,2.2,20.0,REPROVADO
115294,57564861,6e937627849c1ee4ee610426a859caab,92127264.0,1.0,6.30000019,f,6.2,20.0,APROVADO POR NOTA
115295,57564861,6e937627849c1ee4ee610426a859caab,92127264.0,2.0,7.400000099999999,f,6.2,20.0,APROVADO POR NOTA
115296,57564861,6e937627849c1ee4ee610426a859caab,92127264.0,3.0,4.80000019,f,6.2,20.0,APROVADO POR NOTA
115297,57564861,469b4e52f0fc039742f0d6f50587fd02,92127264.0,2.0,0.10000000099999999,f,0.6,25.0,REPROVADO
115298,57564861,469b4e52f0fc039742f0d6f50587fd02,92127264.0,3.0,0.200000003,f,0.6,25.0,REPROVADO
115299,57564861,469b4e52f0fc039742f0d6f50587fd02,92127264.0,1.0,1.60000002,f,0.6,25.0,REPROVADO
115394,57565062,bf826f6b7f8f02ec7913a727a55e9cbc,92127264.0,1.0,9.39999962,f,9.4,0.0,APROVADO
115395,57565062,bf826f6b7f8f02ec7913a727a55e9cbc,92127264.0,2.0,9.39999962,f,9.4,0.0,APROVADO
115396,57565062,bf826f6b7f8f02ec7913a727a55e9cbc,92127264.0,3.0,9.39999962,f,9.4,0.0,APROVADO
115397,57565062,fa1619c9583ee340b04ee8175182fc0f,92127264.0,1.0,7.900000099999999,f,7.9,0.0,APROVADO
115398,57565062,fa1619c9583ee340b04ee8175182fc0f,92127264.0,2.0,7.900000099999999,f,7.9,0.0,APROVADO
115399,57565062,fa1619c9583ee340b04ee8175182fc0f,92127264.0,3.0,7.900000099999999,f,7.9,0.0,APROVADO
115400,57565062,c9e9fb6d34701e4b7c7ce48b0444c7fe,92127264.0,1.0,5.0,f,5.0,0.0,APROVADO POR NOTA
115401,57565062,c9e9fb6d34701e4b7c7ce48b0444c7fe,92127264.0,2.0,5.0,f,5.0,0.0,APROVADO POR NOTA
115402,57565062,c9e9fb6d34701e4b7c7ce48b0444c7fe,92127264.0,3.0,5.0,f,5.0,0.0,APROVADO POR NOTA
115403,57565062,25d2bd21cd76c59793f8a006c03cf6b9,92127264.0,1.0,6.900000099999999,f,6.9,0.0,APROVADO POR NOTA
115404,57565062,25d2bd21cd76c59793f8a006c03cf6b9,92127264.0,2.0,6.900000099999999,f,6.9,0.0,APROVADO POR NOTA
115405,57565062,25d2bd21cd76c59793f8a006c03cf6b9,92127264.0,3.0,6.900000099999999,f,6.9,0.0,APROVADO POR NOTA
115406,57565062,bf826f6b7f8f02ec7913a727a55e9cbc,92127264.0,1.0,9.39999962,f,9.4,0.0,APROVADO
115407,57565062,bf826f6b7f8f02ec7913a727a55e9cbc,92127264.0,2.0,9.39999962,f,9.4,0.0,APROVADO
115408,57565062,bf826f6b7f8f02ec7913a727a55e9cbc,92127264.0,3.0,9.39999962,f,9.4,0.0,APROVADO
115409,57565062,fa1619c9583ee340b04ee8175182fc0f,92127264.0,1.0,7.900000099999999,f,7.9,0.0,APROVADO
115410,57565062,fa1619c9583ee340b04ee8175182fc0f,92127264.0,2.0,7.900000099999999,f,7.9,0.0,APROVADO
115411,57565062,fa1619c9583ee340b04ee8175182fc0f,92127264.0,3.0,7.900000099999999,f,7.9,0.0,APROVADO
115412,57565062,c9e9fb6d34701e4b7c7ce48b0444c7fe,92127264.0,1.0,5.0,f,5.0,0.0,APROVADO POR NOTA
115413,57565062,c9e9fb6d34701e4b7c7ce48b0444c7fe,92127264.0,2.0,5.0,f,5.0,0.0,APROVADO POR NOTA
115414,57565062,c9e9fb6d34701e4b7c7ce48b0444c7fe,92127264.0,3.0,5.0,f,5.0,0.0,APROVADO POR NOTA
115415,57565062,25d2bd21cd76c59793f8a006c03cf6b9,92127264.0,1.0,6.900000099999999,f,6.9,0.0,APROVADO POR NOTA
115416,57565062,25d2bd21cd76c59793f8a006c03cf6b9,92127264.0,2.0,6.900000099999999,f,6.9,0.0,APROVADO POR NOTA
115417,57565062,25d2bd21cd76c59793f8a006c03cf6b9,92127264.0,3.0,6.900000099999999,f,6.9,0.0,APROVADO POR NOTA
115448,57565057,e4dcda7fa43cfcaa58044c501b34f030,92127264.0,1.0,8.0,f,7.5,16.0,APROVADO
115449,57565057,e4dcda7fa43cfcaa58044c501b34f030,92127264.0,2.0,0.0,t,7.5,16.0,APROVADO
115450,57565057,e4dcda7fa43cfcaa58044c501b34f030,92127264.0,3.0,7.5,f,7.5,16.0,APROVADO
115451,57565057,83729736aa539851727de8ecb2c3529a,92127264.0,1.0,0.0,f,0.0,62.0,REPROVADO POR MÉDIA E POR FALTAS
115452,57565057,83729736aa539851727de8ecb2c3529a,92127264.0,2.0,0.0,f,0.0,62.0,REPROVADO POR MÉDIA E POR FALTAS
115453,57565057,83729736aa539851727de8ecb2c3529a,92127264.0,3.0,0.0,f,0.0,62.0,REPROVADO POR MÉDIA E POR FALTAS
115457,57565057,4fb0d102a6ce0ddb9837f9bae921ebba,92127264.0,2.0,0.0,f,1.2,42.0,REPROVADO POR MÉDIA E POR FALTAS
115458,57565057,4fb0d102a6ce0ddb9837f9bae921ebba,92127264.0,3.0,0.0,f,1.2,42.0,REPROVADO POR MÉDIA E POR FALTAS
115459,57565057,4fb0d102a6ce0ddb9837f9bae921ebba,92127264.0,1.0,3.5,f,1.2,42.0,REPROVADO POR MÉDIA E POR FALTAS
115538,57564869,25d5eca724a3eca9a55b0a9ac7bfb373,92127264.0,1.0,4.5,f,1.5,0.0,REPROVADO
115539,57564869,25d5eca724a3eca9a55b0a9ac7bfb373,92127264.0,2.0,0.0,f,1.5,0.0,REPROVADO
115540,57564869,25d5eca724a3eca9a55b0a9ac7bfb373,92127264.0,3.0,0.0,f,1.5,0.0,REPROVADO
115547,57564869,945af83c78e2fc9c2f33431f481634b8,92127264.0,1.0,6.5,f,5.1,0.0,APROVADO POR NOTA
115548,57564869,945af83c78e2fc9c2f33431f481634b8,92127264.0,2.0,4.80000019,f,5.1,0.0,APROVADO POR NOTA
115549,57564869,945af83c78e2fc9c2f33431f481634b8,92127264.0,3.0,4.0,f,5.1,0.0,APROVADO POR NOTA
115551,57564869,7f526a2061ee189867da31102097f91e,92127264.0,1.0,9.5,f,9.5,0.0,APROVADO
115552,57564869,7f526a2061ee189867da31102097f91e,92127264.0,2.0,9.0,f,9.5,0.0,APROVADO
115553,57564869,7f526a2061ee189867da31102097f91e,92127264.0,3.0,10.0,f,9.5,0.0,APROVADO
115554,57564869,fd6dc7aa91317652835ab7557a5e09ea,92127264.0,0,0,0,0,0,DESISTENCIA
115555,57564869,0051970b8e57f667afa4ad2789426fa9,92127264.0,1.0,10.0,f,9.0,0.0,APROVADO
115556,57564869,0051970b8e57f667afa4ad2789426fa9,92127264.0,2.0,7.0,f,9.0,0.0,APROVADO
115557,57564869,0051970b8e57f667afa4ad2789426fa9,92127264.0,3.0,10.0,f,9.0,0.0,APROVADO
115559,57564869,cdb1ed591022eb45f637a33d234bd883,92127264.0,1.0,5.0,f,3.3,0.0,REPROVADO
115560,57564869,cdb1ed591022eb45f637a33d234bd883,92127264.0,2.0,0.0,f,3.3,0.0,REPROVADO
115561,57564869,cdb1ed591022eb45f637a33d234bd883,92127264.0,3.0,5.0,f,3.3,0.0,REPROVADO
115563,57564869,473244edf0579d6a4452a4eb6af2dcea,92127264.0,0,0,0,0,0,TRANCADO
115564,57564869,2727460eeb832023dbf9410f0de31e35,92127264.0,2.0,0.5,f,1.9,0.0,REPROVADO
115565,57564869,2727460eeb832023dbf9410f0de31e35,92127264.0,3.0,0.0,f,1.9,0.0,REPROVADO
115566,57564869,2727460eeb832023dbf9410f0de31e35,92127264.0,1.0,5.30000019,f,1.9,0.0,REPROVADO
115567,57564869,3347b21ea109ce6e93fd275add4a0a0e,92127264.0,1.0,6.0,f,2.3,0.0,REPROVADO
115568,57564869,3347b21ea109ce6e93fd275add4a0a0e,92127264.0,2.0,1.0,f,2.3,0.0,REPROVADO
115569,57564869,3347b21ea109ce6e93fd275add4a0a0e,92127264.0,3.0,0.0,f,2.3,0.0,REPROVADO
115570,57564869,b583f1c1e858b97a99e69e861aa23388,92127264.0,1.0,2.0,f,1.4,0.0,REPROVADO
115571,57564869,b583f1c1e858b97a99e69e861aa23388,92127264.0,2.0,2.29999995,f,1.4,0.0,REPROVADO
115572,57564869,b583f1c1e858b97a99e69e861aa23388,92127264.0,3.0,0.0,f,1.4,0.0,REPROVADO
115573,57564869,04db5ca11d1ed89498b4eb811dbebe1f,92127264.0,1.0,3.5,f,3.8,0.0,REPROVADO
115574,57564869,04db5ca11d1ed89498b4eb811dbebe1f,92127264.0,2.0,0.0,f,3.8,0.0,REPROVADO
115575,57564869,04db5ca11d1ed89498b4eb811dbebe1f,92127264.0,3.0,8.0,f,3.8,0.0,REPROVADO
115576,57564869,d8b2771c5eb1e38847a67323eb2c7954,92127264.0,1.0,1.0,f,0.3,0.0,REPROVADO
115577,57564869,d8b2771c5eb1e38847a67323eb2c7954,92127264.0,2.0,0.0,f,0.3,0.0,REPROVADO
115578,57564869,d8b2771c5eb1e38847a67323eb2c7954,92127264.0,3.0,0.0,f,0.3,0.0,REPROVADO
115582,57564869,4601d6c88fba4d646420f25fa5fcc2cf,92127264.0,1.0,8.5,f,7.8,0.0,APROVADO
115583,57564869,4601d6c88fba4d646420f25fa5fcc2cf,92127264.0,2.0,4.80000019,f,7.8,0.0,APROVADO
115584,57564869,4601d6c88fba4d646420f25fa5fcc2cf,92127264.0,3.0,10.0,f,7.8,0.0,APROVADO
115593,57564869,6402926955c533d43b5bfa881472ef0f,92127264.0,1.0,3.0,f,2.7,0.0,REPROVADO
115594,57564869,6402926955c533d43b5bfa881472ef0f,92127264.0,2.0,3.0,f,2.7,0.0,REPROVADO
115595,57564869,6402926955c533d43b5bfa881472ef0f,92127264.0,3.0,2.0,f,2.7,0.0,REPROVADO
115596,57564869,2737d1bf2f063605e3691be1a76f0507,92127264.0,1.0,2.29999995,f,0.8,0.0,REPROVADO
115597,57564869,2737d1bf2f063605e3691be1a76f0507,92127264.0,2.0,0.0,f,0.8,0.0,REPROVADO
115598,57564869,2737d1bf2f063605e3691be1a76f0507,92127264.0,3.0,0.0,f,0.8,0.0,REPROVADO
115600,57564869,31e1be3720544f57f5061f094d215cee,92127264.0,1.0,0.0,f,0.0,0.0,REPROVADO
115601,57564869,31e1be3720544f57f5061f094d215cee,92127264.0,2.0,0.0,f,0.0,0.0,REPROVADO
115602,57564869,31e1be3720544f57f5061f094d215cee,92127264.0,3.0,0.0,f,0.0,0.0,REPROVADO
115603,57564869,e58061a63d58fd3dccf5d3ec10d71731,92127264.0,1.0,0.0,f,0.0,0.0,REPROVADO
115604,57564869,e58061a63d58fd3dccf5d3ec10d71731,92127264.0,2.0,0.0,f,0.0,0.0,REPROVADO
115605,57564869,e58061a63d58fd3dccf5d3ec10d71731,92127264.0,3.0,0.0,f,0.0,0.0,REPROVADO
115606,57564869,c6d39544bf76588ec9300d4546fdc16c,92127264.0,2.0,0.0,f,0.0,0.0,REPROVADO
115607,57564869,c6d39544bf76588ec9300d4546fdc16c,92127264.0,3.0,0.0,f,0.0,0.0,REPROVADO
115608,57564869,c6d39544bf76588ec9300d4546fdc16c,92127264.0,1.0,0.0,f,0.0,0.0,REPROVADO
115609,57564869,32daafffbc274ee74e2c8ea9f9b792a6,92127264.0,2.0,0.0,f,1.2,0.0,REPROVADO
115610,57564869,32daafffbc274ee74e2c8ea9f9b792a6,92127264.0,3.0,0.0,f,1.2,0.0,REPROVADO
115611,57564869,32daafffbc274ee74e2c8ea9f9b792a6,92127264.0,1.0,3.5,f,1.2,0.0,REPROVADO
115614,57564869,7d6db9f655e9be38f58a9d4585a41398,92127264.0,1.0,7.30000019,f,3.2,0.0,REPROVADO
115615,57564869,7d6db9f655e9be38f58a9d4585a41398,92127264.0,2.0,2.29999995,f,3.2,0.0,REPROVADO
115616,57564869,7d6db9f655e9be38f58a9d4585a41398,92127264.0,3.0,0.0,f,3.2,0.0,REPROVADO
115617,57564869,3a93cf9223126865d5c1f2a987452e56,92127264.0,0,0,0,0,0,TRANCADO
115618,57564869,e1366b1c58c910fbd4c781cb01782b57,92127264.0,1.0,4.30000019,f,1.6,0.0,REPROVADO
115619,57564869,e1366b1c58c910fbd4c781cb01782b57,92127264.0,2.0,0.5,f,1.6,0.0,REPROVADO
115620,57564869,e1366b1c58c910fbd4c781cb01782b57,92127264.0,3.0,0.0,f,1.6,0.0,REPROVADO
115622,57564869,03a9e4938c1b3a36f7793a690063008c,92127264.0,1.0,1.5,f,0.5,0.0,REPROVADO
115623,57564869,03a9e4938c1b3a36f7793a690063008c,92127264.0,2.0,0.0,f,0.5,0.0,REPROVADO
115624,57564869,03a9e4938c1b3a36f7793a690063008c,92127264.0,3.0,0.0,f,0.5,0.0,REPROVADO
115632,57564869,d3f543853da6cb8c918524383f068cb9,92127264.0,1.0,4.0,f,1.3,0.0,REPROVADO
115633,57564869,d3f543853da6cb8c918524383f068cb9,92127264.0,2.0,0.0,f,1.3,0.0,REPROVADO
115634,57564869,d3f543853da6cb8c918524383f068cb9,92127264.0,3.0,0.0,f,1.3,0.0,REPROVADO
115635,57564869,bb92d6e13b9adaeac2f01cc81b87814b,92127264.0,1.0,7.0,f,2.5,0.0,REPROVADO
115636,57564869,bb92d6e13b9adaeac2f01cc81b87814b,92127264.0,2.0,0.5,f,2.5,0.0,REPROVADO
115637,57564869,bb92d6e13b9adaeac2f01cc81b87814b,92127264.0,3.0,0.0,f,2.5,0.0,REPROVADO
115639,57564869,a2410084172411a8d725d347c9e26f2d,92127264.0,1.0,6.0,f,6.3,0.0,APROVADO POR NOTA
115640,57564869,a2410084172411a8d725d347c9e26f2d,92127264.0,2.0,3.0,f,6.3,0.0,APROVADO POR NOTA
115641,57564869,a2410084172411a8d725d347c9e26f2d,92127264.0,3.0,10.0,f,6.3,0.0,APROVADO POR NOTA
115743,57564858,d4e047d2df4d181e5395b78df93f9811,92127264.0,1.0,6.900000099999999,f,5.3,20.0,APROVADO POR NOTA
115744,57564858,d4e047d2df4d181e5395b78df93f9811,92127264.0,2.0,3.5,f,5.3,20.0,APROVADO POR NOTA
115745,57564858,d4e047d2df4d181e5395b78df93f9811,92127264.0,3.0,1.89999998,t,5.3,20.0,APROVADO POR NOTA
115746,57564858,30327d430572d0c720dcd1682a39c361,92127264.0,1.0,4.19999981,f,5.2,22.0,APROVADO POR NOTA
115747,57564858,30327d430572d0c720dcd1682a39c361,92127264.0,2.0,7.30000019,f,5.2,22.0,APROVADO POR NOTA
115748,57564858,30327d430572d0c720dcd1682a39c361,92127264.0,3.0,4.0,f,5.2,22.0,APROVADO POR NOTA
115749,57564858,35e2507cc2ed396f7078879369b27286,92127264.0,1.0,8.39999962,f,6.5,6.0,APROVADO POR NOTA
115750,57564858,35e2507cc2ed396f7078879369b27286,92127264.0,2.0,5.69999981,f,6.5,6.0,APROVADO POR NOTA
115751,57564858,35e2507cc2ed396f7078879369b27286,92127264.0,3.0,5.4000001,f,6.5,6.0,APROVADO POR NOTA
115753,57564858,61b49c330f8ac0a64a6903ca154740f7,92127264.0,1.0,6.30000019,f,6.2,16.0,APROVADO POR NOTA
115754,57564858,61b49c330f8ac0a64a6903ca154740f7,92127264.0,2.0,5.0,f,6.2,16.0,APROVADO POR NOTA
115755,57564858,61b49c330f8ac0a64a6903ca154740f7,92127264.0,3.0,7.19999981,f,6.2,16.0,APROVADO POR NOTA
115756,57564858,e023a67a7bf65d86e71bb690e4cb2ba1,92127264.0,3.0,5.0,f,3.4,2.0,REPROVADO
115757,57564858,e023a67a7bf65d86e71bb690e4cb2ba1,92127264.0,1.0,1.79999995,t,3.4,2.0,REPROVADO
115758,57564858,e023a67a7bf65d86e71bb690e4cb2ba1,92127264.0,2.0,2.0999999,f,3.4,2.0,REPROVADO
115759,57564858,8336cceaf3e6275f4bd0611280702f1e,92127264.0,1.0,2.5,t,7.2,12.0,APROVADO
115760,57564858,8336cceaf3e6275f4bd0611280702f1e,92127264.0,2.0,7.0,f,7.2,12.0,APROVADO
115761,57564858,8336cceaf3e6275f4bd0611280702f1e,92127264.0,3.0,5.69999981,f,7.2,12.0,APROVADO
115762,57564858,ed6dd81dc57277659b753343bbeddbd1,92127264.0,2.0,3.5,f,1.9,22.0,REPROVADO
115763,57564858,ed6dd81dc57277659b753343bbeddbd1,92127264.0,3.0,0.0,f,1.9,22.0,REPROVADO
115764,57564858,ed6dd81dc57277659b753343bbeddbd1,92127264.0,1.0,2.29999995,f,1.9,22.0,REPROVADO
115765,57564858,cde1db6a62885e1f4def0c4d142f92b6,92127264.0,1.0,5.0999999,f,6.2,2.0,APROVADO POR NOTA
115766,57564858,cde1db6a62885e1f4def0c4d142f92b6,92127264.0,2.0,5.4000001,f,6.2,2.0,APROVADO POR NOTA
115767,57564858,cde1db6a62885e1f4def0c4d142f92b6,92127264.0,3.0,2.20000005,t,6.2,2.0,APROVADO POR NOTA
115768,57564858,473244edf0579d6a4452a4eb6af2dcea,92127264.0,0,0,0,0,0,DESISTENCIA
115769,57564858,46ca5bcc0383d2734d26bf3bcc201b5a,92127264.0,1.0,6.0,f,6.9,24.0,APROVADO POR NOTA
115770,57564858,46ca5bcc0383d2734d26bf3bcc201b5a,92127264.0,2.0,2.5999999,t,6.9,24.0,APROVADO POR NOTA
115771,57564858,46ca5bcc0383d2734d26bf3bcc201b5a,92127264.0,3.0,7.19999981,f,6.9,24.0,APROVADO POR NOTA
115772,57564858,4120da6763c98152ecabdc8a07f4903d,92127264.0,1.0,1.39999998,f,0.5,52.0,REPROVADO POR MÉDIA E POR FALTAS
115773,57564858,4120da6763c98152ecabdc8a07f4903d,92127264.0,2.0,0.0,f,0.5,52.0,REPROVADO POR MÉDIA E POR FALTAS
115774,57564858,4120da6763c98152ecabdc8a07f4903d,92127264.0,3.0,0.0,f,0.5,52.0,REPROVADO POR MÉDIA E POR FALTAS
115775,57564858,8704f185e8ae317c72ea205b466f1845,92127264.0,3.0,3.79999995,f,3.7,22.0,REPROVADO
115776,57564858,8704f185e8ae317c72ea205b466f1845,92127264.0,1.0,3.70000005,f,3.7,22.0,REPROVADO
115777,57564858,8704f185e8ae317c72ea205b466f1845,92127264.0,2.0,3.70000005,f,3.7,22.0,REPROVADO
115778,57564858,263337877cb5bbfb246858ae2ca2108e,92127264.0,2.0,0.0,f,0.5,4.0,REPROVADO
115779,57564858,263337877cb5bbfb246858ae2ca2108e,92127264.0,3.0,0.0,f,0.5,4.0,REPROVADO
115780,57564858,263337877cb5bbfb246858ae2ca2108e,92127264.0,1.0,1.5,f,0.5,4.0,REPROVADO
115781,57564858,761f231943a37ff29272bc3b4020fe0d,92127264.0,1.0,1.5,f,1.0,16.0,REPROVADO
115782,57564858,761f231943a37ff29272bc3b4020fe0d,92127264.0,2.0,1.5,f,1.0,16.0,REPROVADO
115783,57564858,761f231943a37ff29272bc3b4020fe0d,92127264.0,3.0,0.0,f,1.0,16.0,REPROVADO
115784,57564858,c64950466f754a7a5656d1968f33c8fc,92127264.0,1.0,8.80000019,f,8.1,15.0,APROVADO
115785,57564858,c64950466f754a7a5656d1968f33c8fc,92127264.0,2.0,7.099999900000001,f,8.1,15.0,APROVADO
115786,57564858,c64950466f754a7a5656d1968f33c8fc,92127264.0,3.0,8.30000019,f,8.1,15.0,APROVADO
115787,57564858,777afa50a3eae76c110581407b1e3129,92127264.0,1.0,3.29999995,f,1.1,40.0,REPROVADO POR MÉDIA E POR FALTAS
115788,57564858,777afa50a3eae76c110581407b1e3129,92127264.0,2.0,0.0,f,1.1,40.0,REPROVADO POR MÉDIA E POR FALTAS
115789,57564858,777afa50a3eae76c110581407b1e3129,92127264.0,3.0,0.0,f,1.1,40.0,REPROVADO POR MÉDIA E POR FALTAS
115802,57564858,9d8dcee687180154493648b599a313c3,92127264.0,1.0,0.0,f,1.3,42.0,REPROVADO POR MÉDIA E POR FALTAS
115803,57564858,9d8dcee687180154493648b599a313c3,92127264.0,2.0,3.79999995,f,1.3,42.0,REPROVADO POR MÉDIA E POR FALTAS
115804,57564858,9d8dcee687180154493648b599a313c3,92127264.0,3.0,0.0,f,1.3,42.0,REPROVADO POR MÉDIA E POR FALTAS
115805,57564858,3bb00a5655ef8884b4af55d4a2a65af6,92127264.0,1.0,0.0,f,0.0,74.0,REPROVADO POR MÉDIA E POR FALTAS
115806,57564858,3bb00a5655ef8884b4af55d4a2a65af6,92127264.0,2.0,0.0,f,0.0,74.0,REPROVADO POR MÉDIA E POR FALTAS
115807,57564858,3bb00a5655ef8884b4af55d4a2a65af6,92127264.0,3.0,0.0,f,0.0,74.0,REPROVADO POR MÉDIA E POR FALTAS
115811,57564858,9a6063976e50a8fa09edeb69afb09ef4,92127264.0,1.0,4.69999981,f,4.5,4.0,REPROVADO
115812,57564858,9a6063976e50a8fa09edeb69afb09ef4,92127264.0,2.0,4.5,f,4.5,4.0,REPROVADO
115813,57564858,9a6063976e50a8fa09edeb69afb09ef4,92127264.0,3.0,4.4000001,f,4.5,4.0,REPROVADO
115820,57564858,8adfd36bd28efb815197f6837af8b2b9,92127264.0,1.0,2.79999995,t,5.5,24.0,APROVADO POR NOTA
115821,57564858,8adfd36bd28efb815197f6837af8b2b9,92127264.0,2.0,4.19999981,f,5.5,24.0,APROVADO POR NOTA
115822,57564858,8adfd36bd28efb815197f6837af8b2b9,92127264.0,3.0,2.9000001,f,5.5,24.0,APROVADO POR NOTA
115826,57564858,abaac7a4a42d03417f81b1455442607a,92127264.0,1.0,4.4000001,f,2.6,33.0,REPROVADO POR MÉDIA E POR FALTAS
115827,57564858,abaac7a4a42d03417f81b1455442607a,92127264.0,2.0,3.5,f,2.6,33.0,REPROVADO POR MÉDIA E POR FALTAS
115828,57564858,abaac7a4a42d03417f81b1455442607a,92127264.0,3.0,0.0,f,2.6,33.0,REPROVADO POR MÉDIA E POR FALTAS
115829,57564858,c0e9e25e9c66b9a359d6bd6b533a20f9,92127264.0,1.0,6.5,f,5.0,17.0,APROVADO POR NOTA
115830,57564858,c0e9e25e9c66b9a359d6bd6b533a20f9,92127264.0,2.0,5.0999999,f,5.0,17.0,APROVADO POR NOTA
115831,57564858,c0e9e25e9c66b9a359d6bd6b533a20f9,92127264.0,3.0,3.29999995,f,5.0,17.0,APROVADO POR NOTA
115832,57564858,0d904f950f714e9773f4671920a3eca9,92127264.0,1.0,7.5,f,6.6,22.0,APROVADO POR NOTA
115833,57564858,0d904f950f714e9773f4671920a3eca9,92127264.0,2.0,7.400000099999999,f,6.6,22.0,APROVADO POR NOTA
115834,57564858,0d904f950f714e9773f4671920a3eca9,92127264.0,3.0,4.80000019,f,6.6,22.0,APROVADO POR NOTA
115835,57564858,69d022c2924a232b8a0ca9e0ac7da317,92127264.0,1.0,2.0,f,1.8,33.0,REPROVADO POR MÉDIA E POR FALTAS
115836,57564858,69d022c2924a232b8a0ca9e0ac7da317,92127264.0,2.0,3.29999995,f,1.8,33.0,REPROVADO POR MÉDIA E POR FALTAS
115837,57564858,69d022c2924a232b8a0ca9e0ac7da317,92127264.0,3.0,0.0,f,1.8,33.0,REPROVADO POR MÉDIA E POR FALTAS
115838,57564858,cc5a82144563d5e8cdab8202a1346345,92127264.0,1.0,2.70000005,f,0.9,40.0,REPROVADO POR MÉDIA E POR FALTAS
115839,57564858,cc5a82144563d5e8cdab8202a1346345,92127264.0,2.0,0.0,f,0.9,40.0,REPROVADO POR MÉDIA E POR FALTAS
115840,57564858,cc5a82144563d5e8cdab8202a1346345,92127264.0,3.0,0.0,f,0.9,40.0,REPROVADO POR MÉDIA E POR FALTAS
115841,57564858,ca045d46c152b54c2cfe110d01d3e8ce,92127264.0,2.0,0.0,f,1.7,46.0,REPROVADO POR MÉDIA E POR FALTAS
115842,57564858,ca045d46c152b54c2cfe110d01d3e8ce,92127264.0,3.0,0.0,f,1.7,46.0,REPROVADO POR MÉDIA E POR FALTAS
115843,57564858,ca045d46c152b54c2cfe110d01d3e8ce,92127264.0,1.0,5.0,f,1.7,46.0,REPROVADO POR MÉDIA E POR FALTAS
115844,57564858,df8630debcb30e12537d9515170842fc,92127264.0,1.0,2.20000005,f,1.0,26.0,REPROVADO
115845,57564858,df8630debcb30e12537d9515170842fc,92127264.0,2.0,0.8999999759999999,f,1.0,26.0,REPROVADO
115846,57564858,df8630debcb30e12537d9515170842fc,92127264.0,3.0,0.0,f,1.0,26.0,REPROVADO
115962,57564863,3f6f02a08ef821f48beda481a97f2900,92127264.0,1.0,1.5,f,5.0,18.0,APROVADO POR NOTA
115963,57564863,3f6f02a08ef821f48beda481a97f2900,92127264.0,2.0,8.60000038,f,5.0,18.0,APROVADO POR NOTA
115964,57564863,3f6f02a08ef821f48beda481a97f2900,92127264.0,3.0,0.5,t,5.0,18.0,APROVADO POR NOTA
115965,57564863,a16ed96ee765c2ec436358814f6bc646,92127264.0,1.0,3.5,f,5.9,2.0,APROVADO POR NOTA
115966,57564863,a16ed96ee765c2ec436358814f6bc646,92127264.0,2.0,6.900000099999999,f,5.9,2.0,APROVADO POR NOTA
115967,57564863,a16ed96ee765c2ec436358814f6bc646,92127264.0,3.0,7.400000099999999,f,5.9,2.0,APROVADO POR NOTA
115968,57564863,00d23d8801e80f5326f9409bc1edee9b,92127264.0,1.0,0,f,0,0.0,TRANCADO
115969,57564863,00d23d8801e80f5326f9409bc1edee9b,92127264.0,2.0,0,f,0,0.0,TRANCADO
115970,57564863,00d23d8801e80f5326f9409bc1edee9b,92127264.0,3.0,0,f,0,0.0,TRANCADO
115971,57564863,8e0fe67e7758328f385c2a251f5b3c34,92127264.0,1.0,2.20000005,f,0.7,22.0,REPROVADO
115972,57564863,8e0fe67e7758328f385c2a251f5b3c34,92127264.0,2.0,0.0,f,0.7,22.0,REPROVADO
115973,57564863,8e0fe67e7758328f385c2a251f5b3c34,92127264.0,3.0,0.0,f,0.7,22.0,REPROVADO
115974,57564863,b62c9aa529d23faf40ce26f99b3de7e3,92127264.0,1.0,5.19999981,f,5.0,18.0,APROVADO POR NOTA
115975,57564863,b62c9aa529d23faf40ce26f99b3de7e3,92127264.0,2.0,0.0,t,5.0,18.0,APROVADO POR NOTA
115976,57564863,b62c9aa529d23faf40ce26f99b3de7e3,92127264.0,3.0,6.599999900000001,f,5.0,18.0,APROVADO POR NOTA
115978,57564863,4fb0d102a6ce0ddb9837f9bae921ebba,92127264.0,1.0,3.70000005,f,1.2,30.0,REPROVADO POR MÉDIA E POR FALTAS
115979,57564863,4fb0d102a6ce0ddb9837f9bae921ebba,92127264.0,2.0,0.0,f,1.2,30.0,REPROVADO POR MÉDIA E POR FALTAS
115980,57564863,4fb0d102a6ce0ddb9837f9bae921ebba,92127264.0,3.0,0.0,f,1.2,30.0,REPROVADO POR MÉDIA E POR FALTAS
115981,57564863,4f6604e9e784dfcc5d63db809178681e,92127264.0,1.0,4.69999981,f,7.3,8.0,APROVADO
115982,57564863,4f6604e9e784dfcc5d63db809178681e,92127264.0,2.0,7.80000019,f,7.3,8.0,APROVADO
115983,57564863,4f6604e9e784dfcc5d63db809178681e,92127264.0,3.0,9.5,f,7.3,8.0,APROVADO
115985,57564863,7f2fd9688308a85c2f1f88490cf3382d,92127264.0,1.0,2.0999999,f,0.7,12.0,REPROVADO
115986,57564863,7f2fd9688308a85c2f1f88490cf3382d,92127264.0,2.0,0.0,f,0.7,12.0,REPROVADO
115987,57564863,7f2fd9688308a85c2f1f88490cf3382d,92127264.0,3.0,0.0,f,0.7,12.0,REPROVADO
115988,57564863,f28e052d0580964522fc2df687450a3d,92127264.0,1.0,8.0,f,9.3,6.0,APROVADO
115989,57564863,f28e052d0580964522fc2df687450a3d,92127264.0,2.0,10.0,f,9.3,6.0,APROVADO
115990,57564863,f28e052d0580964522fc2df687450a3d,92127264.0,3.0,10.0,f,9.3,6.0,APROVADO
115998,57564863,e8276e72614c5828286b43d50704d1a0,92127264.0,1.0,2.5,f,0.8,10.0,REPROVADO
115999,57564863,e8276e72614c5828286b43d50704d1a0,92127264.0,2.0,0.0,f,0.8,10.0,REPROVADO
116000,57564863,e8276e72614c5828286b43d50704d1a0,92127264.0,3.0,0.0,f,0.8,10.0,REPROVADO
116001,57564863,b48992acc8eac3465362de43c402f802,92127264.0,1.0,0.0,f,0.0,50.0,REPROVADO POR MÉDIA E POR FALTAS
116002,57564863,b48992acc8eac3465362de43c402f802,92127264.0,2.0,0.0,f,0.0,50.0,REPROVADO POR MÉDIA E POR FALTAS
116003,57564863,b48992acc8eac3465362de43c402f802,92127264.0,3.0,0.0,f,0.0,50.0,REPROVADO POR MÉDIA E POR FALTAS
116013,57564863,f111a05877915e0c15509d555f34195c,92127264.0,1.0,0.800000012,f,0.8,12.0,REPROVADO
116014,57564863,f111a05877915e0c15509d555f34195c,92127264.0,2.0,0.0,f,0.8,12.0,REPROVADO
116015,57564863,f111a05877915e0c15509d555f34195c,92127264.0,3.0,1.5,f,0.8,12.0,REPROVADO
116016,57564863,e023a67a7bf65d86e71bb690e4cb2ba1,92127264.0,1.0,1.10000002,f,2.5,10.0,REPROVADO
116017,57564863,e023a67a7bf65d86e71bb690e4cb2ba1,92127264.0,2.0,0.300000012,f,2.5,10.0,REPROVADO
116018,57564863,e023a67a7bf65d86e71bb690e4cb2ba1,92127264.0,3.0,6.0999999,f,2.5,10.0,REPROVADO
116025,57564863,8f1e25c53680d4d2ecfd4d6be7f4f4f0,92127264.0,1.0,4.80000019,f,6.9,12.0,APROVADO POR NOTA
116026,57564863,8f1e25c53680d4d2ecfd4d6be7f4f4f0,92127264.0,2.0,7.69999981,f,6.9,12.0,APROVADO POR NOTA
116027,57564863,8f1e25c53680d4d2ecfd4d6be7f4f4f0,92127264.0,3.0,8.30000019,f,6.9,12.0,APROVADO POR NOTA
116029,57564863,945368d8c8df1119af662bfd1a848b52,92127264.0,1.0,3.70000005,f,6.8,12.0,APROVADO POR NOTA
116030,57564863,945368d8c8df1119af662bfd1a848b52,92127264.0,2.0,8.5,f,6.8,12.0,APROVADO POR NOTA
116031,57564863,945368d8c8df1119af662bfd1a848b52,92127264.0,3.0,8.10000038,f,6.8,12.0,APROVADO POR NOTA
116035,57564863,02624974f8aa2d53b945ceb2b4eec0dd,92127264.0,1.0,2.0999999,f,1.1,14.0,REPROVADO
116036,57564863,02624974f8aa2d53b945ceb2b4eec0dd,92127264.0,2.0,1.10000002,f,1.1,14.0,REPROVADO
116037,57564863,02624974f8aa2d53b945ceb2b4eec0dd,92127264.0,3.0,0.0,f,1.1,14.0,REPROVADO
116039,57564863,2b366f50d21194c4a826929a4e10ef35,92127264.0,1.0,3.9000001,f,8.0,12.0,APROVADO
116040,57564863,2b366f50d21194c4a826929a4e10ef35,92127264.0,2.0,10.0,f,8.0,12.0,APROVADO
116041,57564863,2b366f50d21194c4a826929a4e10ef35,92127264.0,3.0,10.0,f,8.0,12.0,APROVADO
116100,57565214,54d1c4d0930e630b849e36fbbb2d2390,92127264.0,1.0,7.5,f,7.5,0.0,APROVADO
116101,57565214,54d1c4d0930e630b849e36fbbb2d2390,92127264.0,2.0,7.0,f,7.5,0.0,APROVADO
116102,57565214,54d1c4d0930e630b849e36fbbb2d2390,92127264.0,3.0,8.0,f,7.5,0.0,APROVADO
116103,57565214,6ba18d1e05888a4a618cc40de768e353,92127264.0,1.0,8.0,f,8.3,0.0,APROVADO
116104,57565214,6ba18d1e05888a4a618cc40de768e353,92127264.0,2.0,8.5,f,8.3,0.0,APROVADO
116105,57565214,6ba18d1e05888a4a618cc40de768e353,92127264.0,3.0,8.5,f,8.3,0.0,APROVADO
116106,57565214,955ba10f8916207996e764ffcb355b02,92127264.0,1.0,6.5,f,6.5,0.0,APROVADO POR NOTA
116107,57565214,955ba10f8916207996e764ffcb355b02,92127264.0,2.0,5.5,f,6.5,0.0,APROVADO POR NOTA
116108,57565214,955ba10f8916207996e764ffcb355b02,92127264.0,3.0,7.5,f,6.5,0.0,APROVADO POR NOTA
116109,57565214,f8fbf27b209754521cdbc40840a5a8c3,92127264.0,1.0,5.5,f,6.0,0.0,APROVADO POR NOTA
116110,57565214,f8fbf27b209754521cdbc40840a5a8c3,92127264.0,2.0,5.0,f,6.0,0.0,APROVADO POR NOTA
116111,57565214,f8fbf27b209754521cdbc40840a5a8c3,92127264.0,3.0,7.5,f,6.0,0.0,APROVADO POR NOTA
116112,57565214,317b235fb6a380d0c0f009eab98b75a1,92127264.0,2.0,5.0,f,6.0,0.0,APROVADO POR NOTA
116113,57565214,317b235fb6a380d0c0f009eab98b75a1,92127264.0,3.0,7.5,f,6.0,0.0,APROVADO POR NOTA
116114,57565214,317b235fb6a380d0c0f009eab98b75a1,92127264.0,1.0,5.5,f,6.0,0.0,APROVADO POR NOTA
116115,57565214,97fe348def50c5c3375b5167701c7202,92127264.0,1.0,8.0,f,7.3,0.0,APROVADO
116116,57565214,97fe348def50c5c3375b5167701c7202,92127264.0,2.0,6.0,f,7.3,0.0,APROVADO
116117,57565214,97fe348def50c5c3375b5167701c7202,92127264.0,3.0,8.0,f,7.3,0.0,APROVADO
116118,57565214,982e1cd4eb21c2ae5483596c92e02a95,92127264.0,1.0,7.0,f,7.3,0.0,APROVADO
116119,57565214,982e1cd4eb21c2ae5483596c92e02a95,92127264.0,3.0,7.5,f,7.3,0.0,APROVADO
116120,57565214,982e1cd4eb21c2ae5483596c92e02a95,92127264.0,2.0,7.5,f,7.3,0.0,APROVADO
116121,57565214,b433ff4854fc0247521a8d85ac933932,92127264.0,1.0,7.5,f,7.5,0.0,APROVADO
116122,57565214,b433ff4854fc0247521a8d85ac933932,92127264.0,2.0,7.0,f,7.5,0.0,APROVADO
116123,57565214,b433ff4854fc0247521a8d85ac933932,92127264.0,3.0,8.0,f,7.5,0.0,APROVADO
116124,57565214,713d1e23e527993346b137af29994241,92127264.0,3.0,7.5,f,5.0,0.0,APROVADO POR NOTA
116125,57565214,713d1e23e527993346b137af29994241,92127264.0,1.0,3.0,f,5.0,0.0,APROVADO POR NOTA
116126,57565214,713d1e23e527993346b137af29994241,92127264.0,2.0,4.5,f,5.0,0.0,APROVADO POR NOTA
116127,57565214,4502ef9166c14d7469243abd3dc0f70d,92127264.0,1.0,8.5,f,8.3,0.0,APROVADO
116128,57565214,4502ef9166c14d7469243abd3dc0f70d,92127264.0,2.0,8.0,f,8.3,0.0,APROVADO
116129,57565214,4502ef9166c14d7469243abd3dc0f70d,92127264.0,3.0,8.5,f,8.3,0.0,APROVADO
116130,57565214,f9050ce6ad26787023581e2cc346e703,92127264.0,1.0,6.0,f,6.2,0.0,APROVADO POR NOTA
116131,57565214,f9050ce6ad26787023581e2cc346e703,92127264.0,2.0,5.0,f,6.2,0.0,APROVADO POR NOTA
116132,57565214,f9050ce6ad26787023581e2cc346e703,92127264.0,3.0,7.5,f,6.2,0.0,APROVADO POR NOTA
116133,57565214,fd67ce939432d220dc3ab6030c9b349f,92127264.0,0,0,0,0,0,DESISTENCIA
116134,57565214,c6d91f6faa21bd207733d05e491aa0e1,92127264.0,1.0,7.5,f,7.5,0.0,APROVADO
116135,57565214,c6d91f6faa21bd207733d05e491aa0e1,92127264.0,2.0,7.0,f,7.5,0.0,APROVADO
116136,57565214,c6d91f6faa21bd207733d05e491aa0e1,92127264.0,3.0,8.0,f,7.5,0.0,APROVADO
116138,57565214,7629912c85dc9e2141fe596538cf2c02,92127264.0,1.0,7.0,f,6.8,0.0,APROVADO POR NOTA
116139,57565214,7629912c85dc9e2141fe596538cf2c02,92127264.0,2.0,6.5,f,6.8,0.0,APROVADO POR NOTA
116140,57565214,7629912c85dc9e2141fe596538cf2c02,92127264.0,3.0,7.0,f,6.8,0.0,APROVADO POR NOTA
116141,57565214,254ceb2461f616e3cf107788af88a348,92127264.0,1.0,7.0,f,7.0,0.0,APROVADO
116142,57565214,254ceb2461f616e3cf107788af88a348,92127264.0,2.0,6.5,f,7.0,0.0,APROVADO
116143,57565214,254ceb2461f616e3cf107788af88a348,92127264.0,3.0,7.5,f,7.0,0.0,APROVADO
116145,57565214,718c4749fa8d43b1699d7c444df77ad9,92127264.0,0,0,0,0,0,TRANCADO
116148,57565214,294a3290746f975c30553b672cb40cdd,92127264.0,1.0,0.0,f,0.0,0.0,REPROVADO
116149,57565214,294a3290746f975c30553b672cb40cdd,92127264.0,2.0,0.0,f,0.0,0.0,REPROVADO
116150,57565214,294a3290746f975c30553b672cb40cdd,92127264.0,3.0,0.0,f,0.0,0.0,REPROVADO
116151,57565214,823c04f19b91bd6be7587b40ce160223,92127264.0,1.0,0.0,f,0.0,0.0,REPROVADO
116152,57565214,823c04f19b91bd6be7587b40ce160223,92127264.0,2.0,0.0,f,0.0,0.0,REPROVADO
116153,57565214,823c04f19b91bd6be7587b40ce160223,92127264.0,3.0,0.0,f,0.0,0.0,REPROVADO
116154,57565214,bf3c0e6ae00be7d19d517863d1136efb,92127264.0,1.0,2.0,t,5.5,0.0,APROVADO POR NOTA
116155,57565214,bf3c0e6ae00be7d19d517863d1136efb,92127264.0,2.0,3.0,f,5.5,0.0,APROVADO POR NOTA
116156,57565214,bf3c0e6ae00be7d19d517863d1136efb,92127264.0,3.0,7.5,f,5.5,0.0,APROVADO POR NOTA
116157,57565214,057fdfe31ce7ff67e6de782fd459a5e7,92127264.0,1.0,6.5,f,6.8,0.0,APROVADO POR NOTA
116158,57565214,057fdfe31ce7ff67e6de782fd459a5e7,92127264.0,2.0,6.0,f,6.8,0.0,APROVADO POR NOTA
116159,57565214,057fdfe31ce7ff67e6de782fd459a5e7,92127264.0,3.0,8.0,f,6.8,0.0,APROVADO POR NOTA
116160,57565214,8b0ee1674165ac3ef13b54e65698c0fe,92127264.0,1.0,5.0,f,5.7,0.0,APROVADO POR NOTA
116161,57565214,8b0ee1674165ac3ef13b54e65698c0fe,92127264.0,2.0,4.5,f,5.7,0.0,APROVADO POR NOTA
116162,57565214,8b0ee1674165ac3ef13b54e65698c0fe,92127264.0,3.0,7.5,f,5.7,0.0,APROVADO POR NOTA
116163,57565214,4ee7e28e07a6e3751a3c3c7ddde7e90d,92127264.0,1.0,4.5,f,5.7,0.0,APROVADO POR NOTA
116164,57565214,4ee7e28e07a6e3751a3c3c7ddde7e90d,92127264.0,2.0,5.0,f,5.7,0.0,APROVADO POR NOTA
116165,57565214,4ee7e28e07a6e3751a3c3c7ddde7e90d,92127264.0,3.0,7.5,f,5.7,0.0,APROVADO POR NOTA
116166,57565214,80f9d9e023fb9a2d30a678e02184bd23,92127264.0,1.0,3.0,f,5.2,0.0,APROVADO POR NOTA
116167,57565214,80f9d9e023fb9a2d30a678e02184bd23,92127264.0,2.0,5.0,f,5.2,0.0,APROVADO POR NOTA
116168,57565214,80f9d9e023fb9a2d30a678e02184bd23,92127264.0,3.0,7.5,f,5.2,0.0,APROVADO POR NOTA
116169,57565214,6979f555ed7b878d55f9cd3fa4e5c032,92127264.0,1.0,6.0,f,6.3,0.0,APROVADO POR NOTA
116170,57565214,6979f555ed7b878d55f9cd3fa4e5c032,92127264.0,2.0,5.5,f,6.3,0.0,APROVADO POR NOTA
116171,57565214,6979f555ed7b878d55f9cd3fa4e5c032,92127264.0,3.0,7.5,f,6.3,0.0,APROVADO POR NOTA
116172,57565214,5ae28cd41b501ff35073a13dd1370d64,92127264.0,1.0,8.5,f,8.2,0.0,APROVADO
116173,57565214,5ae28cd41b501ff35073a13dd1370d64,92127264.0,2.0,8.0,f,8.2,0.0,APROVADO
116174,57565214,5ae28cd41b501ff35073a13dd1370d64,92127264.0,3.0,8.0,f,8.2,0.0,APROVADO
116175,57565214,7ffed3cce977997857468cc7bc885e62,92127264.0,1.0,7.0,f,7.2,0.0,APROVADO
116176,57565214,7ffed3cce977997857468cc7bc885e62,92127264.0,2.0,6.5,f,7.2,0.0,APROVADO
116177,57565214,7ffed3cce977997857468cc7bc885e62,92127264.0,3.0,8.0,f,7.2,0.0,APROVADO
116178,57565214,130fa18e7cbe30c714f98937cf94abab,92127264.0,1.0,4.0,f,5.7,0.0,APROVADO POR NOTA
116179,57565214,130fa18e7cbe30c714f98937cf94abab,92127264.0,2.0,5.5,f,5.7,0.0,APROVADO POR NOTA
116180,57565214,130fa18e7cbe30c714f98937cf94abab,92127264.0,3.0,7.5,f,5.7,0.0,APROVADO POR NOTA
116181,57565214,40d6eb384c524c0ce12349fa81c29257,92127264.0,1.0,6.5,f,6.7,0.0,APROVADO POR NOTA
116182,57565214,40d6eb384c524c0ce12349fa81c29257,92127264.0,2.0,6.0,f,6.7,0.0,APROVADO POR NOTA
116183,57565214,40d6eb384c524c0ce12349fa81c29257,92127264.0,3.0,7.5,f,6.7,0.0,APROVADO POR NOTA
116184,57565214,ea18bf31bb8dfce225f59c05f81a41e3,92127264.0,2.0,4.5,f,5.5,0.0,APROVADO POR NOTA
116185,57565214,ea18bf31bb8dfce225f59c05f81a41e3,92127264.0,3.0,7.5,f,5.5,0.0,APROVADO POR NOTA
116186,57565214,ea18bf31bb8dfce225f59c05f81a41e3,92127264.0,1.0,4.5,f,5.5,0.0,APROVADO POR NOTA
116187,57565214,aa00f9c2f38e7757521cf0d96b480b90,92127264.0,1.0,7.5,f,7.5,0.0,APROVADO
116188,57565214,aa00f9c2f38e7757521cf0d96b480b90,92127264.0,2.0,7.5,f,7.5,0.0,APROVADO
116189,57565214,aa00f9c2f38e7757521cf0d96b480b90,92127264.0,3.0,7.5,f,7.5,0.0,APROVADO
116190,57565214,5242c05251813a59548467328ce0d335,92127264.0,1.0,7.0,f,7.3,0.0,APROVADO
116191,57565214,5242c05251813a59548467328ce0d335,92127264.0,2.0,7.5,f,7.3,0.0,APROVADO
116192,57565214,5242c05251813a59548467328ce0d335,92127264.0,3.0,7.5,f,7.3,0.0,APROVADO
116193,57565214,fa0366ee9930798042fc769c00c9cdb7,92127264.0,0,0,0,0,0,DESISTENCIA
116195,57565214,3dcb457caef136647269b2a02ee21b29,92127264.0,0,0,0,0,0,DESISTENCIA
116196,57564857,a86542bd8fc9e6e665e4897c20b8ff95,92127264.0,1.0,6.5,f,5.0,0.0,APROVADO POR NOTA
116197,57564857,a86542bd8fc9e6e665e4897c20b8ff95,92127264.0,2.0,4.69999981,f,5.0,0.0,APROVADO POR NOTA
116198,57564857,a86542bd8fc9e6e665e4897c20b8ff95,92127264.0,3.0,0.0,t,5.0,0.0,APROVADO POR NOTA
116199,57564857,6008b2965ae4e0bc455b17b44f930bfa,92127264.0,3.0,4.5999999,f,7.4,28.0,APROVADO
116200,57564857,6008b2965ae4e0bc455b17b44f930bfa,92127264.0,1.0,0.0,f,7.4,28.0,APROVADO
116201,57564857,6008b2965ae4e0bc455b17b44f930bfa,92127264.0,2.0,7.599999900000001,f,7.4,28.0,APROVADO
116202,57564857,48bda966ddad288bba1f680237cdef70,92127264.0,1.0,9.0,f,5.7,14.0,APROVADO POR NOTA
116203,57564857,48bda966ddad288bba1f680237cdef70,92127264.0,2.0,5.0,f,5.7,14.0,APROVADO POR NOTA
116204,57564857,48bda966ddad288bba1f680237cdef70,92127264.0,3.0,3.0999999,f,5.7,14.0,APROVADO POR NOTA
116205,57564857,240d89786f849e37a4d06809e635fa47,92127264.0,1.0,3.0,f,1.2,22.0,REPROVADO
116206,57564857,240d89786f849e37a4d06809e635fa47,92127264.0,2.0,0.699999988,f,1.2,22.0,REPROVADO
116207,57564857,240d89786f849e37a4d06809e635fa47,92127264.0,3.0,0.0,f,1.2,22.0,REPROVADO
116209,57564857,15f5e1533bd363c766d01f75ebcbe2b7,92127264.0,1.0,6.0,f,6.1,24.0,APROVADO POR NOTA
116210,57564857,15f5e1533bd363c766d01f75ebcbe2b7,92127264.0,2.0,6.4000001,f,6.1,24.0,APROVADO POR NOTA
116211,57564857,15f5e1533bd363c766d01f75ebcbe2b7,92127264.0,3.0,1.0,t,6.1,24.0,APROVADO POR NOTA
116212,57564857,9d78bef9cf3602ea7e25f55cf79ae0db,92127264.0,1.0,4.0,f,6.4,12.0,APROVADO POR NOTA
116213,57564857,9d78bef9cf3602ea7e25f55cf79ae0db,92127264.0,2.0,8.19999981,f,6.4,12.0,APROVADO POR NOTA
116214,57564857,9d78bef9cf3602ea7e25f55cf79ae0db,92127264.0,3.0,7.0,f,6.4,12.0,APROVADO POR NOTA
116218,57564857,ccece052e4da7294d46957f07a89a077,92127264.0,1.0,4.099999899999999,f,1.4,36.0,REPROVADO POR MÉDIA E POR FALTAS
116219,57564857,ccece052e4da7294d46957f07a89a077,92127264.0,2.0,0.0,f,1.4,36.0,REPROVADO POR MÉDIA E POR FALTAS
116220,57564857,ccece052e4da7294d46957f07a89a077,92127264.0,3.0,0.0,f,1.4,36.0,REPROVADO POR MÉDIA E POR FALTAS
116221,57564857,01a7b34e2eb7d66f7490599d3790e709,92127264.0,1.0,2.20000005,f,0.7,36.0,REPROVADO POR MÉDIA E POR FALTAS
116222,57564857,01a7b34e2eb7d66f7490599d3790e709,92127264.0,2.0,0.0,f,0.7,36.0,REPROVADO POR MÉDIA E POR FALTAS
116223,57564857,01a7b34e2eb7d66f7490599d3790e709,92127264.0,3.0,0.0,f,0.7,36.0,REPROVADO POR MÉDIA E POR FALTAS
116224,57564857,b41962dbdf2c399278387568c820ac90,92127264.0,1.0,7.80000019,f,6.6,2.0,APROVADO POR NOTA
116225,57564857,b41962dbdf2c399278387568c820ac90,92127264.0,2.0,7.69999981,f,6.6,2.0,APROVADO POR NOTA
116226,57564857,b41962dbdf2c399278387568c820ac90,92127264.0,3.0,4.4000001,f,6.6,2.0,APROVADO POR NOTA
116227,57564857,21f431743a2e10ec0179a8f172a682a2,92127264.0,1.0,6.69999981,f,7.8,2.0,APROVADO
116228,57564857,21f431743a2e10ec0179a8f172a682a2,92127264.0,2.0,9.80000019,f,7.8,2.0,APROVADO
116229,57564857,21f431743a2e10ec0179a8f172a682a2,92127264.0,3.0,7.0,f,7.8,2.0,APROVADO
116230,57564857,15ce11b7e21c47c687f7008c288e12b5,92127264.0,1.0,6.0999999,f,2.0,54.0,REPROVADO POR MÉDIA E POR FALTAS
116231,57564857,15ce11b7e21c47c687f7008c288e12b5,92127264.0,2.0,0.0,f,2.0,54.0,REPROVADO POR MÉDIA E POR FALTAS
116232,57564857,15ce11b7e21c47c687f7008c288e12b5,92127264.0,3.0,0.0,f,2.0,54.0,REPROVADO POR MÉDIA E POR FALTAS
116233,57564857,d7d8b8da956d726a0c4b65a49a8dfffd,92127264.0,1.0,1.89999998,f,0.6,24.0,REPROVADO
116234,57564857,d7d8b8da956d726a0c4b65a49a8dfffd,92127264.0,2.0,0.0,f,0.6,24.0,REPROVADO
116235,57564857,d7d8b8da956d726a0c4b65a49a8dfffd,92127264.0,3.0,0.0,f,0.6,24.0,REPROVADO
116239,57564857,ded1024a6672e20684cb73770364b4e4,92127264.0,1.0,0.0,f,0,0.0,TRANCADO
116240,57564857,ded1024a6672e20684cb73770364b4e4,92127264.0,2.0,0,f,0,0.0,TRANCADO
116241,57564857,ded1024a6672e20684cb73770364b4e4,92127264.0,3.0,0,f,0,0.0,TRANCADO
116242,57564857,e8276e72614c5828286b43d50704d1a0,92127264.0,1.0,4.30000019,f,1.4,30.0,REPROVADO POR MÉDIA E POR FALTAS
116243,57564857,e8276e72614c5828286b43d50704d1a0,92127264.0,2.0,0.0,f,1.4,30.0,REPROVADO POR MÉDIA E POR FALTAS
116244,57564857,e8276e72614c5828286b43d50704d1a0,92127264.0,3.0,0.0,f,1.4,30.0,REPROVADO POR MÉDIA E POR FALTAS
116245,57564857,4f6604e9e784dfcc5d63db809178681e,92127264.0,1.0,6.0,f,6.9,8.0,APROVADO POR NOTA
116246,57564857,4f6604e9e784dfcc5d63db809178681e,92127264.0,2.0,7.80000019,f,6.9,8.0,APROVADO POR NOTA
116247,57564857,4f6604e9e784dfcc5d63db809178681e,92127264.0,3.0,7.0,f,6.9,8.0,APROVADO POR NOTA
116255,57564857,f111a05877915e0c15509d555f34195c,92127264.0,1.0,2.0999999,f,2.1,30.0,REPROVADO POR MÉDIA E POR FALTAS
116256,57564857,f111a05877915e0c15509d555f34195c,92127264.0,2.0,4.19999981,f,2.1,30.0,REPROVADO POR MÉDIA E POR FALTAS
116257,57564857,f111a05877915e0c15509d555f34195c,92127264.0,3.0,0.0,f,2.1,30.0,REPROVADO POR MÉDIA E POR FALTAS
116258,57564857,a8e0be6d1f80a287bc04c8b2aad01580,92127264.0,1.0,0.0,f,0.0,78.0,REPROVADO POR MÉDIA E POR FALTAS
116259,57564857,a8e0be6d1f80a287bc04c8b2aad01580,92127264.0,2.0,0.0,f,0.0,78.0,REPROVADO POR MÉDIA E POR FALTAS
116260,57564857,a8e0be6d1f80a287bc04c8b2aad01580,92127264.0,3.0,0.0,f,0.0,78.0,REPROVADO POR MÉDIA E POR FALTAS
116261,57564857,a16ed96ee765c2ec436358814f6bc646,92127264.0,1.0,6.0,f,5.0,6.0,APROVADO POR NOTA
116262,57564857,a16ed96ee765c2ec436358814f6bc646,92127264.0,2.0,4.5999999,f,5.0,6.0,APROVADO POR NOTA
116263,57564857,a16ed96ee765c2ec436358814f6bc646,92127264.0,3.0,0.0,t,5.0,6.0,APROVADO POR NOTA
116264,57564857,fd67ce939432d220dc3ab6030c9b349f,92127264.0,1.0,0.10000000099999999,f,0.0,44.0,REPROVADO POR MÉDIA E POR FALTAS
116265,57564857,fd67ce939432d220dc3ab6030c9b349f,92127264.0,2.0,0.0,f,0.0,44.0,REPROVADO POR MÉDIA E POR FALTAS
116266,57564857,fd67ce939432d220dc3ab6030c9b349f,92127264.0,3.0,0.0,f,0.0,44.0,REPROVADO POR MÉDIA E POR FALTAS
116270,57564857,ee67c654a285629b1e24292c717dc9e5,92127264.0,1.0,6.30000019,f,7.2,20.0,APROVADO
116271,57564857,ee67c654a285629b1e24292c717dc9e5,92127264.0,2.0,5.9000001,f,7.2,20.0,APROVADO
116272,57564857,ee67c654a285629b1e24292c717dc9e5,92127264.0,3.0,9.5,f,7.2,20.0,APROVADO
116273,57564857,f8177d63d1507a592ffc0d33db70a4f7,92127264.0,1.0,1.20000005,f,0.4,60.0,REPROVADO POR MÉDIA E POR FALTAS
116274,57564857,f8177d63d1507a592ffc0d33db70a4f7,92127264.0,2.0,0.0,f,0.4,60.0,REPROVADO POR MÉDIA E POR FALTAS
116275,57564857,f8177d63d1507a592ffc0d33db70a4f7,92127264.0,3.0,0.0,f,0.4,60.0,REPROVADO POR MÉDIA E POR FALTAS
116276,57564857,02624974f8aa2d53b945ceb2b4eec0dd,92127264.0,1.0,5.19999981,f,5.1,12.0,APROVADO POR NOTA
116277,57564857,02624974f8aa2d53b945ceb2b4eec0dd,92127264.0,2.0,5.0999999,f,5.1,12.0,APROVADO POR NOTA
116278,57564857,02624974f8aa2d53b945ceb2b4eec0dd,92127264.0,3.0,3.5,t,5.1,12.0,APROVADO POR NOTA
116282,57564857,a8e2e545c4b9385773d1fd98188f6f59,92127264.0,1.0,2.29999995,f,0.8,26.0,REPROVADO
116283,57564857,a8e2e545c4b9385773d1fd98188f6f59,92127264.0,2.0,0.0,f,0.8,26.0,REPROVADO
116284,57564857,a8e2e545c4b9385773d1fd98188f6f59,92127264.0,3.0,0.0,f,0.8,26.0,REPROVADO
116285,57564857,945368d8c8df1119af662bfd1a848b52,92127264.0,1.0,8.39999962,f,6.6,26.0,APROVADO POR NOTA
116286,57564857,945368d8c8df1119af662bfd1a848b52,92127264.0,2.0,7.5,f,6.6,26.0,APROVADO POR NOTA
116287,57564857,945368d8c8df1119af662bfd1a848b52,92127264.0,3.0,3.79999995,f,6.6,26.0,APROVADO POR NOTA
116288,57564857,774568ed670a68e9c07da231310e3ab9,92127264.0,1.0,1.29999995,f,0.4,42.0,REPROVADO POR MÉDIA E POR FALTAS
116289,57564857,774568ed670a68e9c07da231310e3ab9,92127264.0,2.0,0.0,f,0.4,42.0,REPROVADO POR MÉDIA E POR FALTAS
116290,57564857,774568ed670a68e9c07da231310e3ab9,92127264.0,3.0,0.0,f,0.4,42.0,REPROVADO POR MÉDIA E POR FALTAS
116291,57564857,8f1e25c53680d4d2ecfd4d6be7f4f4f0,92127264.0,1.0,9.0,f,8.0,20.0,APROVADO
116292,57564857,8f1e25c53680d4d2ecfd4d6be7f4f4f0,92127264.0,2.0,8.5,f,8.0,20.0,APROVADO
116293,57564857,8f1e25c53680d4d2ecfd4d6be7f4f4f0,92127264.0,3.0,6.4000001,f,8.0,20.0,APROVADO
116294,57564857,b0e148daf401068c1b47be520d5bb181,92127264.0,1.0,5.30000019,f,3.9,16.0,REPROVADO
116295,57564857,b0e148daf401068c1b47be520d5bb181,92127264.0,2.0,2.0,t,3.9,16.0,REPROVADO
116296,57564857,b0e148daf401068c1b47be520d5bb181,92127264.0,3.0,2.4000001,f,3.9,16.0,REPROVADO
116297,57564857,2b366f50d21194c4a826929a4e10ef35,92127264.0,1.0,7.599999900000001,f,7.0,22.0,APROVADO
116298,57564857,2b366f50d21194c4a826929a4e10ef35,92127264.0,2.0,7.0,f,7.0,22.0,APROVADO
116299,57564857,2b366f50d21194c4a826929a4e10ef35,92127264.0,3.0,6.30000019,f,7.0,22.0,APROVADO
116300,57564857,01520db6ce2ca85f5b119463328ccb93,92127264.0,1.0,4.0,f,1.7,22.0,REPROVADO
116301,57564857,01520db6ce2ca85f5b119463328ccb93,92127264.0,2.0,1.10000002,f,1.7,22.0,REPROVADO
116302,57564857,01520db6ce2ca85f5b119463328ccb93,92127264.0,3.0,0.0,f,1.7,22.0,REPROVADO
116573,57564844,d73cc8c4494f18e76e499d1742a97c7b,92127264.0,0,0,0,0,0,TRANCADO
116574,57564844,a2b2ef559d7913f7f419197a1beb2e8c,92127264.0,1.0,6.5,f,5.2,2.0,APROVADO POR NOTA
116575,57564844,a2b2ef559d7913f7f419197a1beb2e8c,92127264.0,2.0,1.20000005,t,5.2,2.0,APROVADO POR NOTA
116576,57564844,a2b2ef559d7913f7f419197a1beb2e8c,92127264.0,3.0,6.19999981,f,5.2,2.0,APROVADO POR NOTA
116577,57564844,b554a7595a1fc91654a00f846c41dc6f,92127264.0,1.0,9.0,f,3.0,16.0,REPROVADO
116578,57564844,b554a7595a1fc91654a00f846c41dc6f,92127264.0,2.0,0.0,f,3.0,16.0,REPROVADO
116579,57564844,b554a7595a1fc91654a00f846c41dc6f,92127264.0,3.0,0.0,f,3.0,16.0,REPROVADO
116580,57564844,736b02f7e21fadd7be4b5e2c8e3220cc,92127264.0,1.0,7.5,f,6.3,2.0,APROVADO POR NOTA
116581,57564844,736b02f7e21fadd7be4b5e2c8e3220cc,92127264.0,2.0,2.20000005,t,6.3,2.0,APROVADO POR NOTA
116582,57564844,736b02f7e21fadd7be4b5e2c8e3220cc,92127264.0,3.0,3.5999999,f,6.3,2.0,APROVADO POR NOTA
116584,57564844,1235a9301fcee8edf5d74e0f0f2df292,92127264.0,1.0,4.0,f,1.6,4.0,REPROVADO
116585,57564844,1235a9301fcee8edf5d74e0f0f2df292,92127264.0,2.0,0.800000012,f,1.6,4.0,REPROVADO
116586,57564844,1235a9301fcee8edf5d74e0f0f2df292,92127264.0,3.0,0.0,f,1.6,4.0,REPROVADO
116587,57564844,88790547343038856c4dba8ee1a3bbe6,92127264.0,1.0,5.0,f,1.8,2.0,REPROVADO
116588,57564844,88790547343038856c4dba8ee1a3bbe6,92127264.0,2.0,0.200000003,f,1.8,2.0,REPROVADO
116589,57564844,88790547343038856c4dba8ee1a3bbe6,92127264.0,3.0,0.300000012,f,1.8,2.0,REPROVADO
116590,57564844,679c140c591149567fb371703ba24cef,92127264.0,1.0,8.0,f,4.7,4.0,REPROVADO
116591,57564844,679c140c591149567fb371703ba24cef,92127264.0,2.0,3.0,f,4.7,4.0,REPROVADO
116592,57564844,679c140c591149567fb371703ba24cef,92127264.0,3.0,3.20000005,f,4.7,4.0,REPROVADO
116593,57564844,51a920b9ab104a241c04fe06fcd5351d,92127264.0,1.0,7.0,f,2.3,28.0,REPROVADO POR MÉDIA E POR FALTAS
116594,57564844,51a920b9ab104a241c04fe06fcd5351d,92127264.0,2.0,0.0,f,2.3,28.0,REPROVADO POR MÉDIA E POR FALTAS
116595,57564844,51a920b9ab104a241c04fe06fcd5351d,92127264.0,3.0,0.0,f,2.3,28.0,REPROVADO POR MÉDIA E POR FALTAS
116596,57564844,41a0fc5b21f574bff1124ce4193798dd,92127264.0,1.0,6.5,f,3.5,0.0,REPROVADO
116597,57564844,41a0fc5b21f574bff1124ce4193798dd,92127264.0,2.0,2.70000005,f,3.5,0.0,REPROVADO
116598,57564844,41a0fc5b21f574bff1124ce4193798dd,92127264.0,3.0,1.29999995,f,3.5,0.0,REPROVADO
116600,57564844,9c8c21e07fb93342e39e3564779181cb,92127264.0,1.0,7.5,f,5.0,2.0,APROVADO POR NOTA
116601,57564844,9c8c21e07fb93342e39e3564779181cb,92127264.0,2.0,2.20000005,t,5.0,2.0,APROVADO POR NOTA
116602,57564844,9c8c21e07fb93342e39e3564779181cb,92127264.0,3.0,3.70000005,f,5.0,2.0,APROVADO POR NOTA
116603,57564844,5a362b6c394f14f12a8867d0c0494641,92127264.0,1.0,3.0,f,6.3,2.0,APROVADO POR NOTA
116604,57564844,5a362b6c394f14f12a8867d0c0494641,92127264.0,2.0,7.099999900000001,f,6.3,2.0,APROVADO POR NOTA
116605,57564844,5a362b6c394f14f12a8867d0c0494641,92127264.0,3.0,8.80000019,f,6.3,2.0,APROVADO POR NOTA
116606,57564844,e4dcda7fa43cfcaa58044c501b34f030,92127264.0,1.0,10.0,f,7.1,10.0,APROVADO
116607,57564844,e4dcda7fa43cfcaa58044c501b34f030,92127264.0,2.0,4.9000001,f,7.1,10.0,APROVADO
116608,57564844,e4dcda7fa43cfcaa58044c501b34f030,92127264.0,3.0,6.5,f,7.1,10.0,APROVADO
116612,57564844,f28e052d0580964522fc2df687450a3d,92127264.0,1.0,10.0,f,9.9,6.0,APROVADO
116613,57564844,f28e052d0580964522fc2df687450a3d,92127264.0,2.0,9.80000019,f,9.9,6.0,APROVADO
116614,57564844,f28e052d0580964522fc2df687450a3d,92127264.0,3.0,10.0,f,9.9,6.0,APROVADO
116615,57564844,e6cdfc6ba7edb9e72e88b259112088c6,92127264.0,1.0,9.0,f,6.4,0.0,APROVADO POR NOTA
116616,57564844,e6cdfc6ba7edb9e72e88b259112088c6,92127264.0,2.0,2.0999999,t,6.4,0.0,APROVADO POR NOTA
116617,57564844,e6cdfc6ba7edb9e72e88b259112088c6,92127264.0,3.0,2.79999995,f,6.4,0.0,APROVADO POR NOTA
116622,57564844,bf797d2f088087988a830799e5e8d316,92127264.0,1.0,9.0,f,3.0,72.0,REPROVADO POR MÉDIA E POR FALTAS
116623,57564844,bf797d2f088087988a830799e5e8d316,92127264.0,2.0,0.0,f,3.0,72.0,REPROVADO POR MÉDIA E POR FALTAS
116624,57564844,bf797d2f088087988a830799e5e8d316,92127264.0,3.0,0.0,f,3.0,72.0,REPROVADO POR MÉDIA E POR FALTAS
116625,57564844,2611cfc63edfc0980b1925fd819ec700,92127264.0,1.0,0.0,f,0.0,43.0,REPROVADO POR MÉDIA E POR FALTAS
116626,57564844,2611cfc63edfc0980b1925fd819ec700,92127264.0,2.0,0.0,f,0.0,43.0,REPROVADO POR MÉDIA E POR FALTAS
116627,57564844,2611cfc63edfc0980b1925fd819ec700,92127264.0,3.0,0.0,f,0.0,43.0,REPROVADO POR MÉDIA E POR FALTAS
116628,57564844,a16ed96ee765c2ec436358814f6bc646,92127264.0,0,0,0,0,0,DESISTENCIA
116631,57564844,fd3e47920988063d44319fa2c8d373da,92127264.0,1.0,3.0,f,1.7,24.0,REPROVADO
116632,57564844,fd3e47920988063d44319fa2c8d373da,92127264.0,2.0,2.0,f,1.7,24.0,REPROVADO
116633,57564844,fd3e47920988063d44319fa2c8d373da,92127264.0,3.0,0.0,f,1.7,24.0,REPROVADO
116638,57564844,5ff2a17b3e44f4ad386b87374a841675,92127264.0,1.0,2.0,f,1.2,6.0,REPROVADO
116639,57564844,5ff2a17b3e44f4ad386b87374a841675,92127264.0,2.0,1.60000002,f,1.2,6.0,REPROVADO
116640,57564844,5ff2a17b3e44f4ad386b87374a841675,92127264.0,3.0,0.0,f,1.2,6.0,REPROVADO
116644,57564844,dac8ccc113e153d1adee62d112a3723d,92127264.0,0,0,0,0,0,TRANCADO
116645,57564844,c1f3ad0fcde65ba2674759fb0387082e,92127264.0,1.0,0.0,f,0.7,50.0,REPROVADO POR MÉDIA E POR FALTAS
116646,57564844,c1f3ad0fcde65ba2674759fb0387082e,92127264.0,2.0,2.0,f,0.7,50.0,REPROVADO POR MÉDIA E POR FALTAS
116647,57564844,c1f3ad0fcde65ba2674759fb0387082e,92127264.0,3.0,0.0,f,0.7,50.0,REPROVADO POR MÉDIA E POR FALTAS
116648,57564844,01bec0a9416e21c139c4b5e8e4b00394,92127264.0,1.0,5.5,f,1.8,16.0,REPROVADO
116649,57564844,01bec0a9416e21c139c4b5e8e4b00394,92127264.0,2.0,0.0,f,1.8,16.0,REPROVADO
116650,57564844,01bec0a9416e21c139c4b5e8e4b00394,92127264.0,3.0,0.0,f,1.8,16.0,REPROVADO
116651,57564844,23c3e6fe2285999433491924f662c872,92127264.0,1.0,5.5,f,2.1,14.0,REPROVADO
116652,57564844,23c3e6fe2285999433491924f662c872,92127264.0,2.0,0.800000012,f,2.1,14.0,REPROVADO
116653,57564844,23c3e6fe2285999433491924f662c872,92127264.0,3.0,0.0,f,2.1,14.0,REPROVADO
116654,57564844,b0febe58ff9dea32f4c25d7cfe37920b,92127264.0,1.0,9.0,f,8.7,10.0,APROVADO
116655,57564844,b0febe58ff9dea32f4c25d7cfe37920b,92127264.0,2.0,7.69999981,f,8.7,10.0,APROVADO
116656,57564844,b0febe58ff9dea32f4c25d7cfe37920b,92127264.0,3.0,9.39999962,f,8.7,10.0,APROVADO
116658,57564844,8a8878d0e0f3adde0d8da2b9491942a8,92127264.0,1.0,3.5,f,1.5,28.0,REPROVADO POR MÉDIA E POR FALTAS
116659,57564844,8a8878d0e0f3adde0d8da2b9491942a8,92127264.0,2.0,1.0,f,1.5,28.0,REPROVADO POR MÉDIA E POR FALTAS
116660,57564844,8a8878d0e0f3adde0d8da2b9491942a8,92127264.0,3.0,0.0,f,1.5,28.0,REPROVADO POR MÉDIA E POR FALTAS
116661,57564844,3f262f8a7b11adc284750418506c7f94,92127264.0,1.0,4.0,f,2.3,6.0,REPROVADO
116662,57564844,3f262f8a7b11adc284750418506c7f94,92127264.0,2.0,1.39999998,f,2.3,6.0,REPROVADO
116663,57564844,3f262f8a7b11adc284750418506c7f94,92127264.0,3.0,1.60000002,f,2.3,6.0,REPROVADO
116664,57564844,99e5e29d16566a2bed71732ecba19849,92127264.0,1.0,9.0,f,3.4,2.0,REPROVADO
116665,57564844,99e5e29d16566a2bed71732ecba19849,92127264.0,2.0,0.0,t,3.4,2.0,REPROVADO
116666,57564844,99e5e29d16566a2bed71732ecba19849,92127264.0,3.0,0.8999999759999999,f,3.4,2.0,REPROVADO
116667,57564844,fa59fcc35019ddcd80bc63a4b30192d0,92127264.0,1.0,10.0,f,9.6,6.0,APROVADO
116668,57564844,fa59fcc35019ddcd80bc63a4b30192d0,92127264.0,2.0,8.80000019,f,9.6,6.0,APROVADO
116669,57564844,fa59fcc35019ddcd80bc63a4b30192d0,92127264.0,3.0,10.0,f,9.6,6.0,APROVADO
116673,57564844,00d23d8801e80f5326f9409bc1edee9b,92127264.0,1.0,2.0,f,1.2,14.0,REPROVADO
116674,57564844,00d23d8801e80f5326f9409bc1edee9b,92127264.0,2.0,1.5,f,1.2,14.0,REPROVADO
116675,57564844,00d23d8801e80f5326f9409bc1edee9b,92127264.0,3.0,0.0,f,1.2,14.0,REPROVADO
116676,57564844,d26ea439ed2a5db2fe5c0a5e1a6dfc16,92127264.0,1.0,2.5,f,1.2,23.0,REPROVADO
116677,57564844,d26ea439ed2a5db2fe5c0a5e1a6dfc16,92127264.0,2.0,1.10000002,f,1.2,23.0,REPROVADO
116678,57564844,d26ea439ed2a5db2fe5c0a5e1a6dfc16,92127264.0,3.0,0.0,f,1.2,23.0,REPROVADO
116679,57564844,d73cc8c4494f18e76e499d1742a97c7b,92127264.0,0,0,0,0,0,TRANCADO
116680,57564844,a2b2ef559d7913f7f419197a1beb2e8c,92127264.0,1.0,6.5,f,5.2,2.0,APROVADO POR NOTA
116681,57564844,a2b2ef559d7913f7f419197a1beb2e8c,92127264.0,2.0,1.20000005,t,5.2,2.0,APROVADO POR NOTA
116682,57564844,a2b2ef559d7913f7f419197a1beb2e8c,92127264.0,3.0,6.19999981,f,5.2,2.0,APROVADO POR NOTA
116683,57564844,b554a7595a1fc91654a00f846c41dc6f,92127264.0,1.0,9.0,f,3.0,16.0,REPROVADO
116684,57564844,b554a7595a1fc91654a00f846c41dc6f,92127264.0,2.0,0.0,f,3.0,16.0,REPROVADO
116685,57564844,b554a7595a1fc91654a00f846c41dc6f,92127264.0,3.0,0.0,f,3.0,16.0,REPROVADO
116686,57564844,736b02f7e21fadd7be4b5e2c8e3220cc,92127264.0,1.0,7.5,f,6.3,2.0,APROVADO POR NOTA
116687,57564844,736b02f7e21fadd7be4b5e2c8e3220cc,92127264.0,2.0,2.20000005,t,6.3,2.0,APROVADO POR NOTA
116688,57564844,736b02f7e21fadd7be4b5e2c8e3220cc,92127264.0,3.0,3.5999999,f,6.3,2.0,APROVADO POR NOTA
116690,57564844,1235a9301fcee8edf5d74e0f0f2df292,92127264.0,1.0,4.0,f,1.6,4.0,REPROVADO
116691,57564844,1235a9301fcee8edf5d74e0f0f2df292,92127264.0,2.0,0.800000012,f,1.6,4.0,REPROVADO
116692,57564844,1235a9301fcee8edf5d74e0f0f2df292,92127264.0,3.0,0.0,f,1.6,4.0,REPROVADO
116693,57564844,88790547343038856c4dba8ee1a3bbe6,92127264.0,1.0,5.0,f,1.8,2.0,REPROVADO
116694,57564844,88790547343038856c4dba8ee1a3bbe6,92127264.0,2.0,0.200000003,f,1.8,2.0,REPROVADO
116695,57564844,88790547343038856c4dba8ee1a3bbe6,92127264.0,3.0,0.300000012,f,1.8,2.0,REPROVADO
116696,57564844,679c140c591149567fb371703ba24cef,92127264.0,1.0,8.0,f,4.7,4.0,REPROVADO
116697,57564844,679c140c591149567fb371703ba24cef,92127264.0,2.0,3.0,f,4.7,4.0,REPROVADO
116698,57564844,679c140c591149567fb371703ba24cef,92127264.0,3.0,3.20000005,f,4.7,4.0,REPROVADO
116699,57564844,51a920b9ab104a241c04fe06fcd5351d,92127264.0,1.0,7.0,f,2.3,28.0,REPROVADO POR MÉDIA E POR FALTAS
116700,57564844,51a920b9ab104a241c04fe06fcd5351d,92127264.0,2.0,0.0,f,2.3,28.0,REPROVADO POR MÉDIA E POR FALTAS
116701,57564844,51a920b9ab104a241c04fe06fcd5351d,92127264.0,3.0,0.0,f,2.3,28.0,REPROVADO POR MÉDIA E POR FALTAS
116702,57564844,41a0fc5b21f574bff1124ce4193798dd,92127264.0,1.0,6.5,f,3.5,0.0,REPROVADO
116703,57564844,41a0fc5b21f574bff1124ce4193798dd,92127264.0,2.0,2.70000005,f,3.5,0.0,REPROVADO
116704,57564844,41a0fc5b21f574bff1124ce4193798dd,92127264.0,3.0,1.29999995,f,3.5,0.0,REPROVADO
116706,57564844,9c8c21e07fb93342e39e3564779181cb,92127264.0,1.0,7.5,f,5.0,2.0,APROVADO POR NOTA
116707,57564844,9c8c21e07fb93342e39e3564779181cb,92127264.0,2.0,2.20000005,t,5.0,2.0,APROVADO POR NOTA
116708,57564844,9c8c21e07fb93342e39e3564779181cb,92127264.0,3.0,3.70000005,f,5.0,2.0,APROVADO POR NOTA
116709,57564844,5a362b6c394f14f12a8867d0c0494641,92127264.0,1.0,3.0,f,6.3,2.0,APROVADO POR NOTA
116710,57564844,5a362b6c394f14f12a8867d0c0494641,92127264.0,2.0,7.099999900000001,f,6.3,2.0,APROVADO POR NOTA
116711,57564844,5a362b6c394f14f12a8867d0c0494641,92127264.0,3.0,8.80000019,f,6.3,2.0,APROVADO POR NOTA
116712,57564844,e4dcda7fa43cfcaa58044c501b34f030,92127264.0,1.0,10.0,f,7.1,10.0,APROVADO
116713,57564844,e4dcda7fa43cfcaa58044c501b34f030,92127264.0,2.0,4.9000001,f,7.1,10.0,APROVADO
116714,57564844,e4dcda7fa43cfcaa58044c501b34f030,92127264.0,3.0,6.5,f,7.1,10.0,APROVADO
116718,57564844,f28e052d0580964522fc2df687450a3d,92127264.0,1.0,10.0,f,9.9,6.0,APROVADO
116719,57564844,f28e052d0580964522fc2df687450a3d,92127264.0,2.0,9.80000019,f,9.9,6.0,APROVADO
116720,57564844,f28e052d0580964522fc2df687450a3d,92127264.0,3.0,10.0,f,9.9,6.0,APROVADO
116721,57564844,e6cdfc6ba7edb9e72e88b259112088c6,92127264.0,1.0,9.0,f,6.4,0.0,APROVADO POR NOTA
116722,57564844,e6cdfc6ba7edb9e72e88b259112088c6,92127264.0,2.0,2.0999999,t,6.4,0.0,APROVADO POR NOTA
116723,57564844,e6cdfc6ba7edb9e72e88b259112088c6,92127264.0,3.0,2.79999995,f,6.4,0.0,APROVADO POR NOTA
116728,57564844,bf797d2f088087988a830799e5e8d316,92127264.0,1.0,9.0,f,3.0,72.0,REPROVADO POR MÉDIA E POR FALTAS
116729,57564844,bf797d2f088087988a830799e5e8d316,92127264.0,2.0,0.0,f,3.0,72.0,REPROVADO POR MÉDIA E POR FALTAS
116730,57564844,bf797d2f088087988a830799e5e8d316,92127264.0,3.0,0.0,f,3.0,72.0,REPROVADO POR MÉDIA E POR FALTAS
116731,57564844,2611cfc63edfc0980b1925fd819ec700,92127264.0,1.0,0.0,f,0.0,43.0,REPROVADO POR MÉDIA E POR FALTAS
116732,57564844,2611cfc63edfc0980b1925fd819ec700,92127264.0,2.0,0.0,f,0.0,43.0,REPROVADO POR MÉDIA E POR FALTAS
116733,57564844,2611cfc63edfc0980b1925fd819ec700,92127264.0,3.0,0.0,f,0.0,43.0,REPROVADO POR MÉDIA E POR FALTAS
116734,57564844,a16ed96ee765c2ec436358814f6bc646,92127264.0,0,0,0,0,0,DESISTENCIA
116737,57564844,fd3e47920988063d44319fa2c8d373da,92127264.0,1.0,3.0,f,1.7,24.0,REPROVADO
116738,57564844,fd3e47920988063d44319fa2c8d373da,92127264.0,2.0,2.0,f,1.7,24.0,REPROVADO
116739,57564844,fd3e47920988063d44319fa2c8d373da,92127264.0,3.0,0.0,f,1.7,24.0,REPROVADO
116744,57564844,5ff2a17b3e44f4ad386b87374a841675,92127264.0,1.0,2.0,f,1.2,6.0,REPROVADO
116745,57564844,5ff2a17b3e44f4ad386b87374a841675,92127264.0,2.0,1.60000002,f,1.2,6.0,REPROVADO
116746,57564844,5ff2a17b3e44f4ad386b87374a841675,92127264.0,3.0,0.0,f,1.2,6.0,REPROVADO
116750,57564844,dac8ccc113e153d1adee62d112a3723d,92127264.0,0,0,0,0,0,TRANCADO
116751,57564844,c1f3ad0fcde65ba2674759fb0387082e,92127264.0,1.0,0.0,f,0.7,50.0,REPROVADO POR MÉDIA E POR FALTAS
116752,57564844,c1f3ad0fcde65ba2674759fb0387082e,92127264.0,2.0,2.0,f,0.7,50.0,REPROVADO POR MÉDIA E POR FALTAS
116753,57564844,c1f3ad0fcde65ba2674759fb0387082e,92127264.0,3.0,0.0,f,0.7,50.0,REPROVADO POR MÉDIA E POR FALTAS
116754,57564844,01bec0a9416e21c139c4b5e8e4b00394,92127264.0,1.0,5.5,f,1.8,16.0,REPROVADO
116755,57564844,01bec0a9416e21c139c4b5e8e4b00394,92127264.0,2.0,0.0,f,1.8,16.0,REPROVADO
116756,57564844,01bec0a9416e21c139c4b5e8e4b00394,92127264.0,3.0,0.0,f,1.8,16.0,REPROVADO
116757,57564844,23c3e6fe2285999433491924f662c872,92127264.0,1.0,5.5,f,2.1,14.0,REPROVADO
116758,57564844,23c3e6fe2285999433491924f662c872,92127264.0,2.0,0.800000012,f,2.1,14.0,REPROVADO
116759,57564844,23c3e6fe2285999433491924f662c872,92127264.0,3.0,0.0,f,2.1,14.0,REPROVADO
116760,57564844,b0febe58ff9dea32f4c25d7cfe37920b,92127264.0,1.0,9.0,f,8.7,10.0,APROVADO
116761,57564844,b0febe58ff9dea32f4c25d7cfe37920b,92127264.0,2.0,7.69999981,f,8.7,10.0,APROVADO
116762,57564844,b0febe58ff9dea32f4c25d7cfe37920b,92127264.0,3.0,9.39999962,f,8.7,10.0,APROVADO
116764,57564844,8a8878d0e0f3adde0d8da2b9491942a8,92127264.0,1.0,3.5,f,1.5,28.0,REPROVADO POR MÉDIA E POR FALTAS
116765,57564844,8a8878d0e0f3adde0d8da2b9491942a8,92127264.0,2.0,1.0,f,1.5,28.0,REPROVADO POR MÉDIA E POR FALTAS
116766,57564844,8a8878d0e0f3adde0d8da2b9491942a8,92127264.0,3.0,0.0,f,1.5,28.0,REPROVADO POR MÉDIA E POR FALTAS
116767,57564844,3f262f8a7b11adc284750418506c7f94,92127264.0,1.0,4.0,f,2.3,6.0,REPROVADO
116768,57564844,3f262f8a7b11adc284750418506c7f94,92127264.0,2.0,1.39999998,f,2.3,6.0,REPROVADO
116769,57564844,3f262f8a7b11adc284750418506c7f94,92127264.0,3.0,1.60000002,f,2.3,6.0,REPROVADO
116770,57564844,99e5e29d16566a2bed71732ecba19849,92127264.0,1.0,9.0,f,3.4,2.0,REPROVADO
116771,57564844,99e5e29d16566a2bed71732ecba19849,92127264.0,2.0,0.0,t,3.4,2.0,REPROVADO
116772,57564844,99e5e29d16566a2bed71732ecba19849,92127264.0,3.0,0.8999999759999999,f,3.4,2.0,REPROVADO
116773,57564844,fa59fcc35019ddcd80bc63a4b30192d0,92127264.0,1.0,10.0,f,9.6,6.0,APROVADO
116774,57564844,fa59fcc35019ddcd80bc63a4b30192d0,92127264.0,2.0,8.80000019,f,9.6,6.0,APROVADO
116775,57564844,fa59fcc35019ddcd80bc63a4b30192d0,92127264.0,3.0,10.0,f,9.6,6.0,APROVADO
116779,57564844,00d23d8801e80f5326f9409bc1edee9b,92127264.0,1.0,2.0,f,1.2,14.0,REPROVADO
116780,57564844,00d23d8801e80f5326f9409bc1edee9b,92127264.0,2.0,1.5,f,1.2,14.0,REPROVADO
116781,57564844,00d23d8801e80f5326f9409bc1edee9b,92127264.0,3.0,0.0,f,1.2,14.0,REPROVADO
116782,57564844,d26ea439ed2a5db2fe5c0a5e1a6dfc16,92127264.0,1.0,2.5,f,1.2,23.0,REPROVADO
116783,57564844,d26ea439ed2a5db2fe5c0a5e1a6dfc16,92127264.0,2.0,1.10000002,f,1.2,23.0,REPROVADO
116784,57564844,d26ea439ed2a5db2fe5c0a5e1a6dfc16,92127264.0,3.0,0.0,f,1.2,23.0,REPROVADO
117619,57564820,685d382aceefa5031509c9bb87e613dd,92127264.0,1.0,8.80000019,f,7.0,22.0,APROVADO
117620,57564820,685d382aceefa5031509c9bb87e613dd,92127264.0,2.0,1.5,t,7.0,22.0,APROVADO
117621,57564820,685d382aceefa5031509c9bb87e613dd,92127264.0,3.0,10.0,f,7.0,22.0,APROVADO
117622,57564820,4120da6763c98152ecabdc8a07f4903d,92127264.0,1.0,4.0,f,3.0,22.0,REPROVADO
117623,57564820,4120da6763c98152ecabdc8a07f4903d,92127264.0,2.0,2.0,f,3.0,22.0,REPROVADO
117624,57564820,4120da6763c98152ecabdc8a07f4903d,92127264.0,3.0,3.0,f,3.0,22.0,REPROVADO
117625,57564820,9a6063976e50a8fa09edeb69afb09ef4,92127264.0,3.0,4.0,f,6.8,2.0,APROVADO POR NOTA
117626,57564820,9a6063976e50a8fa09edeb69afb09ef4,92127264.0,1.0,8.80000019,f,6.8,2.0,APROVADO POR NOTA
117627,57564820,9a6063976e50a8fa09edeb69afb09ef4,92127264.0,2.0,7.5,f,6.8,2.0,APROVADO POR NOTA
117628,57564820,59d9aee9a3b15f0b735e28fe4a692a8e,92127264.0,1.0,9.60000038,f,8.2,6.0,APROVADO
117629,57564820,59d9aee9a3b15f0b735e28fe4a692a8e,92127264.0,2.0,6.0,f,8.2,6.0,APROVADO
117630,57564820,59d9aee9a3b15f0b735e28fe4a692a8e,92127264.0,3.0,9.0,f,8.2,6.0,APROVADO
117631,57564820,40846f2f09da1435f6eb303ce9d0d768,92127264.0,1.0,5.5999999,f,7.0,20.0,APROVADO
117632,57564820,40846f2f09da1435f6eb303ce9d0d768,92127264.0,2.0,9.0,f,7.0,20.0,APROVADO
117633,57564820,40846f2f09da1435f6eb303ce9d0d768,92127264.0,3.0,6.5,f,7.0,20.0,APROVADO
117634,57564820,9f2893d97c3dc2cf63f5501959e73bed,92127264.0,1.0,8.80000019,f,9.3,10.0,APROVADO
117635,57564820,9f2893d97c3dc2cf63f5501959e73bed,92127264.0,2.0,10.0,f,9.3,10.0,APROVADO
117636,57564820,9f2893d97c3dc2cf63f5501959e73bed,92127264.0,3.0,9.0,f,9.3,10.0,APROVADO
117637,57564820,777afa50a3eae76c110581407b1e3129,92127264.0,1.0,8.30000019,f,8.8,12.0,APROVADO
117638,57564820,777afa50a3eae76c110581407b1e3129,92127264.0,2.0,9.0,f,8.8,12.0,APROVADO
117639,57564820,777afa50a3eae76c110581407b1e3129,92127264.0,3.0,9.0,f,8.8,12.0,APROVADO
117643,57564820,768519e21c9db3641c7c0d26e55d5574,92127264.0,1.0,5.19999981,f,5.0,6.0,APROVADO POR NOTA
117644,57564820,768519e21c9db3641c7c0d26e55d5574,92127264.0,2.0,2.0,t,5.0,6.0,APROVADO POR NOTA
117645,57564820,768519e21c9db3641c7c0d26e55d5574,92127264.0,3.0,2.5,f,5.0,6.0,APROVADO POR NOTA
117655,57564820,ca045d46c152b54c2cfe110d01d3e8ce,92127264.0,1.0,6.0,f,5.3,4.0,APROVADO POR NOTA
117656,57564820,ca045d46c152b54c2cfe110d01d3e8ce,92127264.0,2.0,3.0,f,5.3,4.0,APROVADO POR NOTA
117657,57564820,ca045d46c152b54c2cfe110d01d3e8ce,92127264.0,3.0,7.0,f,5.3,4.0,APROVADO POR NOTA
117658,57564820,d4e047d2df4d181e5395b78df93f9811,92127264.0,1.0,0,f,0,0.0,TRANCADO
117659,57564820,d4e047d2df4d181e5395b78df93f9811,92127264.0,2.0,0,f,0,0.0,TRANCADO
117660,57564820,d4e047d2df4d181e5395b78df93f9811,92127264.0,3.0,0,f,0,0.0,TRANCADO
117661,57564820,f3ac5d986b7350a02d63a22510377d73,92127264.0,1.0,8.39999962,f,7.5,16.0,APROVADO
117662,57564820,f3ac5d986b7350a02d63a22510377d73,92127264.0,2.0,2.0,t,7.5,16.0,APROVADO
117663,57564820,f3ac5d986b7350a02d63a22510377d73,92127264.0,3.0,7.5,f,7.5,16.0,APROVADO
121568,57564842,30327d430572d0c720dcd1682a39c361,92127264.0,1.0,6.19999981,f,6.2,12.0,APROVADO POR NOTA
121569,57564842,30327d430572d0c720dcd1682a39c361,92127264.0,2.0,1.10000002,t,6.2,12.0,APROVADO POR NOTA
121570,57564842,30327d430572d0c720dcd1682a39c361,92127264.0,3.0,9.0,f,6.2,12.0,APROVADO POR NOTA
121571,57564842,c64950466f754a7a5656d1968f33c8fc,92127264.0,1.0,8.0,f,7.9,8.0,APROVADO
121572,57564842,c64950466f754a7a5656d1968f33c8fc,92127264.0,2.0,5.69999981,f,7.9,8.0,APROVADO
121573,57564842,c64950466f754a7a5656d1968f33c8fc,92127264.0,3.0,10.0,f,7.9,8.0,APROVADO
121580,57564842,ee67c654a285629b1e24292c717dc9e5,92127264.0,1.0,5.9000001,f,6.0,12.0,APROVADO POR NOTA
121581,57564842,ee67c654a285629b1e24292c717dc9e5,92127264.0,2.0,4.19999981,f,6.0,12.0,APROVADO POR NOTA
121582,57564842,ee67c654a285629b1e24292c717dc9e5,92127264.0,3.0,7.80000019,f,6.0,12.0,APROVADO POR NOTA
121583,57564842,35e2507cc2ed396f7078879369b27286,92127264.0,1.0,7.5,f,6.7,0.0,APROVADO POR NOTA
121584,57564842,35e2507cc2ed396f7078879369b27286,92127264.0,2.0,4.80000019,f,6.7,0.0,APROVADO POR NOTA
121585,57564842,35e2507cc2ed396f7078879369b27286,92127264.0,3.0,7.69999981,f,6.7,0.0,APROVADO POR NOTA
121589,57564842,3f6f02a08ef821f48beda481a97f2900,92127264.0,1.0,5.80000019,f,6.3,8.0,APROVADO POR NOTA
121590,57564842,3f6f02a08ef821f48beda481a97f2900,92127264.0,2.0,3.9000001,f,6.3,8.0,APROVADO POR NOTA
121591,57564842,3f6f02a08ef821f48beda481a97f2900,92127264.0,3.0,9.30000019,f,6.3,8.0,APROVADO POR NOTA
121592,57564842,3797d070ee3c0d06f8ca9e32d970dc0e,92127264.0,1.0,9.30000019,f,8.0,14.0,APROVADO
121593,57564842,3797d070ee3c0d06f8ca9e32d970dc0e,92127264.0,2.0,5.5999999,f,8.0,14.0,APROVADO
121594,57564842,3797d070ee3c0d06f8ca9e32d970dc0e,92127264.0,3.0,9.0,f,8.0,14.0,APROVADO
121595,57564842,5a5d94d46b85d1bec85b6a0b0a0b826b,92127264.0,1.0,8.30000019,f,6.6,12.0,APROVADO POR NOTA
121596,57564842,5a5d94d46b85d1bec85b6a0b0a0b826b,92127264.0,2.0,3.4000001,f,6.6,12.0,APROVADO POR NOTA
121597,57564842,5a5d94d46b85d1bec85b6a0b0a0b826b,92127264.0,3.0,8.0,f,6.6,12.0,APROVADO POR NOTA
121598,57564842,b48992acc8eac3465362de43c402f802,92127264.0,1.0,3.29999995,f,5.0,18.0,APROVADO POR NOTA
121599,57564842,b48992acc8eac3465362de43c402f802,92127264.0,2.0,3.9000001,f,5.0,18.0,APROVADO POR NOTA
121600,57564842,b48992acc8eac3465362de43c402f802,92127264.0,3.0,7.69999981,f,5.0,18.0,APROVADO POR NOTA
121601,57564842,480a730ca3e8657e4d203f06d6baaae1,92127264.0,1.0,7.30000019,f,6.8,4.0,APROVADO POR NOTA
121602,57564842,480a730ca3e8657e4d203f06d6baaae1,92127264.0,2.0,5.9000001,f,6.8,4.0,APROVADO POR NOTA
121603,57564842,480a730ca3e8657e4d203f06d6baaae1,92127264.0,3.0,7.30000019,f,6.8,4.0,APROVADO POR NOTA
121604,57564842,3b09923f48cffaf2f0774592678ffb73,92127264.0,1.0,0.0,f,0.0,68.0,REPROVADO POR MÉDIA E POR FALTAS
121605,57564842,3b09923f48cffaf2f0774592678ffb73,92127264.0,2.0,0.0,f,0.0,68.0,REPROVADO POR MÉDIA E POR FALTAS
121606,57564842,3b09923f48cffaf2f0774592678ffb73,92127264.0,3.0,0.0,f,0.0,68.0,REPROVADO POR MÉDIA E POR FALTAS
121610,57564842,876c9810d6f4b25797d73c942f55764e,92127264.0,1.0,1.89999998,f,0.8,18.0,REPROVADO
121611,57564842,876c9810d6f4b25797d73c942f55764e,92127264.0,2.0,0.400000006,f,0.8,18.0,REPROVADO
121612,57564842,876c9810d6f4b25797d73c942f55764e,92127264.0,3.0,0.0,f,0.8,18.0,REPROVADO
121613,57564842,263337877cb5bbfb246858ae2ca2108e,92127264.0,1.0,1.89999998,f,0.6,38.0,REPROVADO POR MÉDIA E POR FALTAS
121614,57564842,263337877cb5bbfb246858ae2ca2108e,92127264.0,2.0,0.0,f,0.6,38.0,REPROVADO POR MÉDIA E POR FALTAS
121615,57564842,263337877cb5bbfb246858ae2ca2108e,92127264.0,3.0,0.0,f,0.6,38.0,REPROVADO POR MÉDIA E POR FALTAS
121616,57564842,55ed6d9cd251dbbad524455cdcf243aa,92127264.0,2.0,0.8999999759999999,t,4.2,10.0,REPROVADO
121617,57564842,55ed6d9cd251dbbad524455cdcf243aa,92127264.0,3.0,6.4000001,f,4.2,10.0,REPROVADO
121618,57564842,55ed6d9cd251dbbad524455cdcf243aa,92127264.0,1.0,4.0,f,4.2,10.0,REPROVADO
130095,57564340,2849447e693afb0816767beb8dc0a942,92127264.0,0,0,0,0,0,TRANCADO
133458,57564867,8a8878d0e0f3adde0d8da2b9491942a8,92127264.0,1.0,8.0,f,7.8,0.0,APROVADO
133459,57564867,8a8878d0e0f3adde0d8da2b9491942a8,92127264.0,2.0,7.5,f,7.8,0.0,APROVADO
133460,57564867,8a8878d0e0f3adde0d8da2b9491942a8,92127264.0,3.0,8.0,f,7.8,0.0,APROVADO
133461,57564867,fa59fcc35019ddcd80bc63a4b30192d0,92127264.0,1.0,9.0,f,8.8,0.0,APROVADO
133462,57564867,fa59fcc35019ddcd80bc63a4b30192d0,92127264.0,2.0,9.0,f,8.8,0.0,APROVADO
133463,57564867,fa59fcc35019ddcd80bc63a4b30192d0,92127264.0,3.0,8.5,f,8.8,0.0,APROVADO
133464,57564867,d7d8b8da956d726a0c4b65a49a8dfffd,92127264.0,1.0,0.5,t,6.0,0.0,APROVADO POR NOTA
133465,57564867,d7d8b8da956d726a0c4b65a49a8dfffd,92127264.0,2.0,5.5,f,6.0,0.0,APROVADO POR NOTA
133466,57564867,d7d8b8da956d726a0c4b65a49a8dfffd,92127264.0,3.0,7.5,f,6.0,0.0,APROVADO POR NOTA
133467,57564867,774568ed670a68e9c07da231310e3ab9,92127264.0,1.0,6.0,f,6.8,0.0,APROVADO POR NOTA
133468,57564867,774568ed670a68e9c07da231310e3ab9,92127264.0,2.0,7.0,f,6.8,0.0,APROVADO POR NOTA
133469,57564867,774568ed670a68e9c07da231310e3ab9,92127264.0,3.0,7.5,f,6.8,0.0,APROVADO POR NOTA
133470,57564867,b0febe58ff9dea32f4c25d7cfe37920b,92127264.0,1.0,10.0,f,9.2,0.0,APROVADO
133471,57564867,b0febe58ff9dea32f4c25d7cfe37920b,92127264.0,2.0,9.0,f,9.2,0.0,APROVADO
133472,57564867,b0febe58ff9dea32f4c25d7cfe37920b,92127264.0,3.0,8.5,f,9.2,0.0,APROVADO
133473,57564867,00d23d8801e80f5326f9409bc1edee9b,92127264.0,1.0,8.0,f,8.3,0.0,APROVADO
133474,57564867,00d23d8801e80f5326f9409bc1edee9b,92127264.0,2.0,8.5,f,8.3,0.0,APROVADO
133475,57564867,00d23d8801e80f5326f9409bc1edee9b,92127264.0,3.0,8.5,f,8.3,0.0,APROVADO
133476,57564867,29b63d2c7c4c63ea63fb33e362c47598,92127264.0,1.0,5.0,f,6.2,0.0,APROVADO POR NOTA
133477,57564867,29b63d2c7c4c63ea63fb33e362c47598,92127264.0,2.0,6.0,f,6.2,0.0,APROVADO POR NOTA
133478,57564867,29b63d2c7c4c63ea63fb33e362c47598,92127264.0,3.0,7.5,f,6.2,0.0,APROVADO POR NOTA
133479,57564867,dac8ccc113e153d1adee62d112a3723d,92127264.0,0,0,0,0,0,TRANCADO
133480,57564867,2849447e693afb0816767beb8dc0a942,92127264.0,1.0,8.0,f,8.3,0.0,APROVADO
133481,57564867,2849447e693afb0816767beb8dc0a942,92127264.0,2.0,8.5,f,8.3,0.0,APROVADO
133482,57564867,2849447e693afb0816767beb8dc0a942,92127264.0,3.0,8.5,f,8.3,0.0,APROVADO
133483,57564867,fd3e47920988063d44319fa2c8d373da,92127264.0,1.0,3.5,f,2.8,0.0,REPROVADO
133484,57564867,fd3e47920988063d44319fa2c8d373da,92127264.0,2.0,5.0,f,2.8,0.0,REPROVADO
133485,57564867,fd3e47920988063d44319fa2c8d373da,92127264.0,3.0,0.0,f,2.8,0.0,REPROVADO
133486,57564867,736b02f7e21fadd7be4b5e2c8e3220cc,92127264.0,1.0,6.0,f,6.5,0.0,APROVADO POR NOTA
133487,57564867,736b02f7e21fadd7be4b5e2c8e3220cc,92127264.0,2.0,6.0,f,6.5,0.0,APROVADO POR NOTA
133488,57564867,736b02f7e21fadd7be4b5e2c8e3220cc,92127264.0,3.0,7.5,f,6.5,0.0,APROVADO POR NOTA
133489,57564867,f28e052d0580964522fc2df687450a3d,92127264.0,1.0,9.0,f,8.7,0.0,APROVADO
133490,57564867,f28e052d0580964522fc2df687450a3d,92127264.0,2.0,8.5,f,8.7,0.0,APROVADO
133491,57564867,f28e052d0580964522fc2df687450a3d,92127264.0,3.0,8.5,f,8.7,0.0,APROVADO
133492,57564867,b554a7595a1fc91654a00f846c41dc6f,92127264.0,3.0,7.5,f,8.0,0.0,APROVADO
133493,57564867,b554a7595a1fc91654a00f846c41dc6f,92127264.0,1.0,8.0,f,8.0,0.0,APROVADO
133494,57564867,b554a7595a1fc91654a00f846c41dc6f,92127264.0,2.0,8.5,f,8.0,0.0,APROVADO
133495,57564867,ded1024a6672e20684cb73770364b4e4,92127264.0,1.0,5.0,f,1.7,0.0,REPROVADO
133496,57564867,ded1024a6672e20684cb73770364b4e4,92127264.0,2.0,0.0,f,1.7,0.0,REPROVADO
133497,57564867,ded1024a6672e20684cb73770364b4e4,92127264.0,3.0,0.0,f,1.7,0.0,REPROVADO
133502,57564867,2611cfc63edfc0980b1925fd819ec700,92127264.0,1.0,0.0,f,0.0,0.0,REPROVADO
133503,57564867,2611cfc63edfc0980b1925fd819ec700,92127264.0,2.0,0.0,f,0.0,0.0,REPROVADO
133504,57564867,2611cfc63edfc0980b1925fd819ec700,92127264.0,3.0,0.0,f,0.0,0.0,REPROVADO
133509,57564867,f8177d63d1507a592ffc0d33db70a4f7,92127264.0,1.0,5.0,f,3.3,0.0,REPROVADO
133510,57564867,f8177d63d1507a592ffc0d33db70a4f7,92127264.0,2.0,5.0,f,3.3,0.0,REPROVADO
133511,57564867,f8177d63d1507a592ffc0d33db70a4f7,92127264.0,3.0,0.0,f,3.3,0.0,REPROVADO
133512,57564867,a8e0be6d1f80a287bc04c8b2aad01580,92127264.0,1.0,5.0,f,1.7,0.0,REPROVADO
133513,57564867,a8e0be6d1f80a287bc04c8b2aad01580,92127264.0,2.0,0.0,f,1.7,0.0,REPROVADO
133514,57564867,a8e0be6d1f80a287bc04c8b2aad01580,92127264.0,3.0,0.0,f,1.7,0.0,REPROVADO
133515,57564867,21f431743a2e10ec0179a8f172a682a2,92127264.0,1.0,7.0,f,7.0,0.0,APROVADO
133516,57564867,21f431743a2e10ec0179a8f172a682a2,92127264.0,2.0,6.5,f,7.0,0.0,APROVADO
133517,57564867,21f431743a2e10ec0179a8f172a682a2,92127264.0,3.0,7.5,f,7.0,0.0,APROVADO
133524,57564867,5a362b6c394f14f12a8867d0c0494641,92127264.0,1.0,7.0,f,7.0,0.0,APROVADO
133525,57564867,5a362b6c394f14f12a8867d0c0494641,92127264.0,2.0,6.5,f,7.0,0.0,APROVADO
133526,57564867,5a362b6c394f14f12a8867d0c0494641,92127264.0,3.0,7.5,f,7.0,0.0,APROVADO
133528,57564867,01bec0a9416e21c139c4b5e8e4b00394,92127264.0,1.0,6.0,f,6.7,0.0,APROVADO POR NOTA
133529,57564867,01bec0a9416e21c139c4b5e8e4b00394,92127264.0,2.0,6.5,f,6.7,0.0,APROVADO POR NOTA
133530,57564867,01bec0a9416e21c139c4b5e8e4b00394,92127264.0,3.0,7.5,f,6.7,0.0,APROVADO POR NOTA
133531,57564867,c1f3ad0fcde65ba2674759fb0387082e,92127264.0,1.0,3.5,f,1.2,0.0,REPROVADO
133532,57564867,c1f3ad0fcde65ba2674759fb0387082e,92127264.0,2.0,0.0,f,1.2,0.0,REPROVADO
133533,57564867,c1f3ad0fcde65ba2674759fb0387082e,92127264.0,3.0,0.0,f,1.2,0.0,REPROVADO
133535,57564867,a8e2e545c4b9385773d1fd98188f6f59,92127264.0,1.0,4.0,f,5.5,0.0,APROVADO POR NOTA
133536,57564867,a8e2e545c4b9385773d1fd98188f6f59,92127264.0,2.0,5.0,f,5.5,0.0,APROVADO POR NOTA
133537,57564867,a8e2e545c4b9385773d1fd98188f6f59,92127264.0,3.0,7.5,f,5.5,0.0,APROVADO POR NOTA
133538,57564867,a2b2ef559d7913f7f419197a1beb2e8c,92127264.0,1.0,7.0,f,7.0,0.0,APROVADO
133539,57564867,a2b2ef559d7913f7f419197a1beb2e8c,92127264.0,2.0,6.5,f,7.0,0.0,APROVADO
133540,57564867,a2b2ef559d7913f7f419197a1beb2e8c,92127264.0,3.0,7.5,f,7.0,0.0,APROVADO
133541,57564867,a86542bd8fc9e6e665e4897c20b8ff95,92127264.0,1.0,6.0,f,6.3,0.0,APROVADO POR NOTA
133542,57564867,a86542bd8fc9e6e665e4897c20b8ff95,92127264.0,2.0,5.5,f,6.3,0.0,APROVADO POR NOTA
133543,57564867,a86542bd8fc9e6e665e4897c20b8ff95,92127264.0,3.0,7.5,f,6.3,0.0,APROVADO POR NOTA
133545,57564867,88790547343038856c4dba8ee1a3bbe6,92127264.0,1.0,4.0,f,5.7,0.0,APROVADO POR NOTA
133546,57564867,88790547343038856c4dba8ee1a3bbe6,92127264.0,2.0,5.5,f,5.7,0.0,APROVADO POR NOTA
133547,57564867,88790547343038856c4dba8ee1a3bbe6,92127264.0,3.0,7.5,f,5.7,0.0,APROVADO POR NOTA
133548,57564867,99e5e29d16566a2bed71732ecba19849,92127264.0,1.0,5.0,f,6.0,0.0,APROVADO POR NOTA
133549,57564867,99e5e29d16566a2bed71732ecba19849,92127264.0,2.0,5.5,f,6.0,0.0,APROVADO POR NOTA
133550,57564867,99e5e29d16566a2bed71732ecba19849,92127264.0,3.0,7.5,f,6.0,0.0,APROVADO POR NOTA
133551,57564867,3f262f8a7b11adc284750418506c7f94,92127264.0,1.0,6.0,f,6.7,0.0,APROVADO POR NOTA
133552,57564867,3f262f8a7b11adc284750418506c7f94,92127264.0,2.0,6.5,f,6.7,0.0,APROVADO POR NOTA
133553,57564867,3f262f8a7b11adc284750418506c7f94,92127264.0,3.0,7.5,f,6.7,0.0,APROVADO POR NOTA
133554,57564867,9d78bef9cf3602ea7e25f55cf79ae0db,92127264.0,1.0,8.0,f,8.0,0.0,APROVADO
133555,57564867,9d78bef9cf3602ea7e25f55cf79ae0db,92127264.0,2.0,8.0,f,8.0,0.0,APROVADO
133556,57564867,9d78bef9cf3602ea7e25f55cf79ae0db,92127264.0,3.0,8.0,f,8.0,0.0,APROVADO
133557,57564867,d26ea439ed2a5db2fe5c0a5e1a6dfc16,92127264.0,1.0,6.0,f,6.5,0.0,APROVADO POR NOTA
133558,57564867,d26ea439ed2a5db2fe5c0a5e1a6dfc16,92127264.0,2.0,6.0,f,6.5,0.0,APROVADO POR NOTA
133559,57564867,d26ea439ed2a5db2fe5c0a5e1a6dfc16,92127264.0,3.0,7.5,f,6.5,0.0,APROVADO POR NOTA
133905,57564840,a4b501c64ae1f789a09e7c2040786fab,92127264.0,1.0,9.80000019,f,7.2,0.0,APROVADO
133906,57564840,a4b501c64ae1f789a09e7c2040786fab,92127264.0,2.0,3.0,f,7.2,0.0,APROVADO
133907,57564840,a4b501c64ae1f789a09e7c2040786fab,92127264.0,3.0,8.69999981,f,7.2,0.0,APROVADO
133914,57564840,a2410084172411a8d725d347c9e26f2d,92127264.0,1.0,9.0,f,7.3,0.0,APROVADO
133915,57564840,a2410084172411a8d725d347c9e26f2d,92127264.0,2.0,4.0,f,7.3,0.0,APROVADO
133916,57564840,a2410084172411a8d725d347c9e26f2d,92127264.0,3.0,8.80000019,f,7.3,0.0,APROVADO
133918,57564840,29b63d2c7c4c63ea63fb33e362c47598,92127264.0,1.0,0.0,f,0.0,2.0,REPROVADO
133919,57564840,29b63d2c7c4c63ea63fb33e362c47598,92127264.0,2.0,0.0,f,0.0,2.0,REPROVADO
133920,57564840,29b63d2c7c4c63ea63fb33e362c47598,92127264.0,3.0,0.0,f,0.0,2.0,REPROVADO
133921,57564840,0051970b8e57f667afa4ad2789426fa9,92127264.0,2.0,9.5,f,9.8,0.0,APROVADO
133922,57564840,0051970b8e57f667afa4ad2789426fa9,92127264.0,3.0,10.0,f,9.8,0.0,APROVADO
133923,57564840,0051970b8e57f667afa4ad2789426fa9,92127264.0,1.0,10.0,f,9.8,0.0,APROVADO
133925,57564840,c6d39544bf76588ec9300d4546fdc16c,92127264.0,1.0,1.5,f,0.5,14.0,REPROVADO POR MÉDIA E POR FALTAS
133926,57564840,c6d39544bf76588ec9300d4546fdc16c,92127264.0,2.0,0.0,f,0.5,14.0,REPROVADO POR MÉDIA E POR FALTAS
133927,57564840,c6d39544bf76588ec9300d4546fdc16c,92127264.0,3.0,0.0,f,0.5,14.0,REPROVADO POR MÉDIA E POR FALTAS
133934,57564840,d3f543853da6cb8c918524383f068cb9,92127264.0,1.0,6.69999981,f,2.2,10.0,REPROVADO POR MÉDIA E POR FALTAS
133935,57564840,d3f543853da6cb8c918524383f068cb9,92127264.0,2.0,0.0,f,2.2,10.0,REPROVADO POR MÉDIA E POR FALTAS
133936,57564840,d3f543853da6cb8c918524383f068cb9,92127264.0,3.0,0.0,f,2.2,10.0,REPROVADO POR MÉDIA E POR FALTAS
133937,57564840,0e7bc865717beef27758067a9ff32015,92127264.0,0,0,0,0,0,TRANCADO
133939,57564840,c22b39f1343c183dc05a6e8a027a17bb,92127264.0,2.0,9.5,f,9.8,0.0,APROVADO
133940,57564840,c22b39f1343c183dc05a6e8a027a17bb,92127264.0,1.0,10.0,f,9.8,0.0,APROVADO
133941,57564840,c22b39f1343c183dc05a6e8a027a17bb,92127264.0,3.0,10.0,f,9.8,0.0,APROVADO
133942,57564840,2737d1bf2f063605e3691be1a76f0507,92127264.0,1.0,2.0,f,0.7,8.0,REPROVADO
133943,57564840,2737d1bf2f063605e3691be1a76f0507,92127264.0,2.0,0.0,f,0.7,8.0,REPROVADO
133944,57564840,2737d1bf2f063605e3691be1a76f0507,92127264.0,3.0,0.0,f,0.7,8.0,REPROVADO
133945,57564840,f94fc6035baef2bf3865715534a13d96,92127264.0,1.0,0.5,f,0.2,4.0,REPROVADO
133946,57564840,f94fc6035baef2bf3865715534a13d96,92127264.0,2.0,0.0,f,0.2,4.0,REPROVADO
133947,57564840,f94fc6035baef2bf3865715534a13d96,92127264.0,3.0,0.0,f,0.2,4.0,REPROVADO
133949,57564840,bb92d6e13b9adaeac2f01cc81b87814b,92127264.0,1.0,3.0,f,1.0,0.0,REPROVADO
133950,57564840,bb92d6e13b9adaeac2f01cc81b87814b,92127264.0,2.0,0.0,f,1.0,0.0,REPROVADO
133951,57564840,bb92d6e13b9adaeac2f01cc81b87814b,92127264.0,3.0,0.0,f,1.0,0.0,REPROVADO
137786,57566719,83729736aa539851727de8ecb2c3529a,92127264.0,1.0,8.0,f,8.7,8.0,APROVADO
137787,57566719,83729736aa539851727de8ecb2c3529a,92127264.0,2.0,8.0,f,8.7,8.0,APROVADO
137788,57566719,83729736aa539851727de8ecb2c3529a,92127264.0,3.0,10.0,f,8.7,8.0,APROVADO
137790,57566719,606187e0dfc21c1f377ad6df3a68e274,92127264.0,1.0,8.5,f,7.8,8.0,APROVADO
137791,57566719,606187e0dfc21c1f377ad6df3a68e274,92127264.0,2.0,7.5,f,7.8,8.0,APROVADO
137792,57566719,606187e0dfc21c1f377ad6df3a68e274,92127264.0,3.0,7.5,f,7.8,8.0,APROVADO
137818,57566719,098328a35e4c60b120e4bb6b94c8a0f6,92127264.0,1.0,10.0,f,9.0,2.0,APROVADO
137819,57566719,098328a35e4c60b120e4bb6b94c8a0f6,92127264.0,2.0,7.0,f,9.0,2.0,APROVADO
137820,57566719,098328a35e4c60b120e4bb6b94c8a0f6,92127264.0,3.0,10.0,f,9.0,2.0,APROVADO
137836,57566719,9fab264022905965335b7bc3964f7ed1,92127264.0,1.0,8.5,f,7.0,2.0,APROVADO
137837,57566719,9fab264022905965335b7bc3964f7ed1,92127264.0,2.0,4.0,f,7.0,2.0,APROVADO
137838,57566719,9fab264022905965335b7bc3964f7ed1,92127264.0,3.0,8.5,f,7.0,2.0,APROVADO
137848,57566719,83729736aa539851727de8ecb2c3529a,92127264.0,1.0,8.0,f,8.7,8.0,APROVADO
137849,57566719,83729736aa539851727de8ecb2c3529a,92127264.0,2.0,8.0,f,8.7,8.0,APROVADO
137850,57566719,83729736aa539851727de8ecb2c3529a,92127264.0,3.0,10.0,f,8.7,8.0,APROVADO
137852,57566719,606187e0dfc21c1f377ad6df3a68e274,92127264.0,1.0,8.5,f,7.8,8.0,APROVADO
137853,57566719,606187e0dfc21c1f377ad6df3a68e274,92127264.0,2.0,7.5,f,7.8,8.0,APROVADO
137854,57566719,606187e0dfc21c1f377ad6df3a68e274,92127264.0,3.0,7.5,f,7.8,8.0,APROVADO
137880,57566719,098328a35e4c60b120e4bb6b94c8a0f6,92127264.0,1.0,10.0,f,9.0,2.0,APROVADO
137881,57566719,098328a35e4c60b120e4bb6b94c8a0f6,92127264.0,2.0,7.0,f,9.0,2.0,APROVADO
137882,57566719,098328a35e4c60b120e4bb6b94c8a0f6,92127264.0,3.0,10.0,f,9.0,2.0,APROVADO
137898,57566719,9fab264022905965335b7bc3964f7ed1,92127264.0,1.0,8.5,f,7.0,2.0,APROVADO
137899,57566719,9fab264022905965335b7bc3964f7ed1,92127264.0,2.0,4.0,f,7.0,2.0,APROVADO
137900,57566719,9fab264022905965335b7bc3964f7ed1,92127264.0,3.0,8.5,f,7.0,2.0,APROVADO
140042,57567565,46665a614e41672cc0e7ab15d2acacf1,92127264.0,1.0,6.0,f,6.7,8.0,APROVADO POR NOTA
140043,57567565,46665a614e41672cc0e7ab15d2acacf1,92127264.0,2.0,7.0,f,6.7,8.0,APROVADO POR NOTA
140044,57567565,46665a614e41672cc0e7ab15d2acacf1,92127264.0,3.0,7.0,f,6.7,8.0,APROVADO POR NOTA
140045,57567565,fdf1f636486a3ad1d7bd6cc303c6c32a,92127264.0,1.0,7.5,f,6.7,0.0,APROVADO POR NOTA
140046,57567565,fdf1f636486a3ad1d7bd6cc303c6c32a,92127264.0,2.0,7.0,f,6.7,0.0,APROVADO POR NOTA
140047,57567565,fdf1f636486a3ad1d7bd6cc303c6c32a,92127264.0,3.0,5.69999981,f,6.7,0.0,APROVADO POR NOTA
140048,57567565,51a920b9ab104a241c04fe06fcd5351d,92127264.0,1.0,6.0,f,5.5,4.0,APROVADO POR NOTA
140049,57567565,51a920b9ab104a241c04fe06fcd5351d,92127264.0,2.0,5.5,f,5.5,4.0,APROVADO POR NOTA
140050,57567565,51a920b9ab104a241c04fe06fcd5351d,92127264.0,3.0,5.0,f,5.5,4.0,APROVADO POR NOTA
140051,57567565,9fab264022905965335b7bc3964f7ed1,92127264.0,1.0,6.5,f,6.4,2.0,APROVADO POR NOTA
140052,57567565,9fab264022905965335b7bc3964f7ed1,92127264.0,2.0,5.5,f,6.4,2.0,APROVADO POR NOTA
140053,57567565,9fab264022905965335b7bc3964f7ed1,92127264.0,3.0,7.19999981,f,6.4,2.0,APROVADO POR NOTA
140079,57567565,511d0df6f55de7f9c4818636b1535e02,92127264.0,1.0,6.0,f,6.4,6.0,APROVADO POR NOTA
140080,57567565,511d0df6f55de7f9c4818636b1535e02,92127264.0,2.0,5.5,f,6.4,6.0,APROVADO POR NOTA
140081,57567565,511d0df6f55de7f9c4818636b1535e02,92127264.0,3.0,7.69999981,f,6.4,6.0,APROVADO POR NOTA
140082,57567565,4b58b4318cda780dbdf8beae00ef24a6,92127264.0,1.0,7.5,f,7.2,4.0,APROVADO
140083,57567565,4b58b4318cda780dbdf8beae00ef24a6,92127264.0,2.0,7.5,f,7.2,4.0,APROVADO
140084,57567565,4b58b4318cda780dbdf8beae00ef24a6,92127264.0,3.0,6.69999981,f,7.2,4.0,APROVADO
140085,57567565,f3ac5d986b7350a02d63a22510377d73,92127264.0,1.0,0.0,f,0.0,32.0,REPROVADO POR MÉDIA E POR FALTAS
140086,57567565,f3ac5d986b7350a02d63a22510377d73,92127264.0,2.0,0.0,f,0.0,32.0,REPROVADO POR MÉDIA E POR FALTAS
140087,57567565,f3ac5d986b7350a02d63a22510377d73,92127264.0,3.0,0.0,f,0.0,32.0,REPROVADO POR MÉDIA E POR FALTAS
144033,57571383,b62c9aa529d23faf40ce26f99b3de7e3,92127264.0,1.0,7.69999981,f,6.7,10.0,APROVADO POR NOTA
144034,57571383,b62c9aa529d23faf40ce26f99b3de7e3,92127264.0,2.0,5.0,f,6.7,10.0,APROVADO POR NOTA
144035,57571383,b62c9aa529d23faf40ce26f99b3de7e3,92127264.0,3.0,7.5,f,6.7,10.0,APROVADO POR NOTA
144036,57571383,6008b2965ae4e0bc455b17b44f930bfa,92127264.0,1.0,5.4000001,f,5.9,10.0,APROVADO POR NOTA
144037,57571383,6008b2965ae4e0bc455b17b44f930bfa,92127264.0,2.0,7.19999981,f,5.9,10.0,APROVADO POR NOTA
144038,57571383,6008b2965ae4e0bc455b17b44f930bfa,92127264.0,3.0,5.0,f,5.9,10.0,APROVADO POR NOTA
144039,57571383,72489a3d7b821870feaba15d0791d180,92127264.0,1.0,8.60000038,f,7.7,2.0,APROVADO
144040,57571383,72489a3d7b821870feaba15d0791d180,92127264.0,2.0,6.900000099999999,f,7.7,2.0,APROVADO
144041,57571383,72489a3d7b821870feaba15d0791d180,92127264.0,3.0,7.5,f,7.7,2.0,APROVADO
144048,57571383,4fb0d102a6ce0ddb9837f9bae921ebba,92127264.0,1.0,3.5,f,1.4,40.0,REPROVADO POR MÉDIA E POR FALTAS
144049,57571383,4fb0d102a6ce0ddb9837f9bae921ebba,92127264.0,2.0,0.800000012,f,1.4,40.0,REPROVADO POR MÉDIA E POR FALTAS
144050,57571383,4fb0d102a6ce0ddb9837f9bae921ebba,92127264.0,3.0,0.0,f,1.4,40.0,REPROVADO POR MÉDIA E POR FALTAS
144051,57571383,4f6604e9e784dfcc5d63db809178681e,92127264.0,1.0,7.80000019,f,8.6,0.0,APROVADO
144052,57571383,4f6604e9e784dfcc5d63db809178681e,92127264.0,2.0,8.89999962,f,8.6,0.0,APROVADO
144053,57571383,4f6604e9e784dfcc5d63db809178681e,92127264.0,3.0,9.0,f,8.6,0.0,APROVADO
144054,57571383,02624974f8aa2d53b945ceb2b4eec0dd,92127264.0,1.0,4.5,f,2.6,6.0,REPROVADO
144055,57571383,02624974f8aa2d53b945ceb2b4eec0dd,92127264.0,2.0,3.4000001,f,2.6,6.0,REPROVADO
144056,57571383,02624974f8aa2d53b945ceb2b4eec0dd,92127264.0,3.0,0.0,f,2.6,6.0,REPROVADO
145972,57563863,7571ec1db03f11e42635430e58b95cee,92127264.0,1.0,10.0,f,10.0,0.0,APROVADO
145973,57563863,7571ec1db03f11e42635430e58b95cee,92127264.0,2.0,10.0,f,10.0,0.0,APROVADO
145974,57563863,7571ec1db03f11e42635430e58b95cee,92127264.0,3.0,10.0,f,10.0,0.0,APROVADO
148510,57565146,cde1db6a62885e1f4def0c4d142f92b6,92127264.0,0,0,0,0,0,DESISTENCIA
148511,57565146,49f2cf9cba9f712bc1ffeddd47b8907f,92127264.0,1.0,5.30000019,f,7.7,16.0,APROVADO
148512,57565146,49f2cf9cba9f712bc1ffeddd47b8907f,92127264.0,2.0,8.5,f,7.7,16.0,APROVADO
148513,57565146,49f2cf9cba9f712bc1ffeddd47b8907f,92127264.0,3.0,9.19999981,f,7.7,16.0,APROVADO
148514,57565146,739c7ac76005b144cc9b72cbe44a0e32,92127264.0,0,0,0,0,0,DESISTENCIA
148515,57565146,71ded068ae396ef3bb21c15219c4906b,92127264.0,1.0,5.0,f,3.2,51.0,REPROVADO POR MÉDIA E POR FALTAS
148516,57565146,71ded068ae396ef3bb21c15219c4906b,92127264.0,2.0,1.70000005,f,3.2,51.0,REPROVADO POR MÉDIA E POR FALTAS
148517,57565146,71ded068ae396ef3bb21c15219c4906b,92127264.0,3.0,3.0,f,3.2,51.0,REPROVADO POR MÉDIA E POR FALTAS
148518,57565146,718c4749fa8d43b1699d7c444df77ad9,92127264.0,1.0,0.0,f,0.0,74.0,REPROVADO POR MÉDIA E POR FALTAS
148519,57565146,718c4749fa8d43b1699d7c444df77ad9,92127264.0,2.0,0.0,f,0.0,74.0,REPROVADO POR MÉDIA E POR FALTAS
148520,57565146,718c4749fa8d43b1699d7c444df77ad9,92127264.0,3.0,0.0,f,0.0,74.0,REPROVADO POR MÉDIA E POR FALTAS
148521,57565146,1e1e279537c3a6e69f3f695e04844dcb,92127264.0,0,0,0,0,0,TRANCADO
155615,57567118,c6e6b75a1e8fb3912dc281802313a782,92127264.0,1.0,10.0,f,10.0,0.0,APROVADO
155616,57567118,c6e6b75a1e8fb3912dc281802313a782,92127264.0,2.0,10.0,f,10.0,0.0,APROVADO
155617,57567118,c6e6b75a1e8fb3912dc281802313a782,92127264.0,3.0,10.0,f,10.0,0.0,APROVADO
162023,57565214,54d1c4d0930e630b849e36fbbb2d2390,92127264.0,1.0,7.5,f,7.5,0.0,APROVADO
162024,57565214,54d1c4d0930e630b849e36fbbb2d2390,92127264.0,2.0,7.0,f,7.5,0.0,APROVADO
162025,57565214,54d1c4d0930e630b849e36fbbb2d2390,92127264.0,3.0,8.0,f,7.5,0.0,APROVADO
162026,57565214,6ba18d1e05888a4a618cc40de768e353,92127264.0,1.0,8.0,f,8.3,0.0,APROVADO
162027,57565214,6ba18d1e05888a4a618cc40de768e353,92127264.0,2.0,8.5,f,8.3,0.0,APROVADO
162028,57565214,6ba18d1e05888a4a618cc40de768e353,92127264.0,3.0,8.5,f,8.3,0.0,APROVADO
162029,57565214,955ba10f8916207996e764ffcb355b02,92127264.0,1.0,6.5,f,6.5,0.0,APROVADO POR NOTA
162030,57565214,955ba10f8916207996e764ffcb355b02,92127264.0,2.0,5.5,f,6.5,0.0,APROVADO POR NOTA
162031,57565214,955ba10f8916207996e764ffcb355b02,92127264.0,3.0,7.5,f,6.5,0.0,APROVADO POR NOTA
162032,57565214,f8fbf27b209754521cdbc40840a5a8c3,92127264.0,1.0,5.5,f,6.0,0.0,APROVADO POR NOTA
162033,57565214,f8fbf27b209754521cdbc40840a5a8c3,92127264.0,2.0,5.0,f,6.0,0.0,APROVADO POR NOTA
162034,57565214,f8fbf27b209754521cdbc40840a5a8c3,92127264.0,3.0,7.5,f,6.0,0.0,APROVADO POR NOTA
162035,57565214,317b235fb6a380d0c0f009eab98b75a1,92127264.0,2.0,5.0,f,6.0,0.0,APROVADO POR NOTA
162036,57565214,317b235fb6a380d0c0f009eab98b75a1,92127264.0,3.0,7.5,f,6.0,0.0,APROVADO POR NOTA
162037,57565214,317b235fb6a380d0c0f009eab98b75a1,92127264.0,1.0,5.5,f,6.0,0.0,APROVADO POR NOTA
162038,57565214,97fe348def50c5c3375b5167701c7202,92127264.0,1.0,8.0,f,7.3,0.0,APROVADO
162039,57565214,97fe348def50c5c3375b5167701c7202,92127264.0,2.0,6.0,f,7.3,0.0,APROVADO
162040,57565214,97fe348def50c5c3375b5167701c7202,92127264.0,3.0,8.0,f,7.3,0.0,APROVADO
162041,57565214,982e1cd4eb21c2ae5483596c92e02a95,92127264.0,1.0,7.0,f,7.3,0.0,APROVADO
162042,57565214,982e1cd4eb21c2ae5483596c92e02a95,92127264.0,3.0,7.5,f,7.3,0.0,APROVADO
162043,57565214,982e1cd4eb21c2ae5483596c92e02a95,92127264.0,2.0,7.5,f,7.3,0.0,APROVADO
162044,57565214,b433ff4854fc0247521a8d85ac933932,92127264.0,1.0,7.5,f,7.5,0.0,APROVADO
162045,57565214,b433ff4854fc0247521a8d85ac933932,92127264.0,2.0,7.0,f,7.5,0.0,APROVADO
162046,57565214,b433ff4854fc0247521a8d85ac933932,92127264.0,3.0,8.0,f,7.5,0.0,APROVADO
162047,57565214,713d1e23e527993346b137af29994241,92127264.0,3.0,7.5,f,5.0,0.0,APROVADO POR NOTA
162048,57565214,713d1e23e527993346b137af29994241,92127264.0,1.0,3.0,f,5.0,0.0,APROVADO POR NOTA
162049,57565214,713d1e23e527993346b137af29994241,92127264.0,2.0,4.5,f,5.0,0.0,APROVADO POR NOTA
162050,57565214,4502ef9166c14d7469243abd3dc0f70d,92127264.0,1.0,8.5,f,8.3,0.0,APROVADO
162051,57565214,4502ef9166c14d7469243abd3dc0f70d,92127264.0,2.0,8.0,f,8.3,0.0,APROVADO
162052,57565214,4502ef9166c14d7469243abd3dc0f70d,92127264.0,3.0,8.5,f,8.3,0.0,APROVADO
162053,57565214,f9050ce6ad26787023581e2cc346e703,92127264.0,1.0,6.0,f,6.2,0.0,APROVADO POR NOTA
162054,57565214,f9050ce6ad26787023581e2cc346e703,92127264.0,2.0,5.0,f,6.2,0.0,APROVADO POR NOTA
162055,57565214,f9050ce6ad26787023581e2cc346e703,92127264.0,3.0,7.5,f,6.2,0.0,APROVADO POR NOTA
162056,57565214,fd67ce939432d220dc3ab6030c9b349f,92127264.0,0,0,0,0,0,DESISTENCIA
162057,57565214,c6d91f6faa21bd207733d05e491aa0e1,92127264.0,1.0,7.5,f,7.5,0.0,APROVADO
162058,57565214,c6d91f6faa21bd207733d05e491aa0e1,92127264.0,2.0,7.0,f,7.5,0.0,APROVADO
162059,57565214,c6d91f6faa21bd207733d05e491aa0e1,92127264.0,3.0,8.0,f,7.5,0.0,APROVADO
162061,57565214,7629912c85dc9e2141fe596538cf2c02,92127264.0,1.0,7.0,f,6.8,0.0,APROVADO POR NOTA
162062,57565214,7629912c85dc9e2141fe596538cf2c02,92127264.0,2.0,6.5,f,6.8,0.0,APROVADO POR NOTA
162063,57565214,7629912c85dc9e2141fe596538cf2c02,92127264.0,3.0,7.0,f,6.8,0.0,APROVADO POR NOTA
162064,57565214,254ceb2461f616e3cf107788af88a348,92127264.0,1.0,7.0,f,7.0,0.0,APROVADO
162065,57565214,254ceb2461f616e3cf107788af88a348,92127264.0,2.0,6.5,f,7.0,0.0,APROVADO
162066,57565214,254ceb2461f616e3cf107788af88a348,92127264.0,3.0,7.5,f,7.0,0.0,APROVADO
162068,57565214,718c4749fa8d43b1699d7c444df77ad9,92127264.0,0,0,0,0,0,TRANCADO
162071,57565214,294a3290746f975c30553b672cb40cdd,92127264.0,1.0,0.0,f,0.0,0.0,REPROVADO
162072,57565214,294a3290746f975c30553b672cb40cdd,92127264.0,2.0,0.0,f,0.0,0.0,REPROVADO
162073,57565214,294a3290746f975c30553b672cb40cdd,92127264.0,3.0,0.0,f,0.0,0.0,REPROVADO
162074,57565214,823c04f19b91bd6be7587b40ce160223,92127264.0,1.0,0.0,f,0.0,0.0,REPROVADO
162075,57565214,823c04f19b91bd6be7587b40ce160223,92127264.0,2.0,0.0,f,0.0,0.0,REPROVADO
162076,57565214,823c04f19b91bd6be7587b40ce160223,92127264.0,3.0,0.0,f,0.0,0.0,REPROVADO
162077,57565214,bf3c0e6ae00be7d19d517863d1136efb,92127264.0,1.0,2.0,t,5.5,0.0,APROVADO POR NOTA
162078,57565214,bf3c0e6ae00be7d19d517863d1136efb,92127264.0,2.0,3.0,f,5.5,0.0,APROVADO POR NOTA
162079,57565214,bf3c0e6ae00be7d19d517863d1136efb,92127264.0,3.0,7.5,f,5.5,0.0,APROVADO POR NOTA
162080,57565214,057fdfe31ce7ff67e6de782fd459a5e7,92127264.0,1.0,6.5,f,6.8,0.0,APROVADO POR NOTA
162081,57565214,057fdfe31ce7ff67e6de782fd459a5e7,92127264.0,2.0,6.0,f,6.8,0.0,APROVADO POR NOTA
162082,57565214,057fdfe31ce7ff67e6de782fd459a5e7,92127264.0,3.0,8.0,f,6.8,0.0,APROVADO POR NOTA
162083,57565214,8b0ee1674165ac3ef13b54e65698c0fe,92127264.0,1.0,5.0,f,5.7,0.0,APROVADO POR NOTA
162084,57565214,8b0ee1674165ac3ef13b54e65698c0fe,92127264.0,2.0,4.5,f,5.7,0.0,APROVADO POR NOTA
162085,57565214,8b0ee1674165ac3ef13b54e65698c0fe,92127264.0,3.0,7.5,f,5.7,0.0,APROVADO POR NOTA
162086,57565214,4ee7e28e07a6e3751a3c3c7ddde7e90d,92127264.0,1.0,4.5,f,5.7,0.0,APROVADO POR NOTA
162087,57565214,4ee7e28e07a6e3751a3c3c7ddde7e90d,92127264.0,2.0,5.0,f,5.7,0.0,APROVADO POR NOTA
162088,57565214,4ee7e28e07a6e3751a3c3c7ddde7e90d,92127264.0,3.0,7.5,f,5.7,0.0,APROVADO POR NOTA
162089,57565214,80f9d9e023fb9a2d30a678e02184bd23,92127264.0,1.0,3.0,f,5.2,0.0,APROVADO POR NOTA
162090,57565214,80f9d9e023fb9a2d30a678e02184bd23,92127264.0,2.0,5.0,f,5.2,0.0,APROVADO POR NOTA
162091,57565214,80f9d9e023fb9a2d30a678e02184bd23,92127264.0,3.0,7.5,f,5.2,0.0,APROVADO POR NOTA
162092,57565214,6979f555ed7b878d55f9cd3fa4e5c032,92127264.0,1.0,6.0,f,6.3,0.0,APROVADO POR NOTA
162093,57565214,6979f555ed7b878d55f9cd3fa4e5c032,92127264.0,2.0,5.5,f,6.3,0.0,APROVADO POR NOTA
162094,57565214,6979f555ed7b878d55f9cd3fa4e5c032,92127264.0,3.0,7.5,f,6.3,0.0,APROVADO POR NOTA
162095,57565214,5ae28cd41b501ff35073a13dd1370d64,92127264.0,1.0,8.5,f,8.2,0.0,APROVADO
162096,57565214,5ae28cd41b501ff35073a13dd1370d64,92127264.0,2.0,8.0,f,8.2,0.0,APROVADO
162097,57565214,5ae28cd41b501ff35073a13dd1370d64,92127264.0,3.0,8.0,f,8.2,0.0,APROVADO
162098,57565214,7ffed3cce977997857468cc7bc885e62,92127264.0,1.0,7.0,f,7.2,0.0,APROVADO
162099,57565214,7ffed3cce977997857468cc7bc885e62,92127264.0,2.0,6.5,f,7.2,0.0,APROVADO
162100,57565214,7ffed3cce977997857468cc7bc885e62,92127264.0,3.0,8.0,f,7.2,0.0,APROVADO
162101,57565214,130fa18e7cbe30c714f98937cf94abab,92127264.0,1.0,4.0,f,5.7,0.0,APROVADO POR NOTA
162102,57565214,130fa18e7cbe30c714f98937cf94abab,92127264.0,2.0,5.5,f,5.7,0.0,APROVADO POR NOTA
162103,57565214,130fa18e7cbe30c714f98937cf94abab,92127264.0,3.0,7.5,f,5.7,0.0,APROVADO POR NOTA
162104,57565214,40d6eb384c524c0ce12349fa81c29257,92127264.0,1.0,6.5,f,6.7,0.0,APROVADO POR NOTA
162105,57565214,40d6eb384c524c0ce12349fa81c29257,92127264.0,2.0,6.0,f,6.7,0.0,APROVADO POR NOTA
162106,57565214,40d6eb384c524c0ce12349fa81c29257,92127264.0,3.0,7.5,f,6.7,0.0,APROVADO POR NOTA
162107,57565214,ea18bf31bb8dfce225f59c05f81a41e3,92127264.0,2.0,4.5,f,5.5,0.0,APROVADO POR NOTA
162108,57565214,ea18bf31bb8dfce225f59c05f81a41e3,92127264.0,3.0,7.5,f,5.5,0.0,APROVADO POR NOTA
162109,57565214,ea18bf31bb8dfce225f59c05f81a41e3,92127264.0,1.0,4.5,f,5.5,0.0,APROVADO POR NOTA
162110,57565214,aa00f9c2f38e7757521cf0d96b480b90,92127264.0,1.0,7.5,f,7.5,0.0,APROVADO
162111,57565214,aa00f9c2f38e7757521cf0d96b480b90,92127264.0,2.0,7.5,f,7.5,0.0,APROVADO
162112,57565214,aa00f9c2f38e7757521cf0d96b480b90,92127264.0,3.0,7.5,f,7.5,0.0,APROVADO
162113,57565214,5242c05251813a59548467328ce0d335,92127264.0,1.0,7.0,f,7.3,0.0,APROVADO
162114,57565214,5242c05251813a59548467328ce0d335,92127264.0,2.0,7.5,f,7.3,0.0,APROVADO
162115,57565214,5242c05251813a59548467328ce0d335,92127264.0,3.0,7.5,f,7.3,0.0,APROVADO
162116,57565214,fa0366ee9930798042fc769c00c9cdb7,92127264.0,0,0,0,0,0,DESISTENCIA
162118,57565214,3dcb457caef136647269b2a02ee21b29,92127264.0,0,0,0,0,0,DESISTENCIA
162343,57565211,8b0ee1674165ac3ef13b54e65698c0fe,92127264.0,1.0,6.0999999,f,5.3,0.0,APROVADO POR NOTA
162344,57565211,8b0ee1674165ac3ef13b54e65698c0fe,92127264.0,2.0,4.4000001,f,5.3,0.0,APROVADO POR NOTA
162346,57565211,7629912c85dc9e2141fe596538cf2c02,92127264.0,1.0,8.10000038,f,8.9,6.0,APROVADO
162347,57565211,7629912c85dc9e2141fe596538cf2c02,92127264.0,2.0,9.60000038,f,8.9,6.0,APROVADO
162348,57565211,7ffed3cce977997857468cc7bc885e62,92127264.0,1.0,7.900000099999999,f,8.1,0.0,APROVADO
162349,57565211,7ffed3cce977997857468cc7bc885e62,92127264.0,2.0,8.19999981,f,8.1,0.0,APROVADO
162350,57565211,b433ff4854fc0247521a8d85ac933932,92127264.0,1.0,8.89999962,f,8.6,6.0,APROVADO
162351,57565211,b433ff4854fc0247521a8d85ac933932,92127264.0,2.0,8.19999981,f,8.6,6.0,APROVADO
162352,57565211,057fdfe31ce7ff67e6de782fd459a5e7,92127264.0,1.0,7.5,f,7.1,6.0,APROVADO
162353,57565211,057fdfe31ce7ff67e6de782fd459a5e7,92127264.0,2.0,6.599999900000001,f,7.1,6.0,APROVADO
162354,57565211,955ba10f8916207996e764ffcb355b02,92127264.0,1.0,6.69999981,f,7.0,2.0,APROVADO
162355,57565211,955ba10f8916207996e764ffcb355b02,92127264.0,2.0,7.30000019,f,7.0,2.0,APROVADO
162356,57565211,982e1cd4eb21c2ae5483596c92e02a95,92127264.0,1.0,5.5999999,f,6.0,2.0,APROVADO POR NOTA
162357,57565211,982e1cd4eb21c2ae5483596c92e02a95,92127264.0,2.0,6.4000001,f,6.0,2.0,APROVADO POR NOTA
162358,57565211,fd67ce939432d220dc3ab6030c9b349f,92127264.0,0,0,0,0,0,DESISTENCIA
162359,57565211,130fa18e7cbe30c714f98937cf94abab,92127264.0,1.0,7.400000099999999,f,7.4,3.0,APROVADO
162360,57565211,130fa18e7cbe30c714f98937cf94abab,92127264.0,2.0,7.400000099999999,f,7.4,3.0,APROVADO
162362,57565211,ea18bf31bb8dfce225f59c05f81a41e3,92127264.0,1.0,7.5,f,6.8,6.0,APROVADO POR NOTA
162363,57565211,ea18bf31bb8dfce225f59c05f81a41e3,92127264.0,2.0,6.0,f,6.8,6.0,APROVADO POR NOTA
162379,57565211,bf3c0e6ae00be7d19d517863d1136efb,92127264.0,1.0,6.599999900000001,f,6.1,8.0,APROVADO POR NOTA
162380,57565211,bf3c0e6ae00be7d19d517863d1136efb,92127264.0,2.0,5.5,f,6.1,8.0,APROVADO POR NOTA
162382,57565211,fa0366ee9930798042fc769c00c9cdb7,92127264.0,0,0,0,0,0,DESISTENCIA
162386,57565211,6e937627849c1ee4ee610426a859caab,92127264.0,1.0,7.5,f,7.5,8.0,APROVADO
162387,57565211,6e937627849c1ee4ee610426a859caab,92127264.0,2.0,7.400000099999999,f,7.5,8.0,APROVADO
162389,57565211,f8fbf27b209754521cdbc40840a5a8c3,92127264.0,1.0,7.900000099999999,f,8.6,2.0,APROVADO
162390,57565211,f8fbf27b209754521cdbc40840a5a8c3,92127264.0,2.0,9.30000019,f,8.6,2.0,APROVADO
162392,57565211,713d1e23e527993346b137af29994241,92127264.0,1.0,6.4000001,f,5.5,8.0,APROVADO POR NOTA
162393,57565211,713d1e23e527993346b137af29994241,92127264.0,2.0,4.5999999,f,5.5,8.0,APROVADO POR NOTA
162394,57565211,4502ef9166c14d7469243abd3dc0f70d,92127264.0,1.0,9.39999962,f,9.1,0.0,APROVADO
162395,57565211,4502ef9166c14d7469243abd3dc0f70d,92127264.0,2.0,8.69999981,f,9.1,0.0,APROVADO
162397,57565211,6979f555ed7b878d55f9cd3fa4e5c032,92127264.0,1.0,8.19999981,f,6.9,8.0,APROVADO POR NOTA
162398,57565211,6979f555ed7b878d55f9cd3fa4e5c032,92127264.0,2.0,5.5999999,f,6.9,8.0,APROVADO POR NOTA
162399,57565211,5242c05251813a59548467328ce0d335,92127264.0,1.0,8.80000019,f,7.8,6.0,APROVADO
162400,57565211,5242c05251813a59548467328ce0d335,92127264.0,2.0,6.80000019,f,7.8,6.0,APROVADO
162401,57565211,97fe348def50c5c3375b5167701c7202,92127264.0,1.0,7.599999900000001,f,7.7,0.0,APROVADO
162402,57565211,97fe348def50c5c3375b5167701c7202,92127264.0,2.0,7.69999981,f,7.7,0.0,APROVADO
162404,57565211,6ba18d1e05888a4a618cc40de768e353,92127264.0,1.0,9.69999981,f,9.6,4.0,APROVADO
162405,57565211,6ba18d1e05888a4a618cc40de768e353,92127264.0,2.0,9.5,f,9.6,4.0,APROVADO
162406,57565211,5ae28cd41b501ff35073a13dd1370d64,92127264.0,1.0,8.19999981,f,7.8,0.0,APROVADO
162407,57565211,5ae28cd41b501ff35073a13dd1370d64,92127264.0,2.0,7.30000019,f,7.8,0.0,APROVADO
162408,57565211,317b235fb6a380d0c0f009eab98b75a1,92127264.0,1.0,7.19999981,f,7.6,4.0,APROVADO
162409,57565211,317b235fb6a380d0c0f009eab98b75a1,92127264.0,2.0,7.900000099999999,f,7.6,4.0,APROVADO
162410,57565220,772b2b5af5c0fa13218af7a791c58c44,92127264.0,1.0,9.30000019,f,9.4,6.0,APROVADO
162411,57565220,772b2b5af5c0fa13218af7a791c58c44,92127264.0,2.0,9.5,f,9.4,6.0,APROVADO
162414,57565220,d624069cd2691821d497421eae79b0bc,92127264.0,1.0,7.80000019,f,8.1,8.0,APROVADO
162415,57565220,d624069cd2691821d497421eae79b0bc,92127264.0,2.0,8.30000019,f,8.1,8.0,APROVADO
162416,57565220,69b640cae50edc4b348f31f601e2bd3f,92127264.0,1.0,5.5999999,f,6.2,4.0,APROVADO POR NOTA
162417,57565220,69b640cae50edc4b348f31f601e2bd3f,92127264.0,2.0,6.80000019,f,6.2,4.0,APROVADO POR NOTA
162418,57565220,1f099e921bfb020536f9b11bdc2d5f52,92127264.0,1.0,5.9000001,f,6.4,2.0,APROVADO POR NOTA
162419,57565220,1f099e921bfb020536f9b11bdc2d5f52,92127264.0,2.0,6.900000099999999,f,6.4,2.0,APROVADO POR NOTA
162420,57565220,631223ebc95c49b6bbc8aacf2119f931,92127264.0,1.0,5.69999981,f,6.2,0.0,APROVADO POR NOTA
162421,57565220,631223ebc95c49b6bbc8aacf2119f931,92127264.0,2.0,6.599999900000001,f,6.2,0.0,APROVADO POR NOTA
162426,57565220,425d0ac0a5a9085a88f61336169e2bfb,92127264.0,1.0,0.0,f,0.0,36.0,REPROVADO POR MÉDIA E POR FALTAS
162427,57565220,425d0ac0a5a9085a88f61336169e2bfb,92127264.0,2.0,0.0,f,0.0,36.0,REPROVADO POR MÉDIA E POR FALTAS
162434,57565220,04b1241196c8b2d85fb33f7423c0af2f,92127264.0,1.0,9.69999981,f,9.9,4.0,APROVADO
162435,57565220,04b1241196c8b2d85fb33f7423c0af2f,92127264.0,2.0,10.0,f,9.9,4.0,APROVADO
162438,57565220,b3f48c9a515eaba098ef8d6b0da46b5f,92127264.0,1.0,8.69999981,f,9.2,4.0,APROVADO
162439,57565220,b3f48c9a515eaba098ef8d6b0da46b5f,92127264.0,2.0,9.60000038,f,9.2,4.0,APROVADO
162448,57565220,d0cd7ef9faef18c55e6262b416d731e3,92127264.0,1.0,6.5,f,7.3,8.0,APROVADO
162449,57565220,d0cd7ef9faef18c55e6262b416d731e3,92127264.0,2.0,8.10000038,f,7.3,8.0,APROVADO
162631,57565207,ea18bf31bb8dfce225f59c05f81a41e3,92127264.0,1.0,6.69999981,f,6.6,0.0,APROVADO POR NOTA
162632,57565207,ea18bf31bb8dfce225f59c05f81a41e3,92127264.0,2.0,6.5,f,6.6,0.0,APROVADO POR NOTA
162633,57565207,97fe348def50c5c3375b5167701c7202,92127264.0,1.0,8.69999981,f,7.9,0.0,APROVADO
162634,57565207,97fe348def50c5c3375b5167701c7202,92127264.0,2.0,7.099999900000001,f,7.9,0.0,APROVADO
162635,57565207,3dcb457caef136647269b2a02ee21b29,92127264.0,0,0,0,0,0,DESISTENCIA
162636,57565207,40d6eb384c524c0ce12349fa81c29257,92127264.0,1.0,7.400000099999999,f,6.6,0.0,APROVADO POR NOTA
162637,57565207,40d6eb384c524c0ce12349fa81c29257,92127264.0,2.0,5.80000019,f,6.6,0.0,APROVADO POR NOTA
162638,57565207,4502ef9166c14d7469243abd3dc0f70d,92127264.0,1.0,9.5,f,7.7,0.0,APROVADO
162639,57565207,4502ef9166c14d7469243abd3dc0f70d,92127264.0,2.0,5.9000001,f,7.7,0.0,APROVADO
162640,57565207,130fa18e7cbe30c714f98937cf94abab,92127264.0,1.0,5.5,f,6.0,0.0,APROVADO POR NOTA
162641,57565207,130fa18e7cbe30c714f98937cf94abab,92127264.0,2.0,6.5,f,6.0,0.0,APROVADO POR NOTA
162642,57565207,b433ff4854fc0247521a8d85ac933932,92127264.0,1.0,7.5,f,6.9,0.0,APROVADO POR NOTA
162643,57565207,b433ff4854fc0247521a8d85ac933932,92127264.0,2.0,6.30000019,f,6.9,0.0,APROVADO POR NOTA
162644,57565207,aa00f9c2f38e7757521cf0d96b480b90,92127264.0,1.0,8.0,f,7.1,0.0,APROVADO
162645,57565207,aa00f9c2f38e7757521cf0d96b480b90,92127264.0,2.0,6.19999981,f,7.1,0.0,APROVADO
162646,57565207,955ba10f8916207996e764ffcb355b02,92127264.0,1.0,7.5,f,6.5,0.0,APROVADO POR NOTA
162647,57565207,955ba10f8916207996e764ffcb355b02,92127264.0,2.0,5.4000001,f,6.5,0.0,APROVADO POR NOTA
162648,57565207,7ffed3cce977997857468cc7bc885e62,92127264.0,1.0,9.5,f,9.0,0.0,APROVADO
162649,57565207,7ffed3cce977997857468cc7bc885e62,92127264.0,2.0,8.39999962,f,9.0,0.0,APROVADO
162650,57565207,317b235fb6a380d0c0f009eab98b75a1,92127264.0,1.0,6.0,f,5.3,0.0,APROVADO POR NOTA
162651,57565207,317b235fb6a380d0c0f009eab98b75a1,92127264.0,2.0,4.5,f,5.3,0.0,APROVADO POR NOTA
162652,57565207,c6d91f6faa21bd207733d05e491aa0e1,92127264.0,1.0,7.30000019,f,7.5,0.0,APROVADO
162653,57565207,c6d91f6faa21bd207733d05e491aa0e1,92127264.0,2.0,7.69999981,f,7.5,0.0,APROVADO
162654,57565207,6979f555ed7b878d55f9cd3fa4e5c032,92127264.0,1.0,6.900000099999999,f,6.5,0.0,APROVADO POR NOTA
162655,57565207,6979f555ed7b878d55f9cd3fa4e5c032,92127264.0,2.0,6.0,f,6.5,0.0,APROVADO POR NOTA
162656,57565207,713d1e23e527993346b137af29994241,92127264.0,1.0,6.30000019,f,6.9,0.0,APROVADO POR NOTA
162657,57565207,713d1e23e527993346b137af29994241,92127264.0,2.0,3.0,t,6.9,0.0,APROVADO POR NOTA
162658,57565207,7629912c85dc9e2141fe596538cf2c02,92127264.0,1.0,6.599999900000001,f,6.6,0.0,APROVADO POR NOTA
162659,57565207,7629912c85dc9e2141fe596538cf2c02,92127264.0,2.0,6.5,f,6.6,0.0,APROVADO POR NOTA
162660,57565207,057fdfe31ce7ff67e6de782fd459a5e7,92127264.0,1.0,6.5,f,7.1,0.0,APROVADO
162661,57565207,057fdfe31ce7ff67e6de782fd459a5e7,92127264.0,2.0,7.69999981,f,7.1,0.0,APROVADO
162662,57565207,254ceb2461f616e3cf107788af88a348,92127264.0,1.0,7.69999981,f,7.1,0.0,APROVADO
162663,57565207,254ceb2461f616e3cf107788af88a348,92127264.0,2.0,6.5,f,7.1,0.0,APROVADO
162670,57565207,4ee7e28e07a6e3751a3c3c7ddde7e90d,92127264.0,0,0,0,0,0,DESISTENCIA
162673,57565207,718c4749fa8d43b1699d7c444df77ad9,92127264.0,1.0,1.79999995,f,0.9,0.0,REPROVADO
162674,57565207,718c4749fa8d43b1699d7c444df77ad9,92127264.0,2.0,0.0,f,0.9,0.0,REPROVADO
162676,57565207,294a3290746f975c30553b672cb40cdd,92127264.0,1.0,1.70000005,f,0.9,0.0,REPROVADO
162677,57565207,294a3290746f975c30553b672cb40cdd,92127264.0,2.0,0.0,f,0.9,0.0,REPROVADO
162679,57565207,bf3c0e6ae00be7d19d517863d1136efb,92127264.0,1.0,7.0,f,7.3,0.0,APROVADO
162680,57565207,bf3c0e6ae00be7d19d517863d1136efb,92127264.0,2.0,7.5,f,7.3,0.0,APROVADO
162681,57565207,fa0366ee9930798042fc769c00c9cdb7,92127264.0,0,0,0,0,0,DESISTENCIA
162683,57565207,8b0ee1674165ac3ef13b54e65698c0fe,92127264.0,1.0,6.4000001,f,5.8,0.0,APROVADO POR NOTA
162684,57565207,8b0ee1674165ac3ef13b54e65698c0fe,92127264.0,2.0,5.19999981,f,5.8,0.0,APROVADO POR NOTA
162685,57565207,54d1c4d0930e630b849e36fbbb2d2390,92127264.0,1.0,6.69999981,f,7.2,0.0,APROVADO
162686,57565207,54d1c4d0930e630b849e36fbbb2d2390,92127264.0,2.0,7.69999981,f,7.2,0.0,APROVADO
162687,57565207,f9050ce6ad26787023581e2cc346e703,92127264.0,1.0,7.69999981,f,7.3,0.0,APROVADO
162688,57565207,f9050ce6ad26787023581e2cc346e703,92127264.0,2.0,6.900000099999999,f,7.3,0.0,APROVADO
162689,57565207,982e1cd4eb21c2ae5483596c92e02a95,92127264.0,1.0,8.69999981,f,7.2,0.0,APROVADO
162690,57565207,982e1cd4eb21c2ae5483596c92e02a95,92127264.0,2.0,5.69999981,f,7.2,0.0,APROVADO
162691,57565207,5242c05251813a59548467328ce0d335,92127264.0,1.0,7.0,f,7.4,0.0,APROVADO
162692,57565207,5242c05251813a59548467328ce0d335,92127264.0,2.0,7.80000019,f,7.4,0.0,APROVADO
162693,57565207,6ba18d1e05888a4a618cc40de768e353,92127264.0,1.0,7.5,f,7.0,0.0,APROVADO
162694,57565207,6ba18d1e05888a4a618cc40de768e353,92127264.0,2.0,6.5,f,7.0,0.0,APROVADO
162695,57565207,f8fbf27b209754521cdbc40840a5a8c3,92127264.0,1.0,7.400000099999999,f,7.1,0.0,APROVADO
162696,57565207,f8fbf27b209754521cdbc40840a5a8c3,92127264.0,2.0,6.69999981,f,7.1,0.0,APROVADO
162697,57565207,fd67ce939432d220dc3ab6030c9b349f,92127264.0,0,0,0,0,0,DESISTENCIA
162698,57565207,5ae28cd41b501ff35073a13dd1370d64,92127264.0,1.0,9.30000019,f,8.2,0.0,APROVADO
162699,57565207,5ae28cd41b501ff35073a13dd1370d64,92127264.0,2.0,7.099999900000001,f,8.2,0.0,APROVADO
162700,57565207,80f9d9e023fb9a2d30a678e02184bd23,92127264.0,1.0,7.099999900000001,f,6.5,0.0,APROVADO POR NOTA
162701,57565207,80f9d9e023fb9a2d30a678e02184bd23,92127264.0,2.0,5.9000001,f,6.5,0.0,APROVADO POR NOTA
162702,57565207,6e937627849c1ee4ee610426a859caab,92127264.0,1.0,6.19999981,f,5.3,0.0,APROVADO POR NOTA
162703,57565207,6e937627849c1ee4ee610426a859caab,92127264.0,2.0,4.30000019,f,5.3,0.0,APROVADO POR NOTA
172188,57563903,abaac7a4a42d03417f81b1455442607a,92127264.0,1.0,6.19999981,f,6.7,16.0,APROVADO POR NOTA
172189,57563903,abaac7a4a42d03417f81b1455442607a,92127264.0,2.0,8.60000038,f,6.7,16.0,APROVADO POR NOTA
172190,57563903,abaac7a4a42d03417f81b1455442607a,92127264.0,3.0,5.4000001,f,6.7,16.0,APROVADO POR NOTA
177149,57572026,b583f1c1e858b97a99e69e861aa23388,92127264.0,1.0,8.0,f,7.3,0.0,APROVADO
177150,57572026,b583f1c1e858b97a99e69e861aa23388,92127264.0,2.0,7.0,f,7.3,0.0,APROVADO
177151,57572026,b583f1c1e858b97a99e69e861aa23388,92127264.0,3.0,7.0,f,7.3,0.0,APROVADO
177152,57572026,bf826f6b7f8f02ec7913a727a55e9cbc,92127264.0,1.0,9.0,f,9.0,0.0,APROVADO
177153,57572026,bf826f6b7f8f02ec7913a727a55e9cbc,92127264.0,2.0,9.0,f,9.0,0.0,APROVADO
177154,57572026,bf826f6b7f8f02ec7913a727a55e9cbc,92127264.0,3.0,9.0,f,9.0,0.0,APROVADO
179230,57565145,b583f1c1e858b97a99e69e861aa23388,92127264.0,1.0,7.5,f,7.2,17.0,APROVADO
179231,57565145,b583f1c1e858b97a99e69e861aa23388,92127264.0,2.0,8.5,f,7.2,17.0,APROVADO
179232,57565145,b583f1c1e858b97a99e69e861aa23388,92127264.0,3.0,5.5,f,7.2,17.0,APROVADO
179241,57565145,9fab264022905965335b7bc3964f7ed1,92127264.0,1.0,4.5,f,6.0,6.0,APROVADO POR NOTA
179242,57565145,9fab264022905965335b7bc3964f7ed1,92127264.0,2.0,7.0,f,6.0,6.0,APROVADO POR NOTA
179243,57565145,9fab264022905965335b7bc3964f7ed1,92127264.0,3.0,6.5,f,6.0,6.0,APROVADO POR NOTA
179244,57565145,a8e2e545c4b9385773d1fd98188f6f59,92127264.0,1.0,4.69999981,f,1.6,44.0,REPROVADO POR MÉDIA E POR FALTAS
179245,57565145,a8e2e545c4b9385773d1fd98188f6f59,92127264.0,2.0,0.0,f,1.6,44.0,REPROVADO POR MÉDIA E POR FALTAS
179246,57565145,a8e2e545c4b9385773d1fd98188f6f59,92127264.0,3.0,0.0,f,1.6,44.0,REPROVADO POR MÉDIA E POR FALTAS
179247,57565145,6e937627849c1ee4ee610426a859caab,92127264.0,1.0,4.69999981,f,6.4,10.0,APROVADO POR NOTA
179248,57565145,6e937627849c1ee4ee610426a859caab,92127264.0,2.0,10.0,f,6.4,10.0,APROVADO POR NOTA
179249,57565145,6e937627849c1ee4ee610426a859caab,92127264.0,3.0,4.5,f,6.4,10.0,APROVADO POR NOTA
180707,57570318,bf826f6b7f8f02ec7913a727a55e9cbc,92127264.0,1.0,9.0,f,8.8,0.0,APROVADO
180708,57570318,bf826f6b7f8f02ec7913a727a55e9cbc,92127264.0,2.0,8.0,f,8.8,0.0,APROVADO
180709,57570318,bf826f6b7f8f02ec7913a727a55e9cbc,92127264.0,3.0,9.5,f,8.8,0.0,APROVADO
180710,57570318,fa1619c9583ee340b04ee8175182fc0f,92127264.0,1.0,7.5,f,6.5,0.0,APROVADO POR NOTA
180711,57570318,fa1619c9583ee340b04ee8175182fc0f,92127264.0,2.0,8.10000038,f,6.5,0.0,APROVADO POR NOTA
180712,57570318,fa1619c9583ee340b04ee8175182fc0f,92127264.0,3.0,4.0,f,6.5,0.0,APROVADO POR NOTA
180713,57570318,25d2bd21cd76c59793f8a006c03cf6b9,92127264.0,1.0,9.0,f,7.5,0.0,APROVADO
180714,57570318,25d2bd21cd76c59793f8a006c03cf6b9,92127264.0,2.0,8.60000038,f,7.5,0.0,APROVADO
180715,57570318,25d2bd21cd76c59793f8a006c03cf6b9,92127264.0,3.0,5.0,f,7.5,0.0,APROVADO
180787,57564810,fa59fcc35019ddcd80bc63a4b30192d0,92127264.0,1.0,8.0,f,8.6,3.0,APROVADO
180788,57564810,fa59fcc35019ddcd80bc63a4b30192d0,92127264.0,2.0,9.39999962,f,8.6,3.0,APROVADO
180789,57564810,fa59fcc35019ddcd80bc63a4b30192d0,92127264.0,3.0,8.5,f,8.6,3.0,APROVADO
180790,57564810,f250d74dc7561f1f4f5e39242df98be1,92127264.0,1.0,6.5,f,5.8,8.0,APROVADO POR NOTA
180791,57564810,f250d74dc7561f1f4f5e39242df98be1,92127264.0,2.0,2.70000005,t,5.8,8.0,APROVADO POR NOTA
180792,57564810,f250d74dc7561f1f4f5e39242df98be1,92127264.0,3.0,5.0,f,5.8,8.0,APROVADO POR NOTA
180793,57564810,e6cdfc6ba7edb9e72e88b259112088c6,92127264.0,1.0,6.5,f,7.5,5.0,APROVADO
180794,57564810,e6cdfc6ba7edb9e72e88b259112088c6,92127264.0,2.0,8.0,f,7.5,5.0,APROVADO
180795,57564810,e6cdfc6ba7edb9e72e88b259112088c6,92127264.0,3.0,8.0,f,7.5,5.0,APROVADO
180796,57564810,dc161e20bc0f55c1f1c1c9f234a9f2fa,92127264.0,1.0,4.0,f,5.0,14.0,APROVADO POR NOTA
180797,57564810,dc161e20bc0f55c1f1c1c9f234a9f2fa,92127264.0,2.0,2.29999995,t,5.0,14.0,APROVADO POR NOTA
180798,57564810,dc161e20bc0f55c1f1c1c9f234a9f2fa,92127264.0,3.0,6.0,f,5.0,14.0,APROVADO POR NOTA
180799,57564810,fd67ce939432d220dc3ab6030c9b349f,92127264.0,1.0,7.5,f,5.6,14.0,APROVADO POR NOTA
180800,57564810,fd67ce939432d220dc3ab6030c9b349f,92127264.0,2.0,3.20000005,f,5.6,14.0,APROVADO POR NOTA
180801,57564810,fd67ce939432d220dc3ab6030c9b349f,92127264.0,3.0,6.0,f,5.6,14.0,APROVADO POR NOTA
180803,57564810,99e5e29d16566a2bed71732ecba19849,92127264.0,1.0,0.0,f,0.9,3.0,REPROVADO
180804,57564810,99e5e29d16566a2bed71732ecba19849,92127264.0,2.0,2.70000005,f,0.9,3.0,REPROVADO
180805,57564810,99e5e29d16566a2bed71732ecba19849,92127264.0,3.0,0.0,f,0.9,3.0,REPROVADO
180809,57564810,80bba1afdcbe8e69bb840181d41388a1,92127264.0,1.0,6.0,f,2.5,20.0,REPROVADO POR MÉDIA E POR FALTAS
180810,57564810,80bba1afdcbe8e69bb840181d41388a1,92127264.0,2.0,1.5,f,2.5,20.0,REPROVADO POR MÉDIA E POR FALTAS
180811,57564810,80bba1afdcbe8e69bb840181d41388a1,92127264.0,3.0,0.0,f,2.5,20.0,REPROVADO POR MÉDIA E POR FALTAS
180812,57564810,b41962dbdf2c399278387568c820ac90,92127264.0,1.0,9.0,f,8.5,6.0,APROVADO
180813,57564810,b41962dbdf2c399278387568c820ac90,92127264.0,2.0,8.10000038,f,8.5,6.0,APROVADO
180814,57564810,b41962dbdf2c399278387568c820ac90,92127264.0,3.0,8.5,f,8.5,6.0,APROVADO
180815,57564810,5a362b6c394f14f12a8867d0c0494641,92127264.0,1.0,6.0,f,5.9,3.0,APROVADO POR NOTA
180816,57564810,5a362b6c394f14f12a8867d0c0494641,92127264.0,2.0,4.5999999,f,5.9,3.0,APROVADO POR NOTA
180817,57564810,5a362b6c394f14f12a8867d0c0494641,92127264.0,3.0,7.0,f,5.9,3.0,APROVADO POR NOTA
180818,57564810,d7d8b8da956d726a0c4b65a49a8dfffd,92127264.0,1.0,1.0,f,1.3,6.0,REPROVADO
180819,57564810,d7d8b8da956d726a0c4b65a49a8dfffd,92127264.0,2.0,2.79999995,f,1.3,6.0,REPROVADO
180820,57564810,d7d8b8da956d726a0c4b65a49a8dfffd,92127264.0,3.0,0.0,f,1.3,6.0,REPROVADO
180822,57564810,bf797d2f088087988a830799e5e8d316,92127264.0,1.0,0.0,f,0.0,54.0,REPROVADO POR MÉDIA E POR FALTAS
180823,57564810,bf797d2f088087988a830799e5e8d316,92127264.0,2.0,0.0,f,0.0,54.0,REPROVADO POR MÉDIA E POR FALTAS
180824,57564810,bf797d2f088087988a830799e5e8d316,92127264.0,3.0,0.0,f,0.0,54.0,REPROVADO POR MÉDIA E POR FALTAS
180825,57564810,f8177d63d1507a592ffc0d33db70a4f7,92127264.0,1.0,0.0,f,0.0,29.0,REPROVADO POR MÉDIA E POR FALTAS
180826,57564810,f8177d63d1507a592ffc0d33db70a4f7,92127264.0,2.0,0.0,f,0.0,29.0,REPROVADO POR MÉDIA E POR FALTAS
180827,57564810,f8177d63d1507a592ffc0d33db70a4f7,92127264.0,3.0,0.0,f,0.0,29.0,REPROVADO POR MÉDIA E POR FALTAS
180831,57564810,a8e0be6d1f80a287bc04c8b2aad01580,92127264.0,1.0,3.0,f,1.0,26.0,REPROVADO POR MÉDIA E POR FALTAS
180832,57564810,a8e0be6d1f80a287bc04c8b2aad01580,92127264.0,2.0,0.0,f,1.0,26.0,REPROVADO POR MÉDIA E POR FALTAS
180833,57564810,a8e0be6d1f80a287bc04c8b2aad01580,92127264.0,3.0,0.0,f,1.0,26.0,REPROVADO POR MÉDIA E POR FALTAS
180834,57564810,93f66b753448dac075f1842d66b1c5a9,92127264.0,0,0,0,0,0,TRANCADO
180835,57564810,9c8c21e07fb93342e39e3564779181cb,92127264.0,1.0,5.0,f,7.1,11.0,APROVADO
180836,57564810,9c8c21e07fb93342e39e3564779181cb,92127264.0,2.0,7.400000099999999,f,7.1,11.0,APROVADO
180837,57564810,9c8c21e07fb93342e39e3564779181cb,92127264.0,3.0,9.0,f,7.1,11.0,APROVADO
180838,57564810,21f431743a2e10ec0179a8f172a682a2,92127264.0,1.0,6.0,f,8.0,2.0,APROVADO
180839,57564810,21f431743a2e10ec0179a8f172a682a2,92127264.0,2.0,8.89999962,f,8.0,2.0,APROVADO
180840,57564810,21f431743a2e10ec0179a8f172a682a2,92127264.0,3.0,9.0,f,8.0,2.0,APROVADO
180841,57564810,679c140c591149567fb371703ba24cef,92127264.0,1.0,3.5,f,5.1,0.0,APROVADO POR NOTA
180842,57564810,679c140c591149567fb371703ba24cef,92127264.0,2.0,3.79999995,f,5.1,0.0,APROVADO POR NOTA
180843,57564810,679c140c591149567fb371703ba24cef,92127264.0,3.0,8.0,f,5.1,0.0,APROVADO POR NOTA
180847,57564810,3f262f8a7b11adc284750418506c7f94,92127264.0,1.0,4.0,f,3.9,14.0,REPROVADO
180848,57564810,3f262f8a7b11adc284750418506c7f94,92127264.0,2.0,2.79999995,f,3.9,14.0,REPROVADO
180849,57564810,3f262f8a7b11adc284750418506c7f94,92127264.0,3.0,5.0,f,3.9,14.0,REPROVADO
180850,57564810,88790547343038856c4dba8ee1a3bbe6,92127264.0,1.0,0.0,f,0.2,6.0,REPROVADO
180851,57564810,88790547343038856c4dba8ee1a3bbe6,92127264.0,2.0,0.699999988,f,0.2,6.0,REPROVADO
180852,57564810,88790547343038856c4dba8ee1a3bbe6,92127264.0,3.0,0.0,f,0.2,6.0,REPROVADO
180854,57564810,c1f3ad0fcde65ba2674759fb0387082e,92127264.0,1.0,4.0,f,4.3,5.0,REPROVADO
180855,57564810,c1f3ad0fcde65ba2674759fb0387082e,92127264.0,2.0,3.9000001,f,4.3,5.0,REPROVADO
180856,57564810,c1f3ad0fcde65ba2674759fb0387082e,92127264.0,3.0,5.0,f,4.3,5.0,REPROVADO
180857,57564810,774568ed670a68e9c07da231310e3ab9,92127264.0,1.0,4.5,f,5.0,0.0,APROVADO POR NOTA
180858,57564810,774568ed670a68e9c07da231310e3ab9,92127264.0,2.0,1.10000002,t,5.0,0.0,APROVADO POR NOTA
180859,57564810,774568ed670a68e9c07da231310e3ab9,92127264.0,3.0,6.0,f,5.0,0.0,APROVADO POR NOTA
180860,57564810,9d78bef9cf3602ea7e25f55cf79ae0db,92127264.0,1.0,5.0,f,7.8,6.0,APROVADO
180861,57564810,9d78bef9cf3602ea7e25f55cf79ae0db,92127264.0,2.0,9.39999962,f,7.8,6.0,APROVADO
180862,57564810,9d78bef9cf3602ea7e25f55cf79ae0db,92127264.0,3.0,9.0,f,7.8,6.0,APROVADO
180863,57564810,ccece052e4da7294d46957f07a89a077,92127264.0,1.0,8.5,f,6.7,14.0,APROVADO POR NOTA
180864,57564810,ccece052e4da7294d46957f07a89a077,92127264.0,2.0,4.69999981,f,6.7,14.0,APROVADO POR NOTA
180865,57564810,ccece052e4da7294d46957f07a89a077,92127264.0,3.0,7.0,f,6.7,14.0,APROVADO POR NOTA
180866,57564810,01520db6ce2ca85f5b119463328ccb93,92127264.0,1.0,4.0,f,5.0,3.0,APROVADO POR NOTA
180867,57564810,01520db6ce2ca85f5b119463328ccb93,92127264.0,2.0,3.0,f,5.0,3.0,APROVADO POR NOTA
180868,57564810,01520db6ce2ca85f5b119463328ccb93,92127264.0,3.0,8.0,f,5.0,3.0,APROVADO POR NOTA
185504,57568080,15f5e1533bd363c766d01f75ebcbe2b7,92127264.0,1.0,7.80000019,f,8.5,10.0,APROVADO
185505,57568080,15f5e1533bd363c766d01f75ebcbe2b7,92127264.0,2.0,8.10000038,f,8.5,10.0,APROVADO
185506,57568080,15f5e1533bd363c766d01f75ebcbe2b7,92127264.0,3.0,9.5,f,8.5,10.0,APROVADO
187063,57568090,8f1e25c53680d4d2ecfd4d6be7f4f4f0,92127264.0,1.0,6.0,f,8.0,12.0,APROVADO
187064,57568090,8f1e25c53680d4d2ecfd4d6be7f4f4f0,92127264.0,2.0,9.0,f,8.0,12.0,APROVADO
187065,57568090,8f1e25c53680d4d2ecfd4d6be7f4f4f0,92127264.0,3.0,9.0,f,8.0,12.0,APROVADO
189714,57564865,61b49c330f8ac0a64a6903ca154740f7,92127264.0,1.0,9.0,f,8.2,6.0,APROVADO
189715,57564865,61b49c330f8ac0a64a6903ca154740f7,92127264.0,2.0,8.0,f,8.2,6.0,APROVADO
189716,57564865,61b49c330f8ac0a64a6903ca154740f7,92127264.0,3.0,7.5,f,8.2,6.0,APROVADO
189720,57564865,ed6dd81dc57277659b753343bbeddbd1,92127264.0,1.0,4.80000019,f,7.5,2.0,APROVADO
189721,57564865,ed6dd81dc57277659b753343bbeddbd1,92127264.0,2.0,7.69999981,f,7.5,2.0,APROVADO
189722,57564865,ed6dd81dc57277659b753343bbeddbd1,92127264.0,3.0,10.0,f,7.5,2.0,APROVADO
189723,57564865,df8630debcb30e12537d9515170842fc,92127264.0,1.0,4.5,f,5.7,4.0,APROVADO POR NOTA
189724,57564865,df8630debcb30e12537d9515170842fc,92127264.0,2.0,6.599999900000001,f,5.7,4.0,APROVADO POR NOTA
189725,57564865,df8630debcb30e12537d9515170842fc,92127264.0,3.0,6.0,f,5.7,4.0,APROVADO POR NOTA
189727,57564865,0de95bcf3cc904efa8d693676e091dfc,92127264.0,1.0,0.0,f,0.0,20.0,REPROVADO
189728,57564865,0de95bcf3cc904efa8d693676e091dfc,92127264.0,2.0,0.0,f,0.0,20.0,REPROVADO
189729,57564865,0de95bcf3cc904efa8d693676e091dfc,92127264.0,3.0,0.0,f,0.0,20.0,REPROVADO
189730,57564865,5459222f27bfb7d3a932250691804544,92127264.0,1.0,5.80000019,f,6.8,4.0,APROVADO POR NOTA
189731,57564865,5459222f27bfb7d3a932250691804544,92127264.0,2.0,5.0,f,6.8,4.0,APROVADO POR NOTA
189732,57564865,5459222f27bfb7d3a932250691804544,92127264.0,3.0,9.5,f,6.8,4.0,APROVADO POR NOTA
189733,57564865,617c2e34e148a00577d0efeda6edd8ec,92127264.0,1.0,2.0,f,2.2,12.0,REPROVADO
189734,57564865,617c2e34e148a00577d0efeda6edd8ec,92127264.0,2.0,4.5,f,2.2,12.0,REPROVADO
189735,57564865,617c2e34e148a00577d0efeda6edd8ec,92127264.0,3.0,0.0,f,2.2,12.0,REPROVADO
189737,57564865,473244edf0579d6a4452a4eb6af2dcea,92127264.0,1.0,0.5,f,0.2,14.0,REPROVADO
189738,57564865,473244edf0579d6a4452a4eb6af2dcea,92127264.0,2.0,0.0,f,0.2,14.0,REPROVADO
189739,57564865,473244edf0579d6a4452a4eb6af2dcea,92127264.0,3.0,0.0,f,0.2,14.0,REPROVADO
189744,57564865,9d8dcee687180154493648b599a313c3,92127264.0,1.0,7.80000019,f,5.8,6.0,APROVADO POR NOTA
189745,57564865,9d8dcee687180154493648b599a313c3,92127264.0,2.0,6.0,f,5.8,6.0,APROVADO POR NOTA
189746,57564865,9d8dcee687180154493648b599a313c3,92127264.0,3.0,3.5,f,5.8,6.0,APROVADO POR NOTA
189747,57564865,7d6db9f655e9be38f58a9d4585a41398,92127264.0,0,0,0,0,0,TRANCADO
189748,57564865,cc5a82144563d5e8cdab8202a1346345,92127264.0,1.0,3.0,f,6.1,2.0,APROVADO POR NOTA
189749,57564865,cc5a82144563d5e8cdab8202a1346345,92127264.0,2.0,5.19999981,f,6.1,2.0,APROVADO POR NOTA
189750,57564865,cc5a82144563d5e8cdab8202a1346345,92127264.0,3.0,10.0,f,6.1,2.0,APROVADO POR NOTA
189751,57564865,27c5adb3b003e96f4171dfefe69835fe,92127264.0,1.0,8.5,f,9.3,6.0,APROVADO
189752,57564865,27c5adb3b003e96f4171dfefe69835fe,92127264.0,2.0,9.30000019,f,9.3,6.0,APROVADO
189753,57564865,27c5adb3b003e96f4171dfefe69835fe,92127264.0,3.0,10.0,f,9.3,6.0,APROVADO
189754,57564865,dcb8f294bee8769bdfec88486911362f,92127264.0,1.0,1.39999998,f,4.0,0.0,REPROVADO
189755,57564865,dcb8f294bee8769bdfec88486911362f,92127264.0,2.0,6.19999981,f,4.0,0.0,REPROVADO
189756,57564865,dcb8f294bee8769bdfec88486911362f,92127264.0,3.0,4.5,f,4.0,0.0,REPROVADO
189758,57564865,53890acbe28162acd131b308656482fc,92127264.0,1.0,4.0,f,5.0,2.0,APROVADO POR NOTA
189759,57564865,53890acbe28162acd131b308656482fc,92127264.0,2.0,6.4000001,f,5.0,2.0,APROVADO POR NOTA
189760,57564865,53890acbe28162acd131b308656482fc,92127264.0,3.0,4.5,f,5.0,2.0,APROVADO POR NOTA
189761,57564865,0d904f950f714e9773f4671920a3eca9,92127264.0,1.0,6.5,f,4.5,0.0,REPROVADO
189762,57564865,0d904f950f714e9773f4671920a3eca9,92127264.0,2.0,7.0,f,4.5,0.0,REPROVADO
189763,57564865,0d904f950f714e9773f4671920a3eca9,92127264.0,3.0,0.0,f,4.5,0.0,REPROVADO
189765,57564865,48bda966ddad288bba1f680237cdef70,92127264.0,1.0,4.80000019,f,6.2,6.0,APROVADO POR NOTA
189766,57564865,48bda966ddad288bba1f680237cdef70,92127264.0,2.0,8.89999962,f,6.2,6.0,APROVADO POR NOTA
189767,57564865,48bda966ddad288bba1f680237cdef70,92127264.0,3.0,5.0,f,6.2,6.0,APROVADO POR NOTA
189771,57564865,761f231943a37ff29272bc3b4020fe0d,92127264.0,1.0,8.0,f,8.3,6.0,APROVADO
189772,57564865,761f231943a37ff29272bc3b4020fe0d,92127264.0,2.0,7.400000099999999,f,8.3,6.0,APROVADO
189773,57564865,761f231943a37ff29272bc3b4020fe0d,92127264.0,3.0,9.5,f,8.3,6.0,APROVADO
189782,57564865,69ad026fcf027c449e2f6b8f57865316,92127264.0,1.0,0.0,f,0.8,14.0,REPROVADO
189783,57564865,69ad026fcf027c449e2f6b8f57865316,92127264.0,2.0,2.5,f,0.8,14.0,REPROVADO
189784,57564865,69ad026fcf027c449e2f6b8f57865316,92127264.0,3.0,0.0,f,0.8,14.0,REPROVADO
189785,57564865,31e1be3720544f57f5061f094d215cee,92127264.0,1.0,0.0,f,0.0,16.0,REPROVADO
189786,57564865,31e1be3720544f57f5061f094d215cee,92127264.0,2.0,0.0,f,0.0,16.0,REPROVADO
189787,57564865,31e1be3720544f57f5061f094d215cee,92127264.0,3.0,0.0,f,0.0,16.0,REPROVADO
189799,57564865,7654b9422f2d9d22dd627991a237eb39,92127264.0,1.0,3.29999995,f,4.4,0.0,REPROVADO
189800,57564865,7654b9422f2d9d22dd627991a237eb39,92127264.0,2.0,3.20000005,t,4.4,0.0,REPROVADO
189801,57564865,7654b9422f2d9d22dd627991a237eb39,92127264.0,3.0,6.0,f,4.4,0.0,REPROVADO
189810,57564865,c938ce1450afa6b33916d0fcf5dcc617,92127264.0,1.0,0.0,f,0.0,30.0,REPROVADO POR MÉDIA E POR FALTAS
189811,57564865,c938ce1450afa6b33916d0fcf5dcc617,92127264.0,2.0,0.0,f,0.0,30.0,REPROVADO POR MÉDIA E POR FALTAS
189812,57564865,c938ce1450afa6b33916d0fcf5dcc617,92127264.0,3.0,0.0,f,0.0,30.0,REPROVADO POR MÉDIA E POR FALTAS
189815,57564865,ad1723416caab97b96c630e262481742,92127264.0,1.0,8.5,f,6.1,6.0,APROVADO POR NOTA
189816,57564865,ad1723416caab97b96c630e262481742,92127264.0,2.0,6.30000019,f,6.1,6.0,APROVADO POR NOTA
189817,57564865,ad1723416caab97b96c630e262481742,92127264.0,3.0,3.5,f,6.1,6.0,APROVADO POR NOTA
189818,57564865,263337877cb5bbfb246858ae2ca2108e,92127264.0,1.0,2.5,f,5.2,0.0,APROVADO POR NOTA
189819,57564865,263337877cb5bbfb246858ae2ca2108e,92127264.0,2.0,2.5,t,5.2,0.0,APROVADO POR NOTA
189820,57564865,263337877cb5bbfb246858ae2ca2108e,92127264.0,3.0,9.0,f,5.2,0.0,APROVADO POR NOTA
189832,57564865,8b82771529bee06587d1941f7a41c0c1,92127264.0,1.0,6.5,f,8.2,12.0,APROVADO
189833,57564865,8b82771529bee06587d1941f7a41c0c1,92127264.0,2.0,9.19999981,f,8.2,12.0,APROVADO
189834,57564865,8b82771529bee06587d1941f7a41c0c1,92127264.0,3.0,9.0,f,8.2,12.0,APROVADO
189835,57564865,8ac0038ac22bc02fbbd50f5716e63380,92127264.0,1.0,0.0,f,0.0,14.0,REPROVADO
189836,57564865,8ac0038ac22bc02fbbd50f5716e63380,92127264.0,2.0,0.0,f,0.0,14.0,REPROVADO
189837,57564865,8ac0038ac22bc02fbbd50f5716e63380,92127264.0,3.0,0.0,f,0.0,14.0,REPROVADO
189838,57564864,e023a67a7bf65d86e71bb690e4cb2ba1,92127264.0,1.0,4.0,f,5.8,2.0,APROVADO POR NOTA
189839,57564864,e023a67a7bf65d86e71bb690e4cb2ba1,92127264.0,2.0,6.5,f,5.8,2.0,APROVADO POR NOTA
189840,57564864,e023a67a7bf65d86e71bb690e4cb2ba1,92127264.0,3.0,7.0,f,5.8,2.0,APROVADO POR NOTA
189842,57564864,61b49c330f8ac0a64a6903ca154740f7,92127264.0,1.0,9.5,f,8.2,6.0,APROVADO
189843,57564864,61b49c330f8ac0a64a6903ca154740f7,92127264.0,2.0,8.0,f,8.2,6.0,APROVADO
189844,57564864,61b49c330f8ac0a64a6903ca154740f7,92127264.0,3.0,7.0,f,8.2,6.0,APROVADO
189845,57564864,8ac0038ac22bc02fbbd50f5716e63380,92127264.0,1.0,0.0,f,0.0,28.0,REPROVADO POR MÉDIA E POR FALTAS
189846,57564864,8ac0038ac22bc02fbbd50f5716e63380,92127264.0,2.0,0.0,f,0.0,28.0,REPROVADO POR MÉDIA E POR FALTAS
189847,57564864,8ac0038ac22bc02fbbd50f5716e63380,92127264.0,3.0,0.0,f,0.0,28.0,REPROVADO POR MÉDIA E POR FALTAS
189848,57564864,7d6db9f655e9be38f58a9d4585a41398,92127264.0,1.0,0,f,0,0.0,TRANCADO
189849,57564864,7d6db9f655e9be38f58a9d4585a41398,92127264.0,2.0,0,f,0,0.0,TRANCADO
189850,57564864,7d6db9f655e9be38f58a9d4585a41398,92127264.0,3.0,0,f,0,0.0,TRANCADO
189851,57564864,cc5a82144563d5e8cdab8202a1346345,92127264.0,1.0,4.5,f,6.1,2.0,APROVADO POR NOTA
189852,57564864,cc5a82144563d5e8cdab8202a1346345,92127264.0,2.0,3.70000005,f,6.1,2.0,APROVADO POR NOTA
189853,57564864,cc5a82144563d5e8cdab8202a1346345,92127264.0,3.0,10.0,f,6.1,2.0,APROVADO POR NOTA
189854,57564864,df8630debcb30e12537d9515170842fc,92127264.0,1.0,7.0,f,6.4,4.0,APROVADO POR NOTA
189855,57564864,df8630debcb30e12537d9515170842fc,92127264.0,2.0,4.19999981,f,6.4,4.0,APROVADO POR NOTA
189856,57564864,df8630debcb30e12537d9515170842fc,92127264.0,3.0,8.0,f,6.4,4.0,APROVADO POR NOTA
189857,57564864,0d904f950f714e9773f4671920a3eca9,92127264.0,1.0,4.5,f,3.3,0.0,REPROVADO
189858,57564864,0d904f950f714e9773f4671920a3eca9,92127264.0,2.0,5.5,f,3.3,0.0,REPROVADO
189859,57564864,0d904f950f714e9773f4671920a3eca9,92127264.0,3.0,0.0,f,3.3,0.0,REPROVADO
189862,57564864,9d8dcee687180154493648b599a313c3,92127264.0,1.0,7.0,f,5.1,10.0,APROVADO POR NOTA
189863,57564864,9d8dcee687180154493648b599a313c3,92127264.0,2.0,3.20000005,f,5.1,10.0,APROVADO POR NOTA
189864,57564864,9d8dcee687180154493648b599a313c3,92127264.0,3.0,5.0,f,5.1,10.0,APROVADO POR NOTA
189865,57564864,473244edf0579d6a4452a4eb6af2dcea,92127264.0,1.0,0.0,f,0.0,26.0,REPROVADO POR MÉDIA E POR FALTAS
189866,57564864,473244edf0579d6a4452a4eb6af2dcea,92127264.0,2.0,0.0,f,0.0,26.0,REPROVADO POR MÉDIA E POR FALTAS
189867,57564864,473244edf0579d6a4452a4eb6af2dcea,92127264.0,3.0,0.0,f,0.0,26.0,REPROVADO POR MÉDIA E POR FALTAS
189868,57564864,761f231943a37ff29272bc3b4020fe0d,92127264.0,1.0,5.5,f,7.6,2.0,APROVADO
189869,57564864,761f231943a37ff29272bc3b4020fe0d,92127264.0,2.0,7.30000019,f,7.6,2.0,APROVADO
189870,57564864,761f231943a37ff29272bc3b4020fe0d,92127264.0,3.0,10.0,f,7.6,2.0,APROVADO
189871,57564864,27c5adb3b003e96f4171dfefe69835fe,92127264.0,1.0,9.30000019,f,9.8,6.0,APROVADO
189872,57564864,27c5adb3b003e96f4171dfefe69835fe,92127264.0,2.0,10.0,f,9.8,6.0,APROVADO
189873,57564864,27c5adb3b003e96f4171dfefe69835fe,92127264.0,3.0,10.0,f,9.8,6.0,APROVADO
189879,57564864,334129f757f0dc0039f8b8ed9a818050,92127264.0,0,0,0,0,0,TRANCADO
189884,57564864,c938ce1450afa6b33916d0fcf5dcc617,92127264.0,1.0,0.0,f,0.0,38.0,REPROVADO POR MÉDIA E POR FALTAS
189885,57564864,c938ce1450afa6b33916d0fcf5dcc617,92127264.0,2.0,0.0,f,0.0,38.0,REPROVADO POR MÉDIA E POR FALTAS
189886,57564864,c938ce1450afa6b33916d0fcf5dcc617,92127264.0,3.0,0.0,f,0.0,38.0,REPROVADO POR MÉDIA E POR FALTAS
189896,57564864,9ccc835c11435f84fb470fdce184ce0e,92127264.0,1.0,0.0,f,0.0,36.0,REPROVADO POR MÉDIA E POR FALTAS
189897,57564864,9ccc835c11435f84fb470fdce184ce0e,92127264.0,2.0,0.0,f,0.0,36.0,REPROVADO POR MÉDIA E POR FALTAS
189898,57564864,9ccc835c11435f84fb470fdce184ce0e,92127264.0,3.0,0.0,f,0.0,36.0,REPROVADO POR MÉDIA E POR FALTAS
189899,57564864,5459222f27bfb7d3a932250691804544,92127264.0,1.0,2.0,t,5.8,0.0,APROVADO POR NOTA
189900,57564864,5459222f27bfb7d3a932250691804544,92127264.0,2.0,4.30000019,f,5.8,0.0,APROVADO POR NOTA
189901,57564864,5459222f27bfb7d3a932250691804544,92127264.0,3.0,10.0,f,5.8,0.0,APROVADO POR NOTA
189902,57564864,0de95bcf3cc904efa8d693676e091dfc,92127264.0,1.0,0.0,f,0.0,26.0,REPROVADO POR MÉDIA E POR FALTAS
189903,57564864,0de95bcf3cc904efa8d693676e091dfc,92127264.0,2.0,0.0,f,0.0,26.0,REPROVADO POR MÉDIA E POR FALTAS
189904,57564864,0de95bcf3cc904efa8d693676e091dfc,92127264.0,3.0,0.0,f,0.0,26.0,REPROVADO POR MÉDIA E POR FALTAS
189906,57564864,617c2e34e148a00577d0efeda6edd8ec,92127264.0,1.0,0.0,f,0.5,16.0,REPROVADO
189907,57564864,617c2e34e148a00577d0efeda6edd8ec,92127264.0,2.0,1.39999998,f,0.5,16.0,REPROVADO
189908,57564864,617c2e34e148a00577d0efeda6edd8ec,92127264.0,3.0,0.0,f,0.5,16.0,REPROVADO
190139,57565224,631223ebc95c49b6bbc8aacf2119f931,92127264.0,1.0,4.099999899999999,f,6.2,4.0,APROVADO POR NOTA
190140,57565224,631223ebc95c49b6bbc8aacf2119f931,92127264.0,2.0,1.29999995,t,6.2,4.0,APROVADO POR NOTA
190141,57565224,631223ebc95c49b6bbc8aacf2119f931,92127264.0,3.0,7.5,f,6.2,4.0,APROVADO POR NOTA
190142,57565224,6f98786a9052a37e94305be5bb8acea5,92127264.0,1.0,6.0,f,6.8,52.0,APROVADO POR NOTA
190143,57565224,6f98786a9052a37e94305be5bb8acea5,92127264.0,2.0,7.0,f,6.8,52.0,APROVADO POR NOTA
190144,57565224,6f98786a9052a37e94305be5bb8acea5,92127264.0,3.0,7.5,f,6.8,52.0,APROVADO POR NOTA
190145,57565224,69b640cae50edc4b348f31f601e2bd3f,92127264.0,1.0,2.5999999,f,4.1,16.0,REPROVADO
190146,57565224,69b640cae50edc4b348f31f601e2bd3f,92127264.0,2.0,2.70000005,f,4.1,16.0,REPROVADO
190147,57565224,69b640cae50edc4b348f31f601e2bd3f,92127264.0,3.0,7.0,f,4.1,16.0,REPROVADO
190148,57565224,1f099e921bfb020536f9b11bdc2d5f52,92127264.0,1.0,2.0999999,f,3.3,16.0,REPROVADO
190149,57565224,1f099e921bfb020536f9b11bdc2d5f52,92127264.0,2.0,2.4000001,f,3.3,16.0,REPROVADO
190150,57565224,1f099e921bfb020536f9b11bdc2d5f52,92127264.0,3.0,5.5,f,3.3,16.0,REPROVADO
190154,57565224,1e1e279537c3a6e69f3f695e04844dcb,92127264.0,1.0,2.0,f,2.6,48.0,REPROVADO
190155,57565224,1e1e279537c3a6e69f3f695e04844dcb,92127264.0,2.0,1.60000002,f,2.6,48.0,REPROVADO
190156,57565224,1e1e279537c3a6e69f3f695e04844dcb,92127264.0,3.0,4.099999899999999,f,2.6,48.0,REPROVADO
190164,57565224,1ffca7323fb3ad790fc1e1a976611040,92127264.0,1.0,0.0,f,0.0,182.0,REPROVADO POR MÉDIA E POR FALTAS
190165,57565224,1ffca7323fb3ad790fc1e1a976611040,92127264.0,2.0,0.0,f,0.0,182.0,REPROVADO POR MÉDIA E POR FALTAS
190166,57565224,1ffca7323fb3ad790fc1e1a976611040,92127264.0,3.0,0.0,f,0.0,182.0,REPROVADO POR MÉDIA E POR FALTAS
190173,57565224,69ad026fcf027c449e2f6b8f57865316,92127264.0,1.0,3.29999995,f,5.1,32.0,APROVADO POR NOTA
190174,57565224,69ad026fcf027c449e2f6b8f57865316,92127264.0,2.0,2.29999995,t,5.1,32.0,APROVADO POR NOTA
190175,57565224,69ad026fcf027c449e2f6b8f57865316,92127264.0,3.0,8.5,f,5.1,32.0,APROVADO POR NOTA
190177,57565224,d0cd7ef9faef18c55e6262b416d731e3,92127264.0,1.0,5.0,f,5.0,52.0,APROVADO POR NOTA
190178,57565224,d0cd7ef9faef18c55e6262b416d731e3,92127264.0,2.0,4.099999899999999,f,5.0,52.0,APROVADO POR NOTA
190179,57565224,d0cd7ef9faef18c55e6262b416d731e3,92127264.0,3.0,5.80000019,f,5.0,52.0,APROVADO POR NOTA
190183,57565224,f2e563b162d47b0f3e651d0444d7908a,92127264.0,1.0,7.599999900000001,f,7.2,52.0,APROVADO
190184,57565224,f2e563b162d47b0f3e651d0444d7908a,92127264.0,2.0,0.0,t,7.2,52.0,APROVADO
190185,57565224,f2e563b162d47b0f3e651d0444d7908a,92127264.0,3.0,8.0,f,7.2,52.0,APROVADO
190189,57565224,fa0366ee9930798042fc769c00c9cdb7,92127264.0,1.0,3.5,f,4.5,52.0,REPROVADO
190190,57565224,fa0366ee9930798042fc769c00c9cdb7,92127264.0,2.0,0.0,t,4.5,52.0,REPROVADO
190191,57565224,fa0366ee9930798042fc769c00c9cdb7,92127264.0,3.0,6.0,f,4.5,52.0,REPROVADO
190192,57565224,6730c7c62ceced240e79a2bd6b6e4b84,92127264.0,1.0,5.0,f,6.4,46.0,APROVADO POR NOTA
190193,57565224,6730c7c62ceced240e79a2bd6b6e4b84,92127264.0,2.0,7.400000099999999,f,6.4,46.0,APROVADO POR NOTA
190194,57565224,6730c7c62ceced240e79a2bd6b6e4b84,92127264.0,3.0,6.80000019,f,6.4,46.0,APROVADO POR NOTA
190195,57565224,631223ebc95c49b6bbc8aacf2119f931,92127264.0,1.0,4.099999899999999,f,6.2,4.0,APROVADO POR NOTA
190196,57565224,631223ebc95c49b6bbc8aacf2119f931,92127264.0,2.0,1.29999995,t,6.2,4.0,APROVADO POR NOTA
190197,57565224,631223ebc95c49b6bbc8aacf2119f931,92127264.0,3.0,7.5,f,6.2,4.0,APROVADO POR NOTA
190198,57565224,6f98786a9052a37e94305be5bb8acea5,92127264.0,1.0,6.0,f,6.8,52.0,APROVADO POR NOTA
190199,57565224,6f98786a9052a37e94305be5bb8acea5,92127264.0,2.0,7.0,f,6.8,52.0,APROVADO POR NOTA
190200,57565224,6f98786a9052a37e94305be5bb8acea5,92127264.0,3.0,7.5,f,6.8,52.0,APROVADO POR NOTA
190201,57565224,69b640cae50edc4b348f31f601e2bd3f,92127264.0,1.0,2.5999999,f,4.1,16.0,REPROVADO
190202,57565224,69b640cae50edc4b348f31f601e2bd3f,92127264.0,2.0,2.70000005,f,4.1,16.0,REPROVADO
190203,57565224,69b640cae50edc4b348f31f601e2bd3f,92127264.0,3.0,7.0,f,4.1,16.0,REPROVADO
190204,57565224,1f099e921bfb020536f9b11bdc2d5f52,92127264.0,1.0,2.0999999,f,3.3,16.0,REPROVADO
190205,57565224,1f099e921bfb020536f9b11bdc2d5f52,92127264.0,2.0,2.4000001,f,3.3,16.0,REPROVADO
190206,57565224,1f099e921bfb020536f9b11bdc2d5f52,92127264.0,3.0,5.5,f,3.3,16.0,REPROVADO
190210,57565224,1e1e279537c3a6e69f3f695e04844dcb,92127264.0,1.0,2.0,f,2.6,48.0,REPROVADO
190211,57565224,1e1e279537c3a6e69f3f695e04844dcb,92127264.0,2.0,1.60000002,f,2.6,48.0,REPROVADO
190212,57565224,1e1e279537c3a6e69f3f695e04844dcb,92127264.0,3.0,4.099999899999999,f,2.6,48.0,REPROVADO
190220,57565224,1ffca7323fb3ad790fc1e1a976611040,92127264.0,1.0,0.0,f,0.0,182.0,REPROVADO POR MÉDIA E POR FALTAS
190221,57565224,1ffca7323fb3ad790fc1e1a976611040,92127264.0,2.0,0.0,f,0.0,182.0,REPROVADO POR MÉDIA E POR FALTAS
190222,57565224,1ffca7323fb3ad790fc1e1a976611040,92127264.0,3.0,0.0,f,0.0,182.0,REPROVADO POR MÉDIA E POR FALTAS
190229,57565224,69ad026fcf027c449e2f6b8f57865316,92127264.0,1.0,3.29999995,f,5.1,32.0,APROVADO POR NOTA
190230,57565224,69ad026fcf027c449e2f6b8f57865316,92127264.0,2.0,2.29999995,t,5.1,32.0,APROVADO POR NOTA
190231,57565224,69ad026fcf027c449e2f6b8f57865316,92127264.0,3.0,8.5,f,5.1,32.0,APROVADO POR NOTA
190233,57565224,d0cd7ef9faef18c55e6262b416d731e3,92127264.0,1.0,5.0,f,5.0,52.0,APROVADO POR NOTA
190234,57565224,d0cd7ef9faef18c55e6262b416d731e3,92127264.0,2.0,4.099999899999999,f,5.0,52.0,APROVADO POR NOTA
190235,57565224,d0cd7ef9faef18c55e6262b416d731e3,92127264.0,3.0,5.80000019,f,5.0,52.0,APROVADO POR NOTA
190239,57565224,f2e563b162d47b0f3e651d0444d7908a,92127264.0,1.0,7.599999900000001,f,7.2,52.0,APROVADO
190240,57565224,f2e563b162d47b0f3e651d0444d7908a,92127264.0,2.0,0.0,t,7.2,52.0,APROVADO
190241,57565224,f2e563b162d47b0f3e651d0444d7908a,92127264.0,3.0,8.0,f,7.2,52.0,APROVADO
190245,57565224,fa0366ee9930798042fc769c00c9cdb7,92127264.0,1.0,3.5,f,4.5,52.0,REPROVADO
190246,57565224,fa0366ee9930798042fc769c00c9cdb7,92127264.0,2.0,0.0,t,4.5,52.0,REPROVADO
190247,57565224,fa0366ee9930798042fc769c00c9cdb7,92127264.0,3.0,6.0,f,4.5,52.0,REPROVADO
190248,57565224,6730c7c62ceced240e79a2bd6b6e4b84,92127264.0,1.0,5.0,f,6.4,46.0,APROVADO POR NOTA
190249,57565224,6730c7c62ceced240e79a2bd6b6e4b84,92127264.0,2.0,7.400000099999999,f,6.4,46.0,APROVADO POR NOTA
190250,57565224,6730c7c62ceced240e79a2bd6b6e4b84,92127264.0,3.0,6.80000019,f,6.4,46.0,APROVADO POR NOTA
190877,57564848,4786ee006b177a4effef45521b7bd94f,92127264.0,1.0,8.69999981,f,7.0,6.0,APROVADO
190878,57564848,4786ee006b177a4effef45521b7bd94f,92127264.0,2.0,7.30000019,f,7.0,6.0,APROVADO
190879,57564848,4786ee006b177a4effef45521b7bd94f,92127264.0,3.0,5.0999999,f,7.0,6.0,APROVADO
190880,57564848,d4e047d2df4d181e5395b78df93f9811,92127264.0,1.0,7.19999981,f,5.2,4.0,APROVADO POR NOTA
190881,57564848,d4e047d2df4d181e5395b78df93f9811,92127264.0,2.0,3.5999999,f,5.2,4.0,APROVADO POR NOTA
190882,57564848,d4e047d2df4d181e5395b78df93f9811,92127264.0,3.0,4.69999981,f,5.2,4.0,APROVADO POR NOTA
190883,57564848,511d0df6f55de7f9c4818636b1535e02,92127264.0,1.0,5.80000019,f,5.8,6.0,APROVADO POR NOTA
190884,57564848,511d0df6f55de7f9c4818636b1535e02,92127264.0,2.0,5.4000001,f,5.8,6.0,APROVADO POR NOTA
190885,57564848,511d0df6f55de7f9c4818636b1535e02,92127264.0,3.0,6.30000019,f,5.8,6.0,APROVADO POR NOTA
190886,57564848,8d2a3b00a41279debf258bc6c6305205,92127264.0,1.0,9.19999981,f,6.9,16.0,APROVADO POR NOTA
190887,57564848,8d2a3b00a41279debf258bc6c6305205,92127264.0,2.0,8.5,f,6.9,16.0,APROVADO POR NOTA
190888,57564848,8d2a3b00a41279debf258bc6c6305205,92127264.0,3.0,3.0,f,6.9,16.0,APROVADO POR NOTA
190889,57564848,30327d430572d0c720dcd1682a39c361,92127264.0,1.0,7.599999900000001,f,6.2,12.0,APROVADO POR NOTA
190890,57564848,30327d430572d0c720dcd1682a39c361,92127264.0,2.0,6.900000099999999,f,6.2,12.0,APROVADO POR NOTA
190891,57564848,30327d430572d0c720dcd1682a39c361,92127264.0,3.0,4.19999981,f,6.2,12.0,APROVADO POR NOTA
190892,57564848,35e2507cc2ed396f7078879369b27286,92127264.0,1.0,9.10000038,f,8.1,2.0,APROVADO
190893,57564848,35e2507cc2ed396f7078879369b27286,92127264.0,2.0,7.80000019,f,8.1,2.0,APROVADO
190894,57564848,35e2507cc2ed396f7078879369b27286,92127264.0,3.0,7.400000099999999,f,8.1,2.0,APROVADO
190895,57564848,baf6c06a77f8436a2f1c068be8c7f854,92127264.0,1.0,0.800000012,t,4.6,16.0,REPROVADO
190896,57564848,baf6c06a77f8436a2f1c068be8c7f854,92127264.0,2.0,5.9000001,f,4.6,16.0,REPROVADO
190897,57564848,baf6c06a77f8436a2f1c068be8c7f854,92127264.0,3.0,6.4000001,f,4.6,16.0,REPROVADO
190898,57564848,15ce11b7e21c47c687f7008c288e12b5,92127264.0,1.0,2.79999995,f,0.9,49.0,REPROVADO POR MÉDIA E POR FALTAS
190899,57564848,15ce11b7e21c47c687f7008c288e12b5,92127264.0,2.0,0.0,f,0.9,49.0,REPROVADO POR MÉDIA E POR FALTAS
190900,57564848,15ce11b7e21c47c687f7008c288e12b5,92127264.0,3.0,0.0,f,0.9,49.0,REPROVADO POR MÉDIA E POR FALTAS
190901,57564848,a682f2beb315b67438ce66dcadd140e8,92127264.0,1.0,7.5,f,8.3,12.0,APROVADO
190902,57564848,a682f2beb315b67438ce66dcadd140e8,92127264.0,2.0,8.5,f,8.3,12.0,APROVADO
190903,57564848,a682f2beb315b67438ce66dcadd140e8,92127264.0,3.0,9.0,f,8.3,12.0,APROVADO
190904,57564848,3797d070ee3c0d06f8ca9e32d970dc0e,92127264.0,1.0,8.80000019,f,6.8,12.0,APROVADO POR NOTA
190905,57564848,3797d070ee3c0d06f8ca9e32d970dc0e,92127264.0,2.0,7.5,f,6.8,12.0,APROVADO POR NOTA
190906,57564848,3797d070ee3c0d06f8ca9e32d970dc0e,92127264.0,3.0,4.19999981,f,6.8,12.0,APROVADO POR NOTA
190907,57564848,c64950466f754a7a5656d1968f33c8fc,92127264.0,1.0,10.0,f,9.2,4.0,APROVADO
190908,57564848,c64950466f754a7a5656d1968f33c8fc,92127264.0,2.0,8.5,f,9.2,4.0,APROVADO
190909,57564848,c64950466f754a7a5656d1968f33c8fc,92127264.0,3.0,9.19999981,f,9.2,4.0,APROVADO
190915,57564848,71ded068ae396ef3bb21c15219c4906b,92127264.0,1.0,1.60000002,f,4.1,30.0,REPROVADO POR MÉDIA E POR FALTAS
190916,57564848,71ded068ae396ef3bb21c15219c4906b,92127264.0,2.0,5.4000001,f,4.1,30.0,REPROVADO POR MÉDIA E POR FALTAS
190917,57564848,71ded068ae396ef3bb21c15219c4906b,92127264.0,3.0,5.30000019,f,4.1,30.0,REPROVADO POR MÉDIA E POR FALTAS
190918,57564848,dfc0b8035c1c5931710e65e92d91aa30,92127264.0,1.0,4.4000001,f,2.1,44.0,REPROVADO POR MÉDIA E POR FALTAS
190919,57564848,dfc0b8035c1c5931710e65e92d91aa30,92127264.0,2.0,1.89999998,f,2.1,44.0,REPROVADO POR MÉDIA E POR FALTAS
190920,57564848,dfc0b8035c1c5931710e65e92d91aa30,92127264.0,3.0,0.0,f,2.1,44.0,REPROVADO POR MÉDIA E POR FALTAS
190921,57564848,480a730ca3e8657e4d203f06d6baaae1,92127264.0,1.0,8.39999962,f,7.6,2.0,APROVADO
190922,57564848,480a730ca3e8657e4d203f06d6baaae1,92127264.0,2.0,7.099999900000001,f,7.6,2.0,APROVADO
190923,57564848,480a730ca3e8657e4d203f06d6baaae1,92127264.0,3.0,7.19999981,f,7.6,2.0,APROVADO
190927,57564848,7f526a2061ee189867da31102097f91e,92127264.0,1.0,7.30000019,f,7.0,15.0,APROVADO
190928,57564848,7f526a2061ee189867da31102097f91e,92127264.0,2.0,6.900000099999999,f,7.0,15.0,APROVADO
190929,57564848,7f526a2061ee189867da31102097f91e,92127264.0,3.0,6.69999981,f,7.0,15.0,APROVADO
190931,57564848,2849447e693afb0816767beb8dc0a942,92127264.0,1.0,6.69999981,f,5.9,14.0,APROVADO POR NOTA
190932,57564848,2849447e693afb0816767beb8dc0a942,92127264.0,2.0,5.69999981,f,5.9,14.0,APROVADO POR NOTA
190933,57564848,2849447e693afb0816767beb8dc0a942,92127264.0,3.0,5.4000001,f,5.9,14.0,APROVADO POR NOTA
190934,57564848,f3ac5d986b7350a02d63a22510377d73,92127264.0,1.0,7.80000019,f,5.4,2.0,APROVADO POR NOTA
190935,57564848,f3ac5d986b7350a02d63a22510377d73,92127264.0,2.0,3.5999999,f,5.4,2.0,APROVADO POR NOTA
190936,57564848,f3ac5d986b7350a02d63a22510377d73,92127264.0,3.0,4.9000001,f,5.4,2.0,APROVADO POR NOTA
197988,57568245,823c04f19b91bd6be7587b40ce160223,92127264.0,1.0,2.0,t,5.0,0.0,APROVADO POR NOTA
197989,57568245,823c04f19b91bd6be7587b40ce160223,92127264.0,2.0,5.0,f,5.0,0.0,APROVADO POR NOTA
199443,57572036,01a7b34e2eb7d66f7490599d3790e709,92127264.0,1.0,5.80000019,f,6.2,12.0,APROVADO POR NOTA
199444,57572036,01a7b34e2eb7d66f7490599d3790e709,92127264.0,2.0,6.599999900000001,f,6.2,12.0,APROVADO POR NOTA
205082,57563873,7571ec1db03f11e42635430e58b95cee,92127264.0,1.0,6.80000019,f,5.4,0.0,APROVADO POR NOTA
205083,57563873,7571ec1db03f11e42635430e58b95cee,92127264.0,2.0,6.0,f,5.4,0.0,APROVADO POR NOTA
205084,57563873,7571ec1db03f11e42635430e58b95cee,92127264.0,3.0,3.5,f,5.4,0.0,APROVADO POR NOTA
205349,57565222,2f88ff7e6e0e58cb307f6e6c4dbd80e3,92127264.0,1.0,3.0999999,t,5.5,55.0,APROVADO POR NOTA
205350,57565222,2f88ff7e6e0e58cb307f6e6c4dbd80e3,92127264.0,2.0,5.80000019,f,5.5,55.0,APROVADO POR NOTA
205351,57565222,2f88ff7e6e0e58cb307f6e6c4dbd80e3,92127264.0,3.0,4.099999899999999,f,5.5,55.0,APROVADO POR NOTA
205353,57565222,b3f48c9a515eaba098ef8d6b0da46b5f,92127264.0,0,0,0,0,0,TRANCADO
205358,57565222,996f540ddcc5d3d4247a0c8fa980316f,92127264.0,1.0,2.5,f,4.0,28.0,REPROVADO
205359,57565222,996f540ddcc5d3d4247a0c8fa980316f,92127264.0,2.0,6.19999981,f,4.0,28.0,REPROVADO
205360,57565222,996f540ddcc5d3d4247a0c8fa980316f,92127264.0,3.0,3.20000005,f,4.0,28.0,REPROVADO
205367,57565222,d0bd6488461f69112553e12fd0b6e5e1,92127264.0,1.0,0.300000012,t,5.4,59.0,APROVADO POR NOTA
205368,57565222,d0bd6488461f69112553e12fd0b6e5e1,92127264.0,2.0,3.4000001,f,5.4,59.0,APROVADO POR NOTA
205369,57565222,d0bd6488461f69112553e12fd0b6e5e1,92127264.0,3.0,5.80000019,f,5.4,59.0,APROVADO POR NOTA
205370,57565222,3dcb457caef136647269b2a02ee21b29,92127264.0,1.0,2.9000001,t,5.2,8.0,APROVADO POR NOTA
205371,57565222,3dcb457caef136647269b2a02ee21b29,92127264.0,2.0,5.4000001,f,5.2,8.0,APROVADO POR NOTA
205372,57565222,3dcb457caef136647269b2a02ee21b29,92127264.0,3.0,5.4000001,f,5.2,8.0,APROVADO POR NOTA
239237,57564879,8e0fe67e7758328f385c2a251f5b3c34,92127264.0,1.0,6.30000019,f,7.2,4.0,APROVADO
239238,57564879,8e0fe67e7758328f385c2a251f5b3c34,92127264.0,2.0,8.0,f,7.2,4.0,APROVADO
239241,57564879,f250d74dc7561f1f4f5e39242df98be1,92127264.0,1.0,5.5,f,6.3,4.0,APROVADO POR NOTA
239242,57564879,f250d74dc7561f1f4f5e39242df98be1,92127264.0,2.0,7.0,f,6.3,4.0,APROVADO POR NOTA
239568,57565226,c67b909fd2d5f5181bc031915f7d6554,92127264.0,1.0,6.0,f,7.0,6.0,APROVADO
239569,57565226,c67b909fd2d5f5181bc031915f7d6554,92127264.0,2.0,8.0,f,7.0,6.0,APROVADO
239570,57565226,1f099e921bfb020536f9b11bdc2d5f52,92127264.0,1.0,5.69999981,f,5.4,2.0,APROVADO POR NOTA
239571,57565226,1f099e921bfb020536f9b11bdc2d5f52,92127264.0,2.0,5.0,f,5.4,2.0,APROVADO POR NOTA
239572,57565226,69b640cae50edc4b348f31f601e2bd3f,92127264.0,1.0,6.30000019,f,5.7,4.0,APROVADO POR NOTA
239573,57565226,69b640cae50edc4b348f31f601e2bd3f,92127264.0,2.0,5.0,f,5.7,4.0,APROVADO POR NOTA
239574,57565226,631223ebc95c49b6bbc8aacf2119f931,92127264.0,1.0,7.0,f,6.5,0.0,APROVADO POR NOTA
239575,57565226,631223ebc95c49b6bbc8aacf2119f931,92127264.0,2.0,6.0,f,6.5,0.0,APROVADO POR NOTA
239593,57565226,425d0ac0a5a9085a88f61336169e2bfb,92127264.0,1.0,0.0,f,0.0,36.0,REPROVADO POR MÉDIA E POR FALTAS
239594,57565226,425d0ac0a5a9085a88f61336169e2bfb,92127264.0,2.0,0.0,f,0.0,36.0,REPROVADO POR MÉDIA E POR FALTAS
239595,57565226,334129f757f0dc0039f8b8ed9a818050,92127264.0,0,0,0,0,0,DESISTENCIA
239599,57565226,04b1241196c8b2d85fb33f7423c0af2f,92127264.0,1.0,6.69999981,f,3.4,10.0,REPROVADO
239600,57565226,04b1241196c8b2d85fb33f7423c0af2f,92127264.0,2.0,0.0,f,3.4,10.0,REPROVADO
239601,57565226,3dcb457caef136647269b2a02ee21b29,92127264.0,1.0,4.5,f,6.8,0.0,APROVADO POR NOTA
239602,57565226,3dcb457caef136647269b2a02ee21b29,92127264.0,2.0,9.0,f,6.8,0.0,APROVADO POR NOTA
239603,57565226,00bd67a601192f51da746e41e60815c7,92127264.0,1.0,6.30000019,f,7.2,8.0,APROVADO
239604,57565226,00bd67a601192f51da746e41e60815c7,92127264.0,2.0,8.0,f,7.2,8.0,APROVADO
239742,57568130,69d022c2924a232b8a0ca9e0ac7da317,92127264.0,1.0,6.5,f,7.2,18.0,APROVADO
239743,57568130,69d022c2924a232b8a0ca9e0ac7da317,92127264.0,2.0,5.5,f,7.2,18.0,APROVADO
239744,57568130,69d022c2924a232b8a0ca9e0ac7da317,92127264.0,3.0,9.5,f,7.2,18.0,APROVADO
239745,57568130,2849447e693afb0816767beb8dc0a942,92127264.0,1.0,7.5,f,8.8,18.0,APROVADO
239746,57568130,2849447e693afb0816767beb8dc0a942,92127264.0,2.0,9.0,f,8.8,18.0,APROVADO
239747,57568130,2849447e693afb0816767beb8dc0a942,92127264.0,3.0,10.0,f,8.8,18.0,APROVADO
239748,57568130,baf6c06a77f8436a2f1c068be8c7f854,92127264.0,1.0,4.5,f,7.2,18.0,APROVADO
239749,57568130,baf6c06a77f8436a2f1c068be8c7f854,92127264.0,2.0,7.0,f,7.2,18.0,APROVADO
239750,57568130,baf6c06a77f8436a2f1c068be8c7f854,92127264.0,3.0,10.0,f,7.2,18.0,APROVADO
239751,57568130,55ed6d9cd251dbbad524455cdcf243aa,92127264.0,0,0,0,0,0,DESISTENCIA
239752,57568130,48bda966ddad288bba1f680237cdef70,92127264.0,1.0,3.79999995,f,6.6,14.0,APROVADO POR NOTA
239753,57568130,48bda966ddad288bba1f680237cdef70,92127264.0,2.0,6.0,f,6.6,14.0,APROVADO POR NOTA
239754,57568130,48bda966ddad288bba1f680237cdef70,92127264.0,3.0,10.0,f,6.6,14.0,APROVADO POR NOTA
239755,57568130,777afa50a3eae76c110581407b1e3129,92127264.0,1.0,7.5,f,8.5,12.0,APROVADO
239756,57568130,777afa50a3eae76c110581407b1e3129,92127264.0,2.0,8.0,f,8.5,12.0,APROVADO
239757,57568130,777afa50a3eae76c110581407b1e3129,92127264.0,3.0,10.0,f,8.5,12.0,APROVADO
239758,57568130,d2ebea0c1ebded5adcf2e6eb2d919b9a,92127264.0,1.0,9.30000019,f,9.8,12.0,APROVADO
239759,57568130,d2ebea0c1ebded5adcf2e6eb2d919b9a,92127264.0,2.0,10.0,f,9.8,12.0,APROVADO
239760,57568130,d2ebea0c1ebded5adcf2e6eb2d919b9a,92127264.0,3.0,10.0,f,9.8,12.0,APROVADO
239761,57568130,768519e21c9db3641c7c0d26e55d5574,92127264.0,1.0,6.5,f,8.1,6.0,APROVADO
239762,57568130,768519e21c9db3641c7c0d26e55d5574,92127264.0,2.0,8.30000019,f,8.1,6.0,APROVADO
239763,57568130,768519e21c9db3641c7c0d26e55d5574,92127264.0,3.0,9.5,f,8.1,6.0,APROVADO
239764,57568130,5572490df99a9f324a937a350818c526,92127264.0,1.0,0.0,f,0,0.0,TRANCADO
239765,57568130,5572490df99a9f324a937a350818c526,92127264.0,2.0,0,f,0,0.0,TRANCADO
239766,57568130,5572490df99a9f324a937a350818c526,92127264.0,3.0,0,f,0,0.0,TRANCADO
239767,57568130,83729736aa539851727de8ecb2c3529a,92127264.0,0,0,0,0,0,DESISTENCIA
239768,57568130,8336cceaf3e6275f4bd0611280702f1e,92127264.0,1.0,3.0999999,f,6.5,10.0,APROVADO POR NOTA
239769,57568130,8336cceaf3e6275f4bd0611280702f1e,92127264.0,2.0,7.0,f,6.5,10.0,APROVADO POR NOTA
239770,57568130,8336cceaf3e6275f4bd0611280702f1e,92127264.0,3.0,9.5,f,6.5,10.0,APROVADO POR NOTA
239771,57568130,49f2cf9cba9f712bc1ffeddd47b8907f,92127264.0,1.0,0.0,f,0.0,36.0,REPROVADO POR MÉDIA E POR FALTAS
239772,57568130,49f2cf9cba9f712bc1ffeddd47b8907f,92127264.0,2.0,0.0,f,0.0,36.0,REPROVADO POR MÉDIA E POR FALTAS
239773,57568130,49f2cf9cba9f712bc1ffeddd47b8907f,92127264.0,3.0,0.0,f,0.0,36.0,REPROVADO POR MÉDIA E POR FALTAS
239774,57568130,25d2bd21cd76c59793f8a006c03cf6b9,92127264.0,1.0,5.19999981,f,7.4,18.0,APROVADO
239775,57568130,25d2bd21cd76c59793f8a006c03cf6b9,92127264.0,2.0,7.0,f,7.4,18.0,APROVADO
239776,57568130,25d2bd21cd76c59793f8a006c03cf6b9,92127264.0,3.0,10.0,f,7.4,18.0,APROVADO
239906,57568129,9442e29605d14cf9859069926ce70e2e,92127264.0,1.0,7.5,f,9.0,0.0,APROVADO
239907,57568129,9442e29605d14cf9859069926ce70e2e,92127264.0,2.0,9.69999981,f,9.0,0.0,APROVADO
239908,57568129,9442e29605d14cf9859069926ce70e2e,92127264.0,3.0,9.80000019,f,9.0,0.0,APROVADO
239909,57568129,e8276e72614c5828286b43d50704d1a0,92127264.0,1.0,7.5,f,8.6,4.0,APROVADO
239910,57568129,e8276e72614c5828286b43d50704d1a0,92127264.0,2.0,9.0,f,8.6,4.0,APROVADO
239911,57568129,e8276e72614c5828286b43d50704d1a0,92127264.0,3.0,9.30000019,f,8.6,4.0,APROVADO
239912,57568129,b5bb50470f3c6a62b075cf02a5e47ecb,92127264.0,1.0,7.0,f,8.5,12.0,APROVADO
239913,57568129,b5bb50470f3c6a62b075cf02a5e47ecb,92127264.0,2.0,8.69999981,f,8.5,12.0,APROVADO
239914,57568129,b5bb50470f3c6a62b075cf02a5e47ecb,92127264.0,3.0,9.80000019,f,8.5,12.0,APROVADO
240610,57568129,9442e29605d14cf9859069926ce70e2e,92127264.0,1.0,7.5,f,9.0,0.0,APROVADO
240611,57568129,9442e29605d14cf9859069926ce70e2e,92127264.0,2.0,9.69999981,f,9.0,0.0,APROVADO
240612,57568129,9442e29605d14cf9859069926ce70e2e,92127264.0,3.0,9.80000019,f,9.0,0.0,APROVADO
240613,57568129,e8276e72614c5828286b43d50704d1a0,92127264.0,1.0,7.5,f,8.6,4.0,APROVADO
240614,57568129,e8276e72614c5828286b43d50704d1a0,92127264.0,2.0,9.0,f,8.6,4.0,APROVADO
240615,57568129,e8276e72614c5828286b43d50704d1a0,92127264.0,3.0,9.30000019,f,8.6,4.0,APROVADO
240616,57568129,b5bb50470f3c6a62b075cf02a5e47ecb,92127264.0,1.0,7.0,f,8.5,12.0,APROVADO
240617,57568129,b5bb50470f3c6a62b075cf02a5e47ecb,92127264.0,2.0,8.69999981,f,8.5,12.0,APROVADO
240618,57568129,b5bb50470f3c6a62b075cf02a5e47ecb,92127264.0,3.0,9.80000019,f,8.5,12.0,APROVADO
243846,57566712,da437177e090ab90ea33ba772cfbae03,92127264.0,1.0,7.900000099999999,f,6.0,6.0,APROVADO POR NOTA
243847,57566712,da437177e090ab90ea33ba772cfbae03,92127264.0,2.0,4.099999899999999,f,6.0,6.0,APROVADO POR NOTA
243848,57566712,da437177e090ab90ea33ba772cfbae03,92127264.0,3.0,6.0,f,6.0,6.0,APROVADO POR NOTA
243849,57566712,a682f2beb315b67438ce66dcadd140e8,92127264.0,1.0,10.0,f,8.7,14.0,APROVADO
243850,57566712,a682f2beb315b67438ce66dcadd140e8,92127264.0,2.0,7.599999900000001,f,8.7,14.0,APROVADO
243851,57566712,a682f2beb315b67438ce66dcadd140e8,92127264.0,3.0,8.5,f,8.7,14.0,APROVADO
243853,57566712,240d89786f849e37a4d06809e635fa47,92127264.0,1.0,8.0,f,6.5,12.0,APROVADO POR NOTA
243854,57566712,240d89786f849e37a4d06809e635fa47,92127264.0,2.0,4.30000019,f,6.5,12.0,APROVADO POR NOTA
243855,57566712,240d89786f849e37a4d06809e635fa47,92127264.0,3.0,7.19999981,f,6.5,12.0,APROVADO POR NOTA
243856,57566712,7f2fd9688308a85c2f1f88490cf3382d,92127264.0,1.0,6.19999981,f,5.6,10.0,APROVADO POR NOTA
243857,57566712,7f2fd9688308a85c2f1f88490cf3382d,92127264.0,2.0,3.5,f,5.6,10.0,APROVADO POR NOTA
243858,57566712,7f2fd9688308a85c2f1f88490cf3382d,92127264.0,3.0,7.19999981,f,5.6,10.0,APROVADO POR NOTA
243860,57566712,511d0df6f55de7f9c4818636b1535e02,92127264.0,1.0,6.599999900000001,f,6.3,16.0,APROVADO POR NOTA
243861,57566712,511d0df6f55de7f9c4818636b1535e02,92127264.0,2.0,6.5,f,6.3,16.0,APROVADO POR NOTA
243862,57566712,511d0df6f55de7f9c4818636b1535e02,92127264.0,3.0,5.80000019,f,6.3,16.0,APROVADO POR NOTA
243864,57566712,15ce11b7e21c47c687f7008c288e12b5,92127264.0,1.0,8.30000019,f,2.8,34.0,REPROVADO POR MÉDIA E POR FALTAS
243865,57566712,15ce11b7e21c47c687f7008c288e12b5,92127264.0,2.0,0.0,f,2.8,34.0,REPROVADO POR MÉDIA E POR FALTAS
243866,57566712,15ce11b7e21c47c687f7008c288e12b5,92127264.0,3.0,0.0,f,2.8,34.0,REPROVADO POR MÉDIA E POR FALTAS
243872,57566712,098328a35e4c60b120e4bb6b94c8a0f6,92127264.0,1.0,10.0,f,9.2,6.0,APROVADO
243873,57566712,098328a35e4c60b120e4bb6b94c8a0f6,92127264.0,2.0,9.30000019,f,9.2,6.0,APROVADO
243874,57566712,098328a35e4c60b120e4bb6b94c8a0f6,92127264.0,3.0,8.39999962,f,9.2,6.0,APROVADO
243876,57566712,63e97bc77196994b439cb853cea9d42d,92127264.0,1.0,8.10000038,f,7.9,16.0,APROVADO
243877,57566712,63e97bc77196994b439cb853cea9d42d,92127264.0,2.0,6.900000099999999,f,7.9,16.0,APROVADO
243878,57566712,63e97bc77196994b439cb853cea9d42d,92127264.0,3.0,8.80000019,f,7.9,16.0,APROVADO
243890,57566712,f111a05877915e0c15509d555f34195c,92127264.0,1.0,8.30000019,f,6.7,18.0,APROVADO POR NOTA
243891,57566712,f111a05877915e0c15509d555f34195c,92127264.0,2.0,0.0,t,6.7,18.0,APROVADO POR NOTA
243892,57566712,f111a05877915e0c15509d555f34195c,92127264.0,3.0,7.900000099999999,f,6.7,18.0,APROVADO POR NOTA
243900,57566712,fdf1f636486a3ad1d7bd6cc303c6c32a,92127264.0,1.0,10.0,f,9.5,2.0,APROVADO
243901,57566712,fdf1f636486a3ad1d7bd6cc303c6c32a,92127264.0,2.0,8.39999962,f,9.5,2.0,APROVADO
243902,57566712,fdf1f636486a3ad1d7bd6cc303c6c32a,92127264.0,3.0,10.0,f,9.5,2.0,APROVADO
243904,57566712,8adfd36bd28efb815197f6837af8b2b9,92127264.0,1.0,10.0,f,8.4,10.0,APROVADO
243905,57566712,8adfd36bd28efb815197f6837af8b2b9,92127264.0,2.0,6.5,f,8.4,10.0,APROVADO
243906,57566712,8adfd36bd28efb815197f6837af8b2b9,92127264.0,3.0,8.60000038,f,8.4,10.0,APROVADO
243907,57566712,b0e148daf401068c1b47be520d5bb181,92127264.0,1.0,9.30000019,f,8.2,8.0,APROVADO
243908,57566712,b0e148daf401068c1b47be520d5bb181,92127264.0,2.0,7.0,f,8.2,8.0,APROVADO
243909,57566712,b0e148daf401068c1b47be520d5bb181,92127264.0,3.0,8.39999962,f,8.2,8.0,APROVADO
243912,57566712,a70e6e000686d82ad1d1a29ce75fab9f,92127264.0,1.0,7.30000019,f,7.1,10.0,APROVADO
243913,57566712,a70e6e000686d82ad1d1a29ce75fab9f,92127264.0,2.0,5.69999981,f,7.1,10.0,APROVADO
243914,57566712,a70e6e000686d82ad1d1a29ce75fab9f,92127264.0,3.0,8.19999981,f,7.1,10.0,APROVADO
248208,57566793,ee67c654a285629b1e24292c717dc9e5,92127264.0,1.0,9.19999981,f,7.9,10.0,APROVADO
248209,57566793,ee67c654a285629b1e24292c717dc9e5,92127264.0,2.0,9.0,f,7.9,10.0,APROVADO
248210,57566793,ee67c654a285629b1e24292c717dc9e5,92127264.0,3.0,5.4000001,f,7.9,10.0,APROVADO
248236,57566793,4f6604e9e784dfcc5d63db809178681e,92127264.0,1.0,0,f,0,0.0,TRANCADO
248237,57566793,4f6604e9e784dfcc5d63db809178681e,92127264.0,2.0,0,f,0,0.0,TRANCADO
248238,57566793,4f6604e9e784dfcc5d63db809178681e,92127264.0,3.0,0,f,0,0.0,TRANCADO
248245,57566793,ee67c654a285629b1e24292c717dc9e5,92127264.0,1.0,9.19999981,f,7.9,10.0,APROVADO
248246,57566793,ee67c654a285629b1e24292c717dc9e5,92127264.0,2.0,9.0,f,7.9,10.0,APROVADO
248247,57566793,ee67c654a285629b1e24292c717dc9e5,92127264.0,3.0,5.4000001,f,7.9,10.0,APROVADO
248273,57566793,4f6604e9e784dfcc5d63db809178681e,92127264.0,1.0,0,f,0,0.0,TRANCADO
248274,57566793,4f6604e9e784dfcc5d63db809178681e,92127264.0,2.0,0,f,0,0.0,TRANCADO
248275,57566793,4f6604e9e784dfcc5d63db809178681e,92127264.0,3.0,0,f,0,0.0,TRANCADO
250463,57565086,8463c2535fac97abe4249e39c4daf7d4,92127264.0,1.0,4.5,f,5.3,20.0,APROVADO POR NOTA
250464,57565086,8463c2535fac97abe4249e39c4daf7d4,92127264.0,2.0,5.0,f,5.3,20.0,APROVADO POR NOTA
250465,57565086,8463c2535fac97abe4249e39c4daf7d4,92127264.0,3.0,6.5,f,5.3,20.0,APROVADO POR NOTA
250466,57565086,1ffca7323fb3ad790fc1e1a976611040,92127264.0,1.0,2.5,f,0.8,66.0,REPROVADO POR MÉDIA E POR FALTAS
250467,57565086,1ffca7323fb3ad790fc1e1a976611040,92127264.0,2.0,0.0,f,0.8,66.0,REPROVADO POR MÉDIA E POR FALTAS
250468,57565086,1ffca7323fb3ad790fc1e1a976611040,92127264.0,3.0,0.0,f,0.8,66.0,REPROVADO POR MÉDIA E POR FALTAS
250479,57565086,996f540ddcc5d3d4247a0c8fa980316f,92127264.0,1.0,5.0,f,5.4,14.0,APROVADO POR NOTA
250480,57565086,996f540ddcc5d3d4247a0c8fa980316f,92127264.0,2.0,3.29999995,f,5.4,14.0,APROVADO POR NOTA
250481,57565086,996f540ddcc5d3d4247a0c8fa980316f,92127264.0,3.0,8.0,f,5.4,14.0,APROVADO POR NOTA
250500,57565215,6ba18d1e05888a4a618cc40de768e353,92127264.0,1.0,8.5,f,9.3,4.0,APROVADO
250501,57565215,6ba18d1e05888a4a618cc40de768e353,92127264.0,2.0,10.0,f,9.3,4.0,APROVADO
250502,57565215,4502ef9166c14d7469243abd3dc0f70d,92127264.0,1.0,3.70000005,f,5.4,2.0,APROVADO POR NOTA
250503,57565215,4502ef9166c14d7469243abd3dc0f70d,92127264.0,2.0,7.0,f,5.4,2.0,APROVADO POR NOTA
250505,57565215,fa0366ee9930798042fc769c00c9cdb7,92127264.0,1.0,3.70000005,t,5.6,18.0,APROVADO POR NOTA
250506,57565215,fa0366ee9930798042fc769c00c9cdb7,92127264.0,2.0,5.69999981,f,5.6,18.0,APROVADO POR NOTA
250507,57565215,f8fbf27b209754521cdbc40840a5a8c3,92127264.0,1.0,5.0,f,5.5,4.0,APROVADO POR NOTA
250508,57565215,f8fbf27b209754521cdbc40840a5a8c3,92127264.0,2.0,4.5,t,5.5,4.0,APROVADO POR NOTA
250509,57565215,54d1c4d0930e630b849e36fbbb2d2390,92127264.0,1.0,6.19999981,f,5.0,2.0,APROVADO POR NOTA
250510,57565215,54d1c4d0930e630b849e36fbbb2d2390,92127264.0,2.0,3.70000005,f,5.0,2.0,APROVADO POR NOTA
250511,57565215,982e1cd4eb21c2ae5483596c92e02a95,92127264.0,1.0,7.099999900000001,f,7.6,2.0,APROVADO
250512,57565215,982e1cd4eb21c2ae5483596c92e02a95,92127264.0,2.0,8.0,f,7.6,2.0,APROVADO
250513,57565215,7ffed3cce977997857468cc7bc885e62,92127264.0,1.0,7.099999900000001,f,7.6,2.0,APROVADO
250514,57565215,7ffed3cce977997857468cc7bc885e62,92127264.0,2.0,8.0,f,7.6,2.0,APROVADO
250515,57565215,5242c05251813a59548467328ce0d335,92127264.0,1.0,3.70000005,f,5.4,8.0,APROVADO POR NOTA
250516,57565215,5242c05251813a59548467328ce0d335,92127264.0,2.0,7.0,f,5.4,8.0,APROVADO POR NOTA
250517,57565215,b433ff4854fc0247521a8d85ac933932,92127264.0,1.0,3.79999995,f,5.4,2.0,APROVADO POR NOTA
250518,57565215,b433ff4854fc0247521a8d85ac933932,92127264.0,2.0,7.0,f,5.4,2.0,APROVADO POR NOTA
250519,57565215,130fa18e7cbe30c714f98937cf94abab,92127264.0,1.0,4.30000019,f,5.4,4.0,APROVADO POR NOTA
250520,57565215,130fa18e7cbe30c714f98937cf94abab,92127264.0,2.0,3.5,t,5.4,4.0,APROVADO POR NOTA
250521,57565215,6979f555ed7b878d55f9cd3fa4e5c032,92127264.0,1.0,4.69999981,f,5.1,4.0,APROVADO POR NOTA
250522,57565215,6979f555ed7b878d55f9cd3fa4e5c032,92127264.0,2.0,4.69999981,t,5.1,4.0,APROVADO POR NOTA
250523,57565215,ea18bf31bb8dfce225f59c05f81a41e3,92127264.0,1.0,6.4000001,f,5.0,2.0,APROVADO POR NOTA
250524,57565215,ea18bf31bb8dfce225f59c05f81a41e3,92127264.0,2.0,3.5,f,5.0,2.0,APROVADO POR NOTA
250525,57565215,057fdfe31ce7ff67e6de782fd459a5e7,92127264.0,1.0,8.19999981,f,9.1,6.0,APROVADO
250526,57565215,057fdfe31ce7ff67e6de782fd459a5e7,92127264.0,2.0,10.0,f,9.1,6.0,APROVADO
250528,57565215,97fe348def50c5c3375b5167701c7202,92127264.0,1.0,6.900000099999999,f,7.5,0.0,APROVADO
250529,57565215,97fe348def50c5c3375b5167701c7202,92127264.0,2.0,8.0,f,7.5,0.0,APROVADO
250530,57565215,254ceb2461f616e3cf107788af88a348,92127264.0,1.0,5.9000001,f,5.2,10.0,APROVADO POR NOTA
250531,57565215,254ceb2461f616e3cf107788af88a348,92127264.0,2.0,3.0,t,5.2,10.0,APROVADO POR NOTA
250532,57565215,294a3290746f975c30553b672cb40cdd,92127264.0,1.0,2.29999995,f,1.2,32.0,REPROVADO POR MÉDIA E POR FALTAS
250533,57565215,294a3290746f975c30553b672cb40cdd,92127264.0,2.0,0.0,f,1.2,32.0,REPROVADO POR MÉDIA E POR FALTAS
250539,57565215,4ee7e28e07a6e3751a3c3c7ddde7e90d,92127264.0,1.0,5.30000019,f,6.7,8.0,APROVADO POR NOTA
250540,57565215,4ee7e28e07a6e3751a3c3c7ddde7e90d,92127264.0,2.0,8.0,f,6.7,8.0,APROVADO POR NOTA
250542,57565215,718c4749fa8d43b1699d7c444df77ad9,92127264.0,1.0,6.69999981,f,5.5,10.0,APROVADO POR NOTA
250543,57565215,718c4749fa8d43b1699d7c444df77ad9,92127264.0,2.0,4.19999981,f,5.5,10.0,APROVADO POR NOTA
250544,57565215,fd67ce939432d220dc3ab6030c9b349f,92127264.0,1.0,0,f,0,0,DESISTENCIA
250545,57565215,fd67ce939432d220dc3ab6030c9b349f,92127264.0,2.0,0,f,0,0,DESISTENCIA
250546,57565215,713d1e23e527993346b137af29994241,92127264.0,1.0,4.80000019,f,4.7,6.0,REPROVADO
250547,57565215,713d1e23e527993346b137af29994241,92127264.0,2.0,4.0,t,4.7,6.0,REPROVADO
250550,57565215,bf3c0e6ae00be7d19d517863d1136efb,92127264.0,1.0,8.5,f,5.8,4.0,APROVADO POR NOTA
250551,57565215,bf3c0e6ae00be7d19d517863d1136efb,92127264.0,2.0,3.0,f,5.8,4.0,APROVADO POR NOTA
250553,57565215,7629912c85dc9e2141fe596538cf2c02,92127264.0,1.0,6.4000001,f,5.5,2.0,APROVADO POR NOTA
250554,57565215,7629912c85dc9e2141fe596538cf2c02,92127264.0,2.0,3.0,t,5.5,2.0,APROVADO POR NOTA
250555,57565215,f9050ce6ad26787023581e2cc346e703,92127264.0,1.0,6.30000019,f,5.0,6.0,APROVADO POR NOTA
250556,57565215,f9050ce6ad26787023581e2cc346e703,92127264.0,2.0,3.5999999,f,5.0,6.0,APROVADO POR NOTA
250557,57565215,40d6eb384c524c0ce12349fa81c29257,92127264.0,1.0,7.69999981,f,5.4,2.0,APROVADO POR NOTA
250558,57565215,40d6eb384c524c0ce12349fa81c29257,92127264.0,2.0,3.0,f,5.4,2.0,APROVADO POR NOTA
250559,57565215,80f9d9e023fb9a2d30a678e02184bd23,92127264.0,1.0,4.19999981,f,5.6,0.0,APROVADO POR NOTA
250560,57565215,80f9d9e023fb9a2d30a678e02184bd23,92127264.0,2.0,7.0,f,5.6,0.0,APROVADO POR NOTA
250561,57565215,955ba10f8916207996e764ffcb355b02,92127264.0,1.0,6.80000019,f,7.4,0.0,APROVADO
250562,57565215,955ba10f8916207996e764ffcb355b02,92127264.0,2.0,8.0,f,7.4,0.0,APROVADO
250563,57565215,5ae28cd41b501ff35073a13dd1370d64,92127264.0,1.0,6.30000019,f,6.2,4.0,APROVADO POR NOTA
250564,57565215,5ae28cd41b501ff35073a13dd1370d64,92127264.0,2.0,6.0,f,6.2,4.0,APROVADO POR NOTA
250565,57565215,8b0ee1674165ac3ef13b54e65698c0fe,92127264.0,1.0,5.30000019,f,5.2,2.0,APROVADO POR NOTA
250566,57565215,8b0ee1674165ac3ef13b54e65698c0fe,92127264.0,2.0,5.0,f,5.2,2.0,APROVADO POR NOTA
250567,57565215,c6d91f6faa21bd207733d05e491aa0e1,92127264.0,1.0,7.30000019,f,7.7,0.0,APROVADO
250568,57565215,c6d91f6faa21bd207733d05e491aa0e1,92127264.0,2.0,8.0,f,7.7,0.0,APROVADO
250569,57565215,317b235fb6a380d0c0f009eab98b75a1,92127264.0,1.0,6.30000019,f,6.2,4.0,APROVADO POR NOTA
250570,57565215,317b235fb6a380d0c0f009eab98b75a1,92127264.0,2.0,6.0,f,6.2,4.0,APROVADO POR NOTA
250571,57565215,aa00f9c2f38e7757521cf0d96b480b90,92127264.0,1.0,7.0,f,5.3,6.0,APROVADO POR NOTA
250572,57565215,aa00f9c2f38e7757521cf0d96b480b90,92127264.0,2.0,3.5,f,5.3,6.0,APROVADO POR NOTA
250573,57565215,3dcb457caef136647269b2a02ee21b29,92127264.0,0,0,0,0,0,DESISTENCIA
251310,57564833,5ff2a17b3e44f4ad386b87374a841675,92127264.0,1.0,0.0,f,0.0,6.0,REPROVADO
251311,57564833,5ff2a17b3e44f4ad386b87374a841675,92127264.0,2.0,0.0,f,0.0,6.0,REPROVADO
251312,57564833,5ff2a17b3e44f4ad386b87374a841675,92127264.0,3.0,0.0,f,0.0,6.0,REPROVADO
251313,57564833,23c3e6fe2285999433491924f662c872,92127264.0,1.0,1.0,f,0.3,10.0,REPROVADO
251314,57564833,23c3e6fe2285999433491924f662c872,92127264.0,2.0,0.0,f,0.3,10.0,REPROVADO
251315,57564833,23c3e6fe2285999433491924f662c872,92127264.0,3.0,0.0,f,0.3,10.0,REPROVADO
251316,57564833,240d89786f849e37a4d06809e635fa47,92127264.0,1.0,0.0,f,0.0,8.0,REPROVADO
251317,57564833,240d89786f849e37a4d06809e635fa47,92127264.0,2.0,0.0,f,0.0,8.0,REPROVADO
251318,57564833,240d89786f849e37a4d06809e635fa47,92127264.0,3.0,0.0,f,0.0,8.0,REPROVADO
251319,57564833,cb8985e7e20a68f82f3229c857a2221c,92127264.0,0,0,0,0,0,TRANCADO
251320,57564833,01bec0a9416e21c139c4b5e8e4b00394,92127264.0,1.0,0.0,f,0.0,14.0,REPROVADO POR MÉDIA E POR FALTAS
251321,57564833,01bec0a9416e21c139c4b5e8e4b00394,92127264.0,2.0,0.0,f,0.0,14.0,REPROVADO POR MÉDIA E POR FALTAS
251322,57564833,01bec0a9416e21c139c4b5e8e4b00394,92127264.0,3.0,0.0,f,0.0,14.0,REPROVADO POR MÉDIA E POR FALTAS
251323,57564833,736b02f7e21fadd7be4b5e2c8e3220cc,92127264.0,1.0,9.5,f,9.2,4.0,APROVADO
251324,57564833,736b02f7e21fadd7be4b5e2c8e3220cc,92127264.0,2.0,10.0,f,9.2,4.0,APROVADO
251325,57564833,736b02f7e21fadd7be4b5e2c8e3220cc,92127264.0,3.0,8.0,f,9.2,4.0,APROVADO
260574,57567914,3dcb457caef136647269b2a02ee21b29,92127264.0,1.0,5.80000019,f,1.9,0.0,REPROVADO
260575,57567914,3dcb457caef136647269b2a02ee21b29,92127264.0,2.0,0.0,f,1.9,0.0,REPROVADO
260576,57567914,3dcb457caef136647269b2a02ee21b29,92127264.0,3.0,0.0,f,1.9,0.0,REPROVADO
260803,57567588,098328a35e4c60b120e4bb6b94c8a0f6,92127264.0,1.0,7.5,f,7.2,8.0,APROVADO
260804,57567588,098328a35e4c60b120e4bb6b94c8a0f6,92127264.0,2.0,8.0,f,7.2,8.0,APROVADO
260805,57567588,098328a35e4c60b120e4bb6b94c8a0f6,92127264.0,3.0,6.0999999,f,7.2,8.0,APROVADO
260806,57567588,7571ec1db03f11e42635430e58b95cee,92127264.0,1.0,7.099999900000001,f,6.5,14.0,APROVADO POR NOTA
260807,57567588,7571ec1db03f11e42635430e58b95cee,92127264.0,2.0,8.0,f,6.5,14.0,APROVADO POR NOTA
260808,57567588,7571ec1db03f11e42635430e58b95cee,92127264.0,3.0,4.5,f,6.5,14.0,APROVADO POR NOTA
260809,57567588,bc2bc7b8d6d7550aeaf952fd146e716e,92127264.0,1.0,8.10000038,f,7.6,2.0,APROVADO
260810,57567588,bc2bc7b8d6d7550aeaf952fd146e716e,92127264.0,2.0,8.0,f,7.6,2.0,APROVADO
260811,57567588,bc2bc7b8d6d7550aeaf952fd146e716e,92127264.0,3.0,6.599999900000001,f,7.6,2.0,APROVADO
260812,57567588,098328a35e4c60b120e4bb6b94c8a0f6,92127264.0,1.0,7.5,f,7.2,8.0,APROVADO
260813,57567588,098328a35e4c60b120e4bb6b94c8a0f6,92127264.0,2.0,8.0,f,7.2,8.0,APROVADO
260814,57567588,098328a35e4c60b120e4bb6b94c8a0f6,92127264.0,3.0,6.0999999,f,7.2,8.0,APROVADO
260815,57567588,7571ec1db03f11e42635430e58b95cee,92127264.0,1.0,7.099999900000001,f,6.5,14.0,APROVADO POR NOTA
260816,57567588,7571ec1db03f11e42635430e58b95cee,92127264.0,2.0,8.0,f,6.5,14.0,APROVADO POR NOTA
260817,57567588,7571ec1db03f11e42635430e58b95cee,92127264.0,3.0,4.5,f,6.5,14.0,APROVADO POR NOTA
260818,57567588,bc2bc7b8d6d7550aeaf952fd146e716e,92127264.0,1.0,8.10000038,f,7.6,2.0,APROVADO
260819,57567588,bc2bc7b8d6d7550aeaf952fd146e716e,92127264.0,2.0,8.0,f,7.6,2.0,APROVADO
260820,57567588,bc2bc7b8d6d7550aeaf952fd146e716e,92127264.0,3.0,6.599999900000001,f,7.6,2.0,APROVADO
261780,57568707,49bc53d97fa4bbe9f2062ade532d313e,92127264.0,1.0,7.69999981,f,7.7,9.0,APROVADO
262698,57564856,e6cdfc6ba7edb9e72e88b259112088c6,92127264.0,1.0,7.599999900000001,f,6.9,10.0,APROVADO POR NOTA
262699,57564856,e6cdfc6ba7edb9e72e88b259112088c6,92127264.0,2.0,7.0,f,6.9,10.0,APROVADO POR NOTA
262700,57564856,e6cdfc6ba7edb9e72e88b259112088c6,92127264.0,3.0,2.0,t,6.9,10.0,APROVADO POR NOTA
262701,57564856,fa59fcc35019ddcd80bc63a4b30192d0,92127264.0,2.0,10.0,f,9.2,10.0,APROVADO
262702,57564856,fa59fcc35019ddcd80bc63a4b30192d0,92127264.0,3.0,7.5,f,9.2,10.0,APROVADO
262703,57564856,fa59fcc35019ddcd80bc63a4b30192d0,92127264.0,1.0,10.0,f,9.2,10.0,APROVADO
262705,57564856,72489a3d7b821870feaba15d0791d180,92127264.0,1.0,7.19999981,f,7.0,24.0,APROVADO
262706,57564856,72489a3d7b821870feaba15d0791d180,92127264.0,2.0,6.0,f,7.0,24.0,APROVADO
262707,57564856,72489a3d7b821870feaba15d0791d180,92127264.0,3.0,7.69999981,f,7.0,24.0,APROVADO
262708,57564856,55ed6d9cd251dbbad524455cdcf243aa,92127264.0,1.0,6.900000099999999,f,6.7,22.0,APROVADO POR NOTA
262709,57564856,55ed6d9cd251dbbad524455cdcf243aa,92127264.0,2.0,7.0,f,6.7,22.0,APROVADO POR NOTA
262710,57564856,55ed6d9cd251dbbad524455cdcf243aa,92127264.0,3.0,6.19999981,f,6.7,22.0,APROVADO POR NOTA
262711,57564856,3f6f02a08ef821f48beda481a97f2900,92127264.0,1.0,4.19999981,f,4.8,26.0,REPROVADO
262712,57564856,3f6f02a08ef821f48beda481a97f2900,92127264.0,2.0,6.0999999,f,4.8,26.0,REPROVADO
262713,57564856,3f6f02a08ef821f48beda481a97f2900,92127264.0,3.0,4.0,f,4.8,26.0,REPROVADO
262714,57564856,43d1599597afbfed9686ba29bbe77507,92127264.0,1.0,7.400000099999999,f,6.5,30.0,APROVADO POR NOTA
262715,57564856,43d1599597afbfed9686ba29bbe77507,92127264.0,2.0,4.0,f,6.5,30.0,APROVADO POR NOTA
262716,57564856,43d1599597afbfed9686ba29bbe77507,92127264.0,3.0,8.0,f,6.5,30.0,APROVADO POR NOTA
262717,57564856,b554a7595a1fc91654a00f846c41dc6f,92127264.0,1.0,4.4000001,f,1.5,18.0,REPROVADO
262718,57564856,b554a7595a1fc91654a00f846c41dc6f,92127264.0,2.0,0.0,f,1.5,18.0,REPROVADO
262719,57564856,b554a7595a1fc91654a00f846c41dc6f,92127264.0,3.0,0.0,f,1.5,18.0,REPROVADO
262720,57564856,88790547343038856c4dba8ee1a3bbe6,92127264.0,1.0,0.300000012,f,0.3,16.0,REPROVADO
262721,57564856,88790547343038856c4dba8ee1a3bbe6,92127264.0,2.0,0.600000024,f,0.3,16.0,REPROVADO
262722,57564856,88790547343038856c4dba8ee1a3bbe6,92127264.0,3.0,0.0,f,0.3,16.0,REPROVADO
262723,57564856,3f262f8a7b11adc284750418506c7f94,92127264.0,1.0,3.9000001,f,3.2,16.0,REPROVADO
262724,57564856,3f262f8a7b11adc284750418506c7f94,92127264.0,2.0,1.5,f,3.2,16.0,REPROVADO
262725,57564856,3f262f8a7b11adc284750418506c7f94,92127264.0,3.0,4.19999981,f,3.2,16.0,REPROVADO
262726,57564856,5ff2a17b3e44f4ad386b87374a841675,92127264.0,1.0,1.70000005,f,0.6,36.0,REPROVADO POR MÉDIA E POR FALTAS
262727,57564856,5ff2a17b3e44f4ad386b87374a841675,92127264.0,2.0,0.0,f,0.6,36.0,REPROVADO POR MÉDIA E POR FALTAS
262728,57564856,5ff2a17b3e44f4ad386b87374a841675,92127264.0,3.0,0.0,f,0.6,36.0,REPROVADO POR MÉDIA E POR FALTAS
262730,57564856,7f2fd9688308a85c2f1f88490cf3382d,92127264.0,1.0,2.9000001,f,3.9,24.0,REPROVADO
262731,57564856,7f2fd9688308a85c2f1f88490cf3382d,92127264.0,2.0,2.0999999,t,3.9,24.0,REPROVADO
262732,57564856,7f2fd9688308a85c2f1f88490cf3382d,92127264.0,3.0,6.0,f,3.9,24.0,REPROVADO
262733,57564856,5a362b6c394f14f12a8867d0c0494641,92127264.0,1.0,8.5,f,8.4,6.0,APROVADO
262734,57564856,5a362b6c394f14f12a8867d0c0494641,92127264.0,2.0,10.0,f,8.4,6.0,APROVADO
262735,57564856,5a362b6c394f14f12a8867d0c0494641,92127264.0,3.0,6.80000019,f,8.4,6.0,APROVADO
262736,57564856,f28e052d0580964522fc2df687450a3d,92127264.0,1.0,10.0,f,10.0,6.0,APROVADO
262737,57564856,f28e052d0580964522fc2df687450a3d,92127264.0,2.0,10.0,f,10.0,6.0,APROVADO
262738,57564856,f28e052d0580964522fc2df687450a3d,92127264.0,3.0,10.0,f,10.0,6.0,APROVADO
262739,57564856,9c8c21e07fb93342e39e3564779181cb,92127264.0,1.0,8.10000038,f,5.4,5.0,APROVADO POR NOTA
262740,57564856,9c8c21e07fb93342e39e3564779181cb,92127264.0,2.0,5.0,f,5.4,5.0,APROVADO POR NOTA
262741,57564856,9c8c21e07fb93342e39e3564779181cb,92127264.0,3.0,3.0999999,f,5.4,5.0,APROVADO POR NOTA
262742,57564856,2611cfc63edfc0980b1925fd819ec700,92127264.0,1.0,0.0,f,0.1,54.0,REPROVADO POR MÉDIA E POR FALTAS
262743,57564856,2611cfc63edfc0980b1925fd819ec700,92127264.0,2.0,0.400000006,f,0.1,54.0,REPROVADO POR MÉDIA E POR FALTAS
262744,57564856,2611cfc63edfc0980b1925fd819ec700,92127264.0,3.0,0.0,f,0.1,54.0,REPROVADO POR MÉDIA E POR FALTAS
262746,57564856,3b09923f48cffaf2f0774592678ffb73,92127264.0,1.0,0.0,f,0.0,84.0,REPROVADO POR MÉDIA E POR FALTAS
262747,57564856,3b09923f48cffaf2f0774592678ffb73,92127264.0,2.0,0.0,f,0.0,84.0,REPROVADO POR MÉDIA E POR FALTAS
262748,57564856,3b09923f48cffaf2f0774592678ffb73,92127264.0,3.0,0.0,f,0.0,84.0,REPROVADO POR MÉDIA E POR FALTAS
262755,57564856,d26ea439ed2a5db2fe5c0a5e1a6dfc16,92127264.0,1.0,1.29999995,f,0.8,16.0,REPROVADO
262756,57564856,d26ea439ed2a5db2fe5c0a5e1a6dfc16,92127264.0,2.0,1.0,f,0.8,16.0,REPROVADO
262757,57564856,d26ea439ed2a5db2fe5c0a5e1a6dfc16,92127264.0,3.0,0.0,f,0.8,16.0,REPROVADO
262759,57564856,dac8ccc113e153d1adee62d112a3723d,92127264.0,1.0,0,f,0,0.0,TRANCADO
262760,57564856,dac8ccc113e153d1adee62d112a3723d,92127264.0,2.0,0,f,0,0.0,TRANCADO
262761,57564856,dac8ccc113e153d1adee62d112a3723d,92127264.0,3.0,0,f,0,0.0,TRANCADO
262769,57564856,dc161e20bc0f55c1f1c1c9f234a9f2fa,92127264.0,1.0,0,f,0,0.0,TRANCADO
262770,57564856,dc161e20bc0f55c1f1c1c9f234a9f2fa,92127264.0,2.0,0,f,0,0.0,TRANCADO
262771,57564856,dc161e20bc0f55c1f1c1c9f234a9f2fa,92127264.0,3.0,0,f,0,0.0,TRANCADO
262775,57564856,8a8878d0e0f3adde0d8da2b9491942a8,92127264.0,1.0,5.30000019,f,3.3,18.0,REPROVADO
262776,57564856,8a8878d0e0f3adde0d8da2b9491942a8,92127264.0,2.0,4.19999981,f,3.3,18.0,REPROVADO
262777,57564856,8a8878d0e0f3adde0d8da2b9491942a8,92127264.0,3.0,0.5,f,3.3,18.0,REPROVADO
262787,57564856,a2b2ef559d7913f7f419197a1beb2e8c,92127264.0,1.0,4.5,f,5.6,4.0,APROVADO POR NOTA
262788,57564856,a2b2ef559d7913f7f419197a1beb2e8c,92127264.0,2.0,3.4000001,t,5.6,4.0,APROVADO POR NOTA
262789,57564856,a2b2ef559d7913f7f419197a1beb2e8c,92127264.0,3.0,5.5,f,5.6,4.0,APROVADO POR NOTA
262793,57564856,01bec0a9416e21c139c4b5e8e4b00394,92127264.0,1.0,0.400000006,f,0.3,37.0,REPROVADO POR MÉDIA E POR FALTAS
262794,57564856,01bec0a9416e21c139c4b5e8e4b00394,92127264.0,2.0,0.600000024,f,0.3,37.0,REPROVADO POR MÉDIA E POR FALTAS
262795,57564856,01bec0a9416e21c139c4b5e8e4b00394,92127264.0,3.0,0.0,f,0.3,37.0,REPROVADO POR MÉDIA E POR FALTAS
262796,57564856,23c3e6fe2285999433491924f662c872,92127264.0,1.0,2.4000001,f,1.2,22.0,REPROVADO
262797,57564856,23c3e6fe2285999433491924f662c872,92127264.0,2.0,1.10000002,f,1.2,22.0,REPROVADO
262798,57564856,23c3e6fe2285999433491924f662c872,92127264.0,3.0,0.0,f,1.2,22.0,REPROVADO
262799,57564856,c1f3ad0fcde65ba2674759fb0387082e,92127264.0,1.0,0.0,f,0.0,42.0,REPROVADO POR MÉDIA E POR FALTAS
262800,57564856,c1f3ad0fcde65ba2674759fb0387082e,92127264.0,2.0,0.0,f,0.0,42.0,REPROVADO POR MÉDIA E POR FALTAS
262801,57564856,c1f3ad0fcde65ba2674759fb0387082e,92127264.0,3.0,0.0,f,0.0,42.0,REPROVADO POR MÉDIA E POR FALTAS
262802,57564856,b0febe58ff9dea32f4c25d7cfe37920b,92127264.0,1.0,8.69999981,f,9.4,2.0,APROVADO
262803,57564856,b0febe58ff9dea32f4c25d7cfe37920b,92127264.0,2.0,10.0,f,9.4,2.0,APROVADO
262804,57564856,b0febe58ff9dea32f4c25d7cfe37920b,92127264.0,3.0,9.5,f,9.4,2.0,APROVADO
262805,57564856,1235a9301fcee8edf5d74e0f0f2df292,92127264.0,1.0,4.5,f,4.3,0.0,REPROVADO
262806,57564856,1235a9301fcee8edf5d74e0f0f2df292,92127264.0,2.0,2.0999999,t,4.3,0.0,REPROVADO
262807,57564856,1235a9301fcee8edf5d74e0f0f2df292,92127264.0,3.0,3.5999999,f,4.3,0.0,REPROVADO
262808,57564856,736b02f7e21fadd7be4b5e2c8e3220cc,92127264.0,1.0,5.4000001,f,5.6,10.0,APROVADO POR NOTA
262809,57564856,736b02f7e21fadd7be4b5e2c8e3220cc,92127264.0,2.0,6.80000019,f,5.6,10.0,APROVADO POR NOTA
262810,57564856,736b02f7e21fadd7be4b5e2c8e3220cc,92127264.0,3.0,4.5,f,5.6,10.0,APROVADO POR NOTA
262811,57564856,fd3e47920988063d44319fa2c8d373da,92127264.0,1.0,4.9000001,f,3.2,14.0,REPROVADO
262812,57564856,fd3e47920988063d44319fa2c8d373da,92127264.0,2.0,3.0999999,f,3.2,14.0,REPROVADO
262813,57564856,fd3e47920988063d44319fa2c8d373da,92127264.0,3.0,1.5,f,3.2,14.0,REPROVADO
262817,57564856,99e5e29d16566a2bed71732ecba19849,92127264.0,1.0,3.5999999,f,2.0,8.0,REPROVADO
262818,57564856,99e5e29d16566a2bed71732ecba19849,92127264.0,2.0,0.800000012,f,2.0,8.0,REPROVADO
262819,57564856,99e5e29d16566a2bed71732ecba19849,92127264.0,3.0,1.5,f,2.0,8.0,REPROVADO
262821,57564856,c62cb04038e4dc1c8c4289869343a181,92127264.0,2.0,0.0,f,1.4,30.0,REPROVADO
262822,57564856,c62cb04038e4dc1c8c4289869343a181,92127264.0,3.0,0.0,f,1.4,30.0,REPROVADO
262823,57564856,c62cb04038e4dc1c8c4289869343a181,92127264.0,1.0,4.19999981,f,1.4,30.0,REPROVADO
262824,57564856,679c140c591149567fb371703ba24cef,92127264.0,1.0,4.5999999,f,4.1,8.0,REPROVADO
262825,57564856,679c140c591149567fb371703ba24cef,92127264.0,2.0,3.79999995,f,4.1,8.0,REPROVADO
262826,57564856,679c140c591149567fb371703ba24cef,92127264.0,3.0,2.0999999,t,4.1,8.0,REPROVADO
262827,57564856,8b82771529bee06587d1941f7a41c0c1,92127264.0,1.0,4.099999899999999,f,4.4,58.0,REPROVADO POR MÉDIA E POR FALTAS
262828,57564856,8b82771529bee06587d1941f7a41c0c1,92127264.0,2.0,3.0,f,4.4,58.0,REPROVADO POR MÉDIA E POR FALTAS
262829,57564856,8b82771529bee06587d1941f7a41c0c1,92127264.0,3.0,6.0,f,4.4,58.0,REPROVADO POR MÉDIA E POR FALTAS
262830,57564856,00d23d8801e80f5326f9409bc1edee9b,92127264.0,1.0,2.5,f,3.2,16.0,REPROVADO
262831,57564856,00d23d8801e80f5326f9409bc1edee9b,92127264.0,2.0,2.20000005,t,3.2,16.0,REPROVADO
262832,57564856,00d23d8801e80f5326f9409bc1edee9b,92127264.0,3.0,4.5,f,3.2,16.0,REPROVADO
265229,57564853,46665a614e41672cc0e7ab15d2acacf1,92127264.0,1.0,10.0,f,10.0,8.0,APROVADO
265230,57564853,46665a614e41672cc0e7ab15d2acacf1,92127264.0,2.0,10.0,f,10.0,8.0,APROVADO
265231,57564853,46665a614e41672cc0e7ab15d2acacf1,92127264.0,3.0,10.0,f,10.0,8.0,APROVADO
265232,57564853,4b58b4318cda780dbdf8beae00ef24a6,92127264.0,1.0,10.0,f,9.0,10.0,APROVADO
265233,57564853,4b58b4318cda780dbdf8beae00ef24a6,92127264.0,2.0,10.0,f,9.0,10.0,APROVADO
265234,57564853,4b58b4318cda780dbdf8beae00ef24a6,92127264.0,3.0,7.0,f,9.0,10.0,APROVADO
265235,57564853,6a70ede0992cec29bc1d4290ebdc1a6c,92127264.0,2.0,3.70000005,f,5.6,14.0,APROVADO POR NOTA
265236,57564853,6a70ede0992cec29bc1d4290ebdc1a6c,92127264.0,3.0,7.0,f,5.6,14.0,APROVADO POR NOTA
265237,57564853,6a70ede0992cec29bc1d4290ebdc1a6c,92127264.0,1.0,3.5,t,5.6,14.0,APROVADO POR NOTA
265238,57564853,dc0b37a9d90ff2d54cb650d366bb9d1e,92127264.0,1.0,4.0,f,3.7,22.0,REPROVADO POR MÉDIA E POR FALTAS
265239,57564853,dc0b37a9d90ff2d54cb650d366bb9d1e,92127264.0,2.0,4.5999999,f,3.7,22.0,REPROVADO POR MÉDIA E POR FALTAS
265240,57564853,dc0b37a9d90ff2d54cb650d366bb9d1e,92127264.0,3.0,2.5,f,3.7,22.0,REPROVADO POR MÉDIA E POR FALTAS
265244,57564853,8d2a3b00a41279debf258bc6c6305205,92127264.0,2.0,10.0,f,8.8,12.0,APROVADO
265245,57564853,8d2a3b00a41279debf258bc6c6305205,92127264.0,3.0,7.5,f,8.8,12.0,APROVADO
265246,57564853,8d2a3b00a41279debf258bc6c6305205,92127264.0,1.0,9.0,f,8.8,12.0,APROVADO
265247,57564853,016b3e8d294936a422258b4ba1a7a785,92127264.0,1.0,4.0,f,6.8,6.0,APROVADO POR NOTA
265248,57564853,016b3e8d294936a422258b4ba1a7a785,92127264.0,2.0,8.80000019,f,6.8,6.0,APROVADO POR NOTA
265249,57564853,016b3e8d294936a422258b4ba1a7a785,92127264.0,3.0,7.5,f,6.8,6.0,APROVADO POR NOTA
265250,57564853,cde1db6a62885e1f4def0c4d142f92b6,92127264.0,1.0,7.5,f,7.0,14.0,APROVADO
265251,57564853,cde1db6a62885e1f4def0c4d142f92b6,92127264.0,2.0,5.5,f,7.0,14.0,APROVADO
265252,57564853,cde1db6a62885e1f4def0c4d142f92b6,92127264.0,3.0,8.0,f,7.0,14.0,APROVADO
265253,57564853,4120da6763c98152ecabdc8a07f4903d,92127264.0,1.0,0.0,f,3.5,20.0,REPROVADO POR MÉDIA E POR FALTAS
265254,57564853,4120da6763c98152ecabdc8a07f4903d,92127264.0,2.0,6.5,f,3.5,20.0,REPROVADO POR MÉDIA E POR FALTAS
265255,57564853,4120da6763c98152ecabdc8a07f4903d,92127264.0,3.0,4.0,f,3.5,20.0,REPROVADO POR MÉDIA E POR FALTAS
265256,57564853,5dac5cab88de4928bbc3095150f768ff,92127264.0,1.0,5.0,f,2.2,12.0,REPROVADO
265257,57564853,5dac5cab88de4928bbc3095150f768ff,92127264.0,2.0,1.0,f,2.2,12.0,REPROVADO
265258,57564853,5dac5cab88de4928bbc3095150f768ff,92127264.0,3.0,0.5,f,2.2,12.0,REPROVADO
265259,57564853,8704f185e8ae317c72ea205b466f1845,92127264.0,1.0,0.0,t,5.0,14.0,APROVADO POR NOTA
265260,57564853,8704f185e8ae317c72ea205b466f1845,92127264.0,2.0,4.0,f,5.0,14.0,APROVADO POR NOTA
265261,57564853,8704f185e8ae317c72ea205b466f1845,92127264.0,3.0,7.0,f,5.0,14.0,APROVADO POR NOTA
265262,57564853,b583f1c1e858b97a99e69e861aa23388,92127264.0,1.0,4.5,f,5.1,8.0,APROVADO POR NOTA
265263,57564853,b583f1c1e858b97a99e69e861aa23388,92127264.0,2.0,7.69999981,f,5.1,8.0,APROVADO POR NOTA
265264,57564853,b583f1c1e858b97a99e69e861aa23388,92127264.0,3.0,3.0,f,5.1,8.0,APROVADO POR NOTA
265265,57564853,c9e9fb6d34701e4b7c7ce48b0444c7fe,92127264.0,1.0,2.0,t,5.1,16.0,APROVADO POR NOTA
265266,57564853,c9e9fb6d34701e4b7c7ce48b0444c7fe,92127264.0,2.0,4.69999981,f,5.1,16.0,APROVADO POR NOTA
265267,57564853,c9e9fb6d34701e4b7c7ce48b0444c7fe,92127264.0,3.0,7.5,f,5.1,16.0,APROVADO POR NOTA
265268,57564853,7b0c9e446d13b6a8b66a1371984b673b,92127264.0,1.0,8.5,f,8.8,18.0,APROVADO
265269,57564853,7b0c9e446d13b6a8b66a1371984b673b,92127264.0,2.0,9.0,f,8.8,18.0,APROVADO
265270,57564853,7b0c9e446d13b6a8b66a1371984b673b,92127264.0,3.0,9.0,f,8.8,18.0,APROVADO
265271,57564853,51a920b9ab104a241c04fe06fcd5351d,92127264.0,1.0,0.0,f,1.3,18.0,REPROVADO
265272,57564853,51a920b9ab104a241c04fe06fcd5351d,92127264.0,2.0,4.0,f,1.3,18.0,REPROVADO
265273,57564853,51a920b9ab104a241c04fe06fcd5351d,92127264.0,3.0,0.0,f,1.3,18.0,REPROVADO
265274,57564853,a70e6e000686d82ad1d1a29ce75fab9f,92127264.0,2.0,10.0,f,9.8,6.0,APROVADO
265275,57564853,a70e6e000686d82ad1d1a29ce75fab9f,92127264.0,3.0,10.0,f,9.8,6.0,APROVADO
265276,57564853,a70e6e000686d82ad1d1a29ce75fab9f,92127264.0,1.0,9.5,f,9.8,6.0,APROVADO
265301,57564853,8336cceaf3e6275f4bd0611280702f1e,92127264.0,1.0,8.0,f,7.8,18.0,APROVADO
265302,57564853,8336cceaf3e6275f4bd0611280702f1e,92127264.0,2.0,5.5,f,7.8,18.0,APROVADO
265303,57564853,8336cceaf3e6275f4bd0611280702f1e,92127264.0,3.0,10.0,f,7.8,18.0,APROVADO
265304,57564853,dd91e13bd82ebee8ef7105c552ec10e9,92127264.0,1.0,7.5,f,6.3,10.0,APROVADO POR NOTA
265305,57564853,dd91e13bd82ebee8ef7105c552ec10e9,92127264.0,2.0,7.0,f,6.3,10.0,APROVADO POR NOTA
265306,57564853,dd91e13bd82ebee8ef7105c552ec10e9,92127264.0,3.0,4.5,f,6.3,10.0,APROVADO POR NOTA
265310,57564853,511d0df6f55de7f9c4818636b1535e02,92127264.0,1.0,6.0,f,7.2,16.0,APROVADO
265311,57564853,511d0df6f55de7f9c4818636b1535e02,92127264.0,2.0,8.0,f,7.2,16.0,APROVADO
265312,57564853,511d0df6f55de7f9c4818636b1535e02,92127264.0,3.0,7.5,f,7.2,16.0,APROVADO
265313,57564853,adbe26ddc8bc24ae4ea69b38868715eb,92127264.0,1.0,1.0,f,4.0,14.0,REPROVADO
265314,57564853,adbe26ddc8bc24ae4ea69b38868715eb,92127264.0,2.0,7.0,f,4.0,14.0,REPROVADO
265315,57564853,adbe26ddc8bc24ae4ea69b38868715eb,92127264.0,3.0,4.0,f,4.0,14.0,REPROVADO
265316,57564853,da437177e090ab90ea33ba772cfbae03,92127264.0,1.0,4.0,f,5.8,10.0,APROVADO POR NOTA
265317,57564853,da437177e090ab90ea33ba772cfbae03,92127264.0,2.0,7.0,f,5.8,10.0,APROVADO POR NOTA
265318,57564853,da437177e090ab90ea33ba772cfbae03,92127264.0,3.0,6.5,f,5.8,10.0,APROVADO POR NOTA
265654,57564862,876c9810d6f4b25797d73c942f55764e,92127264.0,1.0,5.5,f,8.5,0.0,APROVADO
265655,57564862,876c9810d6f4b25797d73c942f55764e,92127264.0,2.0,10.0,f,8.5,0.0,APROVADO
265656,57564862,876c9810d6f4b25797d73c942f55764e,92127264.0,3.0,10.0,f,8.5,0.0,APROVADO
265657,57564862,48bda966ddad288bba1f680237cdef70,92127264.0,1.0,9.0,f,9.5,0.0,APROVADO
265658,57564862,48bda966ddad288bba1f680237cdef70,92127264.0,2.0,10.0,f,9.5,0.0,APROVADO
265659,57564862,48bda966ddad288bba1f680237cdef70,92127264.0,3.0,9.5,f,9.5,0.0,APROVADO
265665,57564862,53890acbe28162acd131b308656482fc,92127264.0,1.0,8.5,f,5.5,0.0,APROVADO POR NOTA
265666,57564862,53890acbe28162acd131b308656482fc,92127264.0,2.0,3.0,f,5.5,0.0,APROVADO POR NOTA
265667,57564862,53890acbe28162acd131b308656482fc,92127264.0,3.0,5.0,f,5.5,0.0,APROVADO POR NOTA
265671,57564862,8b82771529bee06587d1941f7a41c0c1,92127264.0,1.0,9.0,f,7.8,0.0,APROVADO
265672,57564862,8b82771529bee06587d1941f7a41c0c1,92127264.0,2.0,7.5,f,7.8,0.0,APROVADO
265673,57564862,8b82771529bee06587d1941f7a41c0c1,92127264.0,3.0,7.0,f,7.8,0.0,APROVADO
265674,57564862,ed6dd81dc57277659b753343bbeddbd1,92127264.0,1.0,5.0,f,6.7,0.0,APROVADO POR NOTA
265675,57564862,ed6dd81dc57277659b753343bbeddbd1,92127264.0,2.0,5.0,f,6.7,0.0,APROVADO POR NOTA
265676,57564862,ed6dd81dc57277659b753343bbeddbd1,92127264.0,3.0,10.0,f,6.7,0.0,APROVADO POR NOTA
265678,57564862,dcb8f294bee8769bdfec88486911362f,92127264.0,1.0,4.5,f,5.0,0.0,APROVADO POR NOTA
265679,57564862,dcb8f294bee8769bdfec88486911362f,92127264.0,2.0,5.5,f,5.0,0.0,APROVADO POR NOTA
265680,57564862,dcb8f294bee8769bdfec88486911362f,92127264.0,3.0,5.0,f,5.0,0.0,APROVADO POR NOTA
265699,57564862,31e1be3720544f57f5061f094d215cee,92127264.0,1.0,0.0,f,0.0,0.0,REPROVADO
265700,57564862,31e1be3720544f57f5061f094d215cee,92127264.0,2.0,0.0,f,0.0,0.0,REPROVADO
265701,57564862,31e1be3720544f57f5061f094d215cee,92127264.0,3.0,0.0,f,0.0,0.0,REPROVADO
265702,57564862,69ad026fcf027c449e2f6b8f57865316,92127264.0,1.0,0.0,f,0.0,0.0,REPROVADO
265703,57564862,69ad026fcf027c449e2f6b8f57865316,92127264.0,2.0,0.0,f,0.0,0.0,REPROVADO
265704,57564862,69ad026fcf027c449e2f6b8f57865316,92127264.0,3.0,0.0,f,0.0,0.0,REPROVADO
265714,57564862,7654b9422f2d9d22dd627991a237eb39,92127264.0,1.0,4.0,f,5.2,0.0,APROVADO POR NOTA
265715,57564862,7654b9422f2d9d22dd627991a237eb39,92127264.0,2.0,3.0,f,5.2,0.0,APROVADO POR NOTA
265716,57564862,7654b9422f2d9d22dd627991a237eb39,92127264.0,3.0,8.5,f,5.2,0.0,APROVADO POR NOTA
265719,57564862,263337877cb5bbfb246858ae2ca2108e,92127264.0,1.0,6.0,f,7.5,0.0,APROVADO
265720,57564862,263337877cb5bbfb246858ae2ca2108e,92127264.0,2.0,6.5,f,7.5,0.0,APROVADO
265721,57564862,263337877cb5bbfb246858ae2ca2108e,92127264.0,3.0,10.0,f,7.5,0.0,APROVADO
265722,57564862,ad1723416caab97b96c630e262481742,92127264.0,1.0,3.0,f,5.5,0.0,APROVADO POR NOTA
265723,57564862,ad1723416caab97b96c630e262481742,92127264.0,2.0,8.5,f,5.5,0.0,APROVADO POR NOTA
265724,57564862,ad1723416caab97b96c630e262481742,92127264.0,3.0,5.0,f,5.5,0.0,APROVADO POR NOTA
267793,57565059,606187e0dfc21c1f377ad6df3a68e274,92127264.0,1.0,10.0,f,10.0,0.0,APROVADO
267794,57565059,606187e0dfc21c1f377ad6df3a68e274,92127264.0,2.0,10.0,f,10.0,0.0,APROVADO
267795,57565059,606187e0dfc21c1f377ad6df3a68e274,92127264.0,3.0,10.0,f,10.0,0.0,APROVADO
267799,57565059,83729736aa539851727de8ecb2c3529a,92127264.0,1.0,10.0,f,10.0,6.0,APROVADO
267800,57565059,83729736aa539851727de8ecb2c3529a,92127264.0,2.0,10.0,f,10.0,6.0,APROVADO
267801,57565059,83729736aa539851727de8ecb2c3529a,92127264.0,3.0,10.0,f,10.0,6.0,APROVADO
268402,57563900,f8177d63d1507a592ffc0d33db70a4f7,92127264.0,1.0,0.0,f,0.0,28.0,REPROVADO POR MÉDIA E POR FALTAS
268403,57563900,f8177d63d1507a592ffc0d33db70a4f7,92127264.0,2.0,0.0,f,0.0,28.0,REPROVADO POR MÉDIA E POR FALTAS
268404,57563900,f8177d63d1507a592ffc0d33db70a4f7,92127264.0,3.0,0.0,f,0.0,28.0,REPROVADO POR MÉDIA E POR FALTAS
268445,57563900,2f88ff7e6e0e58cb307f6e6c4dbd80e3,92127264.0,1.0,4.5,f,1.5,22.0,REPROVADO
268446,57563900,2f88ff7e6e0e58cb307f6e6c4dbd80e3,92127264.0,2.0,0.0,f,1.5,22.0,REPROVADO
268447,57563900,2f88ff7e6e0e58cb307f6e6c4dbd80e3,92127264.0,3.0,0.0,f,1.5,22.0,REPROVADO
273373,57572443,098328a35e4c60b120e4bb6b94c8a0f6,92127264.0,1.0,8.0,f,9.0,0.0,APROVADO
273374,57572443,098328a35e4c60b120e4bb6b94c8a0f6,92127264.0,2.0,10.0,f,9.0,0.0,APROVADO
273375,57572443,098328a35e4c60b120e4bb6b94c8a0f6,92127264.0,3.0,9.0,f,9.0,0.0,APROVADO
276346,57564843,dc0b37a9d90ff2d54cb650d366bb9d1e,92127264.0,1.0,3.0,f,2.7,26.0,REPROVADO
276347,57564843,dc0b37a9d90ff2d54cb650d366bb9d1e,92127264.0,2.0,3.0,f,2.7,26.0,REPROVADO
276348,57564843,dc0b37a9d90ff2d54cb650d366bb9d1e,92127264.0,3.0,2.0,f,2.7,26.0,REPROVADO
276349,57564843,a8e2e545c4b9385773d1fd98188f6f59,92127264.0,1.0,0.0,f,0.3,22.0,REPROVADO
276350,57564843,a8e2e545c4b9385773d1fd98188f6f59,92127264.0,2.0,1.0,f,0.3,22.0,REPROVADO
276351,57564843,a8e2e545c4b9385773d1fd98188f6f59,92127264.0,3.0,0.0,f,0.3,22.0,REPROVADO
276352,57564843,9d78bef9cf3602ea7e25f55cf79ae0db,92127264.0,1.0,6.5,f,6.0,13.0,APROVADO POR NOTA
276353,57564843,9d78bef9cf3602ea7e25f55cf79ae0db,92127264.0,2.0,6.0,f,6.0,13.0,APROVADO POR NOTA
276354,57564843,9d78bef9cf3602ea7e25f55cf79ae0db,92127264.0,3.0,5.5,f,6.0,13.0,APROVADO POR NOTA
276355,57564843,cc5a82144563d5e8cdab8202a1346345,92127264.0,0,0,0,0,0,TRANCADO
276356,57564843,b41962dbdf2c399278387568c820ac90,92127264.0,1.0,9.0,f,7.4,8.0,APROVADO
276357,57564843,b41962dbdf2c399278387568c820ac90,92127264.0,2.0,5.19999981,f,7.4,8.0,APROVADO
276358,57564843,b41962dbdf2c399278387568c820ac90,92127264.0,3.0,8.0,f,7.4,8.0,APROVADO
276359,57564843,21f431743a2e10ec0179a8f172a682a2,92127264.0,1.0,7.5,f,7.0,2.0,APROVADO
276360,57564843,21f431743a2e10ec0179a8f172a682a2,92127264.0,2.0,7.30000019,f,7.0,2.0,APROVADO
276361,57564843,21f431743a2e10ec0179a8f172a682a2,92127264.0,3.0,6.19999981,f,7.0,2.0,APROVADO
276362,57564843,a16ed96ee765c2ec436358814f6bc646,92127264.0,1.0,7.0,f,5.0,9.0,APROVADO POR NOTA
276363,57564843,a16ed96ee765c2ec436358814f6bc646,92127264.0,2.0,4.0,f,5.0,9.0,APROVADO POR NOTA
276364,57564843,a16ed96ee765c2ec436358814f6bc646,92127264.0,3.0,4.0,f,5.0,9.0,APROVADO POR NOTA
276365,57564843,ded1024a6672e20684cb73770364b4e4,92127264.0,1.0,1.0,f,0.3,48.0,REPROVADO POR MÉDIA E POR FALTAS
276366,57564843,ded1024a6672e20684cb73770364b4e4,92127264.0,2.0,0.0,f,0.3,48.0,REPROVADO POR MÉDIA E POR FALTAS
276367,57564843,ded1024a6672e20684cb73770364b4e4,92127264.0,3.0,0.0,f,0.3,48.0,REPROVADO POR MÉDIA E POR FALTAS
276368,57564843,71ded068ae396ef3bb21c15219c4906b,92127264.0,1.0,1.5,f,1.7,40.0,REPROVADO POR MÉDIA E POR FALTAS
276369,57564843,71ded068ae396ef3bb21c15219c4906b,92127264.0,2.0,3.5,f,1.7,40.0,REPROVADO POR MÉDIA E POR FALTAS
276370,57564843,71ded068ae396ef3bb21c15219c4906b,92127264.0,3.0,0.0,f,1.7,40.0,REPROVADO POR MÉDIA E POR FALTAS
276380,57564843,a8e0be6d1f80a287bc04c8b2aad01580,92127264.0,1.0,3.0,f,1.0,37.0,REPROVADO POR MÉDIA E POR FALTAS
276381,57564843,a8e0be6d1f80a287bc04c8b2aad01580,92127264.0,2.0,0.0,f,1.0,37.0,REPROVADO POR MÉDIA E POR FALTAS
276382,57564843,a8e0be6d1f80a287bc04c8b2aad01580,92127264.0,3.0,0.0,f,1.0,37.0,REPROVADO POR MÉDIA E POR FALTAS
276386,57564843,15f5e1533bd363c766d01f75ebcbe2b7,92127264.0,1.0,4.5,f,1.8,29.0,REPROVADO POR MÉDIA E POR FALTAS
276387,57564843,15f5e1533bd363c766d01f75ebcbe2b7,92127264.0,2.0,1.0,f,1.8,29.0,REPROVADO POR MÉDIA E POR FALTAS
276388,57564843,15f5e1533bd363c766d01f75ebcbe2b7,92127264.0,3.0,0.0,f,1.8,29.0,REPROVADO POR MÉDIA E POR FALTAS
276389,57564843,774568ed670a68e9c07da231310e3ab9,92127264.0,1.0,3.0,f,1.2,14.0,REPROVADO
276390,57564843,774568ed670a68e9c07da231310e3ab9,92127264.0,2.0,0.5,f,1.2,14.0,REPROVADO
276391,57564843,774568ed670a68e9c07da231310e3ab9,92127264.0,3.0,0.0,f,1.2,14.0,REPROVADO
276392,57564843,4f6604e9e784dfcc5d63db809178681e,92127264.0,1.0,6.5,f,5.8,15.0,APROVADO POR NOTA
276393,57564843,4f6604e9e784dfcc5d63db809178681e,92127264.0,2.0,7.80000019,f,5.8,15.0,APROVADO POR NOTA
276394,57564843,4f6604e9e784dfcc5d63db809178681e,92127264.0,3.0,0.5,t,5.8,15.0,APROVADO POR NOTA
276395,57564843,01520db6ce2ca85f5b119463328ccb93,92127264.0,1.0,3.5,t,5.3,12.0,APROVADO POR NOTA
276396,57564843,01520db6ce2ca85f5b119463328ccb93,92127264.0,2.0,6.0,f,5.3,12.0,APROVADO POR NOTA
276397,57564843,01520db6ce2ca85f5b119463328ccb93,92127264.0,3.0,4.0,f,5.3,12.0,APROVADO POR NOTA
276398,57564843,ccece052e4da7294d46957f07a89a077,92127264.0,1.0,0.5,f,0.2,28.0,REPROVADO POR MÉDIA E POR FALTAS
276399,57564843,ccece052e4da7294d46957f07a89a077,92127264.0,2.0,0.0,f,0.2,28.0,REPROVADO POR MÉDIA E POR FALTAS
276400,57564843,ccece052e4da7294d46957f07a89a077,92127264.0,3.0,0.0,f,0.2,28.0,REPROVADO POR MÉDIA E POR FALTAS
276407,57564843,e639c98e60d144e5e09c905411601dc4,92127264.0,0,0,0,0,0,TRANCADO
276408,57564843,240d89786f849e37a4d06809e635fa47,92127264.0,1.0,0.0,f,1.1,22.0,REPROVADO
276409,57564843,240d89786f849e37a4d06809e635fa47,92127264.0,2.0,3.20000005,f,1.1,22.0,REPROVADO
276410,57564843,240d89786f849e37a4d06809e635fa47,92127264.0,3.0,0.0,f,1.1,22.0,REPROVADO
276411,57564843,d7d8b8da956d726a0c4b65a49a8dfffd,92127264.0,1.0,1.0,f,0.8,16.0,REPROVADO
276412,57564843,d7d8b8da956d726a0c4b65a49a8dfffd,92127264.0,2.0,1.29999995,f,0.8,16.0,REPROVADO
276413,57564843,d7d8b8da956d726a0c4b65a49a8dfffd,92127264.0,3.0,0.0,f,0.8,16.0,REPROVADO
278309,57566734,d2ebea0c1ebded5adcf2e6eb2d919b9a,92127264.0,1.0,10.0,f,10.0,7.0,APROVADO
278310,57566734,d2ebea0c1ebded5adcf2e6eb2d919b9a,92127264.0,2.0,10.0,f,10.0,7.0,APROVADO
278311,57566734,d2ebea0c1ebded5adcf2e6eb2d919b9a,92127264.0,3.0,10.0,f,10.0,7.0,APROVADO
278312,57566734,098328a35e4c60b120e4bb6b94c8a0f6,92127264.0,1.0,6.69999981,f,6.2,12.0,APROVADO POR NOTA
278313,57566734,098328a35e4c60b120e4bb6b94c8a0f6,92127264.0,2.0,5.80000019,f,6.2,12.0,APROVADO POR NOTA
278314,57566734,098328a35e4c60b120e4bb6b94c8a0f6,92127264.0,3.0,6.0999999,f,6.2,12.0,APROVADO POR NOTA
278315,57566734,cb75f724561edc0a0a2be38dfe95322c,92127264.0,1.0,5.4000001,f,6.4,20.0,APROVADO POR NOTA
278316,57566734,cb75f724561edc0a0a2be38dfe95322c,92127264.0,2.0,8.0,f,6.4,20.0,APROVADO POR NOTA
278317,57566734,cb75f724561edc0a0a2be38dfe95322c,92127264.0,3.0,5.9000001,f,6.4,20.0,APROVADO POR NOTA
278318,57566734,5a5d94d46b85d1bec85b6a0b0a0b826b,92127264.0,1.0,8.10000038,f,7.3,22.0,APROVADO
278319,57566734,5a5d94d46b85d1bec85b6a0b0a0b826b,92127264.0,2.0,7.30000019,f,7.3,22.0,APROVADO
278320,57566734,5a5d94d46b85d1bec85b6a0b0a0b826b,92127264.0,3.0,6.4000001,f,7.3,22.0,APROVADO
278321,57566734,a9d5358e13241d1fc953196fa2983412,92127264.0,1.0,7.5,f,5.6,23.0,APROVADO POR NOTA
278322,57566734,a9d5358e13241d1fc953196fa2983412,92127264.0,2.0,3.0999999,f,5.6,23.0,APROVADO POR NOTA
278323,57566734,a9d5358e13241d1fc953196fa2983412,92127264.0,3.0,6.19999981,f,5.6,23.0,APROVADO POR NOTA
282752,57563821,d2ebea0c1ebded5adcf2e6eb2d919b9a,92127264.0,1.0,10.0,f,10.0,4.0,APROVADO
282753,57563821,d2ebea0c1ebded5adcf2e6eb2d919b9a,92127264.0,2.0,9.89999962,f,10.0,4.0,APROVADO
282754,57563821,d2ebea0c1ebded5adcf2e6eb2d919b9a,92127264.0,3.0,10.0,f,10.0,4.0,APROVADO
284961,57564806,d807467fd515eb5b5cc6da462f4d8625,92127264.0,1.0,7.5,f,7.5,0.0,APROVADO
284962,57564806,d807467fd515eb5b5cc6da462f4d8625,92127264.0,2.0,7.80000019,f,7.5,0.0,APROVADO
284963,57564806,d807467fd515eb5b5cc6da462f4d8625,92127264.0,3.0,7.30000019,f,7.5,0.0,APROVADO
284964,57564806,15f5e1533bd363c766d01f75ebcbe2b7,92127264.0,1.0,6.0,f,5.4,14.0,APROVADO POR NOTA
284965,57564806,15f5e1533bd363c766d01f75ebcbe2b7,92127264.0,2.0,2.29999995,t,5.4,14.0,APROVADO POR NOTA
284966,57564806,15f5e1533bd363c766d01f75ebcbe2b7,92127264.0,3.0,3.79999995,f,5.4,14.0,APROVADO POR NOTA
284967,57564806,b554a7595a1fc91654a00f846c41dc6f,92127264.0,1.0,10.0,f,7.9,4.0,APROVADO
284968,57564806,b554a7595a1fc91654a00f846c41dc6f,92127264.0,2.0,4.80000019,f,7.9,4.0,APROVADO
284969,57564806,b554a7595a1fc91654a00f846c41dc6f,92127264.0,3.0,9.0,f,7.9,4.0,APROVADO
284970,57564806,5ff2a17b3e44f4ad386b87374a841675,92127264.0,1.0,1.0,f,0.3,14.0,REPROVADO
284971,57564806,5ff2a17b3e44f4ad386b87374a841675,92127264.0,2.0,0.0,f,0.3,14.0,REPROVADO
284972,57564806,5ff2a17b3e44f4ad386b87374a841675,92127264.0,3.0,0.0,f,0.3,14.0,REPROVADO
284973,57564806,a86542bd8fc9e6e665e4897c20b8ff95,92127264.0,1.0,5.5,f,6.5,4.0,APROVADO POR NOTA
284974,57564806,a86542bd8fc9e6e665e4897c20b8ff95,92127264.0,2.0,7.0,f,6.5,4.0,APROVADO POR NOTA
284975,57564806,a86542bd8fc9e6e665e4897c20b8ff95,92127264.0,3.0,7.099999900000001,f,6.5,4.0,APROVADO POR NOTA
284976,57564806,ded1024a6672e20684cb73770364b4e4,92127264.0,0,0,0,0,0,TRANCADO
284986,57564806,2611cfc63edfc0980b1925fd819ec700,92127264.0,1.0,0.0,f,0.0,36.0,REPROVADO POR MÉDIA E POR FALTAS
284987,57564806,2611cfc63edfc0980b1925fd819ec700,92127264.0,2.0,0.0,f,0.0,36.0,REPROVADO POR MÉDIA E POR FALTAS
284988,57564806,2611cfc63edfc0980b1925fd819ec700,92127264.0,3.0,0.0,f,0.0,36.0,REPROVADO POR MÉDIA E POR FALTAS
284993,57564806,01bec0a9416e21c139c4b5e8e4b00394,92127264.0,1.0,0.0,f,0.0,26.0,REPROVADO POR MÉDIA E POR FALTAS
284994,57564806,01bec0a9416e21c139c4b5e8e4b00394,92127264.0,2.0,0.0,f,0.0,26.0,REPROVADO POR MÉDIA E POR FALTAS
284995,57564806,01bec0a9416e21c139c4b5e8e4b00394,92127264.0,3.0,0.0,f,0.0,26.0,REPROVADO POR MÉDIA E POR FALTAS
284996,57564806,a2b2ef559d7913f7f419197a1beb2e8c,92127264.0,1.0,8.80000019,f,9.0,4.0,APROVADO
284997,57564806,a2b2ef559d7913f7f419197a1beb2e8c,92127264.0,2.0,8.80000019,f,9.0,4.0,APROVADO
284998,57564806,a2b2ef559d7913f7f419197a1beb2e8c,92127264.0,3.0,9.5,f,9.0,4.0,APROVADO
285002,57564806,fd3e47920988063d44319fa2c8d373da,92127264.0,1.0,6.30000019,f,2.5,6.0,REPROVADO
285003,57564806,fd3e47920988063d44319fa2c8d373da,92127264.0,2.0,1.29999995,f,2.5,6.0,REPROVADO
285004,57564806,fd3e47920988063d44319fa2c8d373da,92127264.0,3.0,0.0,f,2.5,6.0,REPROVADO
285005,57564806,cb8985e7e20a68f82f3229c857a2221c,92127264.0,0,0,0,0,0,TRANCADO
285006,57564806,240d89786f849e37a4d06809e635fa47,92127264.0,1.0,0.0,f,0.0,34.0,REPROVADO POR MÉDIA E POR FALTAS
285007,57564806,240d89786f849e37a4d06809e635fa47,92127264.0,2.0,0.0,f,0.0,34.0,REPROVADO POR MÉDIA E POR FALTAS
285008,57564806,240d89786f849e37a4d06809e635fa47,92127264.0,3.0,0.0,f,0.0,34.0,REPROVADO POR MÉDIA E POR FALTAS
285009,57564806,a8e2e545c4b9385773d1fd98188f6f59,92127264.0,1.0,6.30000019,f,6.9,10.0,APROVADO POR NOTA
285010,57564806,a8e2e545c4b9385773d1fd98188f6f59,92127264.0,2.0,6.30000019,f,6.9,10.0,APROVADO POR NOTA
285011,57564806,a8e2e545c4b9385773d1fd98188f6f59,92127264.0,3.0,8.0,f,6.9,10.0,APROVADO POR NOTA
285012,57564806,b0febe58ff9dea32f4c25d7cfe37920b,92127264.0,1.0,10.0,f,9.7,2.0,APROVADO
285013,57564806,b0febe58ff9dea32f4c25d7cfe37920b,92127264.0,2.0,9.60000038,f,9.7,2.0,APROVADO
285014,57564806,b0febe58ff9dea32f4c25d7cfe37920b,92127264.0,3.0,9.5,f,9.7,2.0,APROVADO
285015,57564806,736b02f7e21fadd7be4b5e2c8e3220cc,92127264.0,1.0,9.30000019,f,8.5,12.0,APROVADO
285016,57564806,736b02f7e21fadd7be4b5e2c8e3220cc,92127264.0,2.0,8.10000038,f,8.5,12.0,APROVADO
285017,57564806,736b02f7e21fadd7be4b5e2c8e3220cc,92127264.0,3.0,8.0,f,8.5,12.0,APROVADO
285018,57564806,d26ea439ed2a5db2fe5c0a5e1a6dfc16,92127264.0,1.0,1.0,f,0.3,12.0,REPROVADO
285019,57564806,d26ea439ed2a5db2fe5c0a5e1a6dfc16,92127264.0,2.0,0.0,f,0.3,12.0,REPROVADO
285020,57564806,d26ea439ed2a5db2fe5c0a5e1a6dfc16,92127264.0,3.0,0.0,f,0.3,12.0,REPROVADO
285021,57564806,fd6dc7aa91317652835ab7557a5e09ea,92127264.0,1.0,7.5,f,6.0,14.0,APROVADO POR NOTA
285022,57564806,fd6dc7aa91317652835ab7557a5e09ea,92127264.0,2.0,3.5,f,6.0,14.0,APROVADO POR NOTA
285023,57564806,fd6dc7aa91317652835ab7557a5e09ea,92127264.0,3.0,7.0,f,6.0,14.0,APROVADO POR NOTA
285136,57564823,a8e2e545c4b9385773d1fd98188f6f59,92127264.0,1.0,9.60000038,f,8.1,0.0,APROVADO
285137,57564823,a8e2e545c4b9385773d1fd98188f6f59,92127264.0,2.0,6.80000019,f,8.1,0.0,APROVADO
285138,57564823,a8e2e545c4b9385773d1fd98188f6f59,92127264.0,3.0,8.0,f,8.1,0.0,APROVADO
285139,57564823,a86542bd8fc9e6e665e4897c20b8ff95,92127264.0,1.0,6.80000019,f,7.6,0.0,APROVADO
285140,57564823,a86542bd8fc9e6e665e4897c20b8ff95,92127264.0,2.0,9.0,f,7.6,0.0,APROVADO
285141,57564823,a86542bd8fc9e6e665e4897c20b8ff95,92127264.0,3.0,7.099999900000001,f,7.6,0.0,APROVADO
285143,57564823,b0febe58ff9dea32f4c25d7cfe37920b,92127264.0,1.0,10.0,f,9.8,0.0,APROVADO
285144,57564823,b0febe58ff9dea32f4c25d7cfe37920b,92127264.0,2.0,10.0,f,9.8,0.0,APROVADO
285145,57564823,b0febe58ff9dea32f4c25d7cfe37920b,92127264.0,3.0,9.5,f,9.8,0.0,APROVADO
285146,57564823,2611cfc63edfc0980b1925fd819ec700,92127264.0,1.0,1.0,f,0.3,0.0,REPROVADO
285147,57564823,2611cfc63edfc0980b1925fd819ec700,92127264.0,2.0,0.0,f,0.3,0.0,REPROVADO
285148,57564823,2611cfc63edfc0980b1925fd819ec700,92127264.0,3.0,0.0,f,0.3,0.0,REPROVADO
285149,57564823,ded1024a6672e20684cb73770364b4e4,92127264.0,0,0,0,0,0,TRANCADO
285153,57564823,a2b2ef559d7913f7f419197a1beb2e8c,92127264.0,1.0,8.5,f,8.2,0.0,APROVADO
285154,57564823,a2b2ef559d7913f7f419197a1beb2e8c,92127264.0,2.0,6.5,f,8.2,0.0,APROVADO
285155,57564823,a2b2ef559d7913f7f419197a1beb2e8c,92127264.0,3.0,9.5,f,8.2,0.0,APROVADO
285156,57564823,c62cb04038e4dc1c8c4289869343a181,92127264.0,0,0,0,0,0,DESISTENCIA
285160,57564823,1235a9301fcee8edf5d74e0f0f2df292,92127264.0,1.0,2.0999999,f,0.9,0.0,REPROVADO
285161,57564823,1235a9301fcee8edf5d74e0f0f2df292,92127264.0,2.0,0.5,f,0.9,0.0,REPROVADO
285162,57564823,1235a9301fcee8edf5d74e0f0f2df292,92127264.0,3.0,0.0,f,0.9,0.0,REPROVADO
285163,57564823,8a8878d0e0f3adde0d8da2b9491942a8,92127264.0,1.0,7.0,f,2.3,0.0,REPROVADO
285164,57564823,8a8878d0e0f3adde0d8da2b9491942a8,92127264.0,2.0,0.0,f,2.3,0.0,REPROVADO
285165,57564823,8a8878d0e0f3adde0d8da2b9491942a8,92127264.0,3.0,0.0,f,2.3,0.0,REPROVADO
285169,57564823,b554a7595a1fc91654a00f846c41dc6f,92127264.0,1.0,10.0,f,9.7,0.0,APROVADO
285170,57564823,b554a7595a1fc91654a00f846c41dc6f,92127264.0,2.0,10.0,f,9.7,0.0,APROVADO
285171,57564823,b554a7595a1fc91654a00f846c41dc6f,92127264.0,3.0,9.0,f,9.7,0.0,APROVADO
285172,57564823,fd3e47920988063d44319fa2c8d373da,92127264.0,1.0,5.5999999,f,1.9,0.0,REPROVADO
285173,57564823,fd3e47920988063d44319fa2c8d373da,92127264.0,2.0,0.0,f,1.9,0.0,REPROVADO
285174,57564823,fd3e47920988063d44319fa2c8d373da,92127264.0,3.0,0.0,f,1.9,0.0,REPROVADO
285175,57564823,d807467fd515eb5b5cc6da462f4d8625,92127264.0,1.0,5.0,f,6.4,0.0,APROVADO POR NOTA
285176,57564823,d807467fd515eb5b5cc6da462f4d8625,92127264.0,2.0,8.0,f,6.4,0.0,APROVADO POR NOTA
285177,57564823,d807467fd515eb5b5cc6da462f4d8625,92127264.0,3.0,6.30000019,f,6.4,0.0,APROVADO POR NOTA
285178,57564823,d26ea439ed2a5db2fe5c0a5e1a6dfc16,92127264.0,1.0,0.0,f,0.0,0.0,REPROVADO
285179,57564823,d26ea439ed2a5db2fe5c0a5e1a6dfc16,92127264.0,2.0,0.0,f,0.0,0.0,REPROVADO
285180,57564823,d26ea439ed2a5db2fe5c0a5e1a6dfc16,92127264.0,3.0,0.0,f,0.0,0.0,REPROVADO
285181,57564823,15f5e1533bd363c766d01f75ebcbe2b7,92127264.0,3.0,3.79999995,f,6.6,0.0,APROVADO POR NOTA
285182,57564823,15f5e1533bd363c766d01f75ebcbe2b7,92127264.0,1.0,9.5,f,6.6,0.0,APROVADO POR NOTA
285183,57564823,15f5e1533bd363c766d01f75ebcbe2b7,92127264.0,2.0,0.5,t,6.6,0.0,APROVADO POR NOTA
290321,57564835,606187e0dfc21c1f377ad6df3a68e274,92127264.0,1.0,10.0,f,8.3,2.0,APROVADO
290322,57564835,606187e0dfc21c1f377ad6df3a68e274,92127264.0,2.0,7.0,f,8.3,2.0,APROVADO
290323,57564835,606187e0dfc21c1f377ad6df3a68e274,92127264.0,3.0,8.0,f,8.3,2.0,APROVADO
290324,57564835,c6e6b75a1e8fb3912dc281802313a782,92127264.0,0,0,0,0,0,TRANCADO
290325,57564835,334129f757f0dc0039f8b8ed9a818050,92127264.0,0,0,0,0,0,TRANCADO
291306,57566676,9d8dcee687180154493648b599a313c3,92127264.0,1.0,10.0,f,9.2,14.0,APROVADO
291307,57566676,9d8dcee687180154493648b599a313c3,92127264.0,2.0,8.5,f,9.2,14.0,APROVADO
291308,57566676,9d8dcee687180154493648b599a313c3,92127264.0,3.0,9.0,f,9.2,14.0,APROVADO
291366,57566676,9d8dcee687180154493648b599a313c3,92127264.0,1.0,10.0,f,9.2,14.0,APROVADO
291367,57566676,9d8dcee687180154493648b599a313c3,92127264.0,2.0,8.5,f,9.2,14.0,APROVADO
291368,57566676,9d8dcee687180154493648b599a313c3,92127264.0,3.0,9.0,f,9.2,14.0,APROVADO
294103,57566710,fdf1f636486a3ad1d7bd6cc303c6c32a,92127264.0,1.0,10.0,f,10.0,2.0,APROVADO
294104,57566710,fdf1f636486a3ad1d7bd6cc303c6c32a,92127264.0,2.0,10.0,f,10.0,2.0,APROVADO
294105,57566710,fdf1f636486a3ad1d7bd6cc303c6c32a,92127264.0,3.0,10.0,f,10.0,2.0,APROVADO
294106,57566710,40846f2f09da1435f6eb303ce9d0d768,92127264.0,1.0,5.0,f,7.3,4.0,APROVADO
294107,57566710,40846f2f09da1435f6eb303ce9d0d768,92127264.0,2.0,8.0,f,7.3,4.0,APROVADO
294108,57566710,40846f2f09da1435f6eb303ce9d0d768,92127264.0,3.0,9.0,f,7.3,4.0,APROVADO
294109,57566710,9f2893d97c3dc2cf63f5501959e73bed,92127264.0,1.0,9.5,f,6.3,6.0,APROVADO POR NOTA
294110,57566710,9f2893d97c3dc2cf63f5501959e73bed,92127264.0,2.0,3.0,f,6.3,6.0,APROVADO POR NOTA
294111,57566710,9f2893d97c3dc2cf63f5501959e73bed,92127264.0,3.0,6.5,f,6.3,6.0,APROVADO POR NOTA
294112,57566710,8adfd36bd28efb815197f6837af8b2b9,92127264.0,1.0,3.5,f,7.2,12.0,APROVADO
294113,57566710,8adfd36bd28efb815197f6837af8b2b9,92127264.0,2.0,9.0,f,7.2,12.0,APROVADO
294114,57566710,8adfd36bd28efb815197f6837af8b2b9,92127264.0,3.0,9.0,f,7.2,12.0,APROVADO
294115,57566710,00bd67a601192f51da746e41e60815c7,92127264.0,1.0,8.0,f,8.2,12.0,APROVADO
294116,57566710,00bd67a601192f51da746e41e60815c7,92127264.0,2.0,9.69999981,f,8.2,12.0,APROVADO
294117,57566710,00bd67a601192f51da746e41e60815c7,92127264.0,3.0,7.0,f,8.2,12.0,APROVADO
294126,57566710,63e97bc77196994b439cb853cea9d42d,92127264.0,1.0,3.0,f,5.8,8.0,APROVADO POR NOTA
294127,57566710,63e97bc77196994b439cb853cea9d42d,92127264.0,2.0,8.30000019,f,5.8,8.0,APROVADO POR NOTA
294128,57566710,63e97bc77196994b439cb853cea9d42d,92127264.0,3.0,6.0,f,5.8,8.0,APROVADO POR NOTA
294129,57566710,098328a35e4c60b120e4bb6b94c8a0f6,92127264.0,1.0,9.80000019,f,9.6,8.0,APROVADO
294130,57566710,098328a35e4c60b120e4bb6b94c8a0f6,92127264.0,2.0,10.0,f,9.6,8.0,APROVADO
294131,57566710,098328a35e4c60b120e4bb6b94c8a0f6,92127264.0,3.0,9.0,f,9.6,8.0,APROVADO
294138,57566710,b0e148daf401068c1b47be520d5bb181,92127264.0,1.0,3.0,f,5.5,8.0,APROVADO POR NOTA
294139,57566710,b0e148daf401068c1b47be520d5bb181,92127264.0,2.0,4.5,f,5.5,8.0,APROVADO POR NOTA
294140,57566710,b0e148daf401068c1b47be520d5bb181,92127264.0,3.0,9.0,f,5.5,8.0,APROVADO POR NOTA
294141,57566710,c6e6b75a1e8fb3912dc281802313a782,92127264.0,1.0,8.5,f,8.1,10.0,APROVADO
294142,57566710,c6e6b75a1e8fb3912dc281802313a782,92127264.0,2.0,9.30000019,f,8.1,10.0,APROVADO
294143,57566710,c6e6b75a1e8fb3912dc281802313a782,92127264.0,3.0,6.5,f,8.1,10.0,APROVADO
294147,57566710,8d2a3b00a41279debf258bc6c6305205,92127264.0,1.0,9.0,f,8.2,2.0,APROVADO
294148,57566710,8d2a3b00a41279debf258bc6c6305205,92127264.0,2.0,9.0,f,8.2,2.0,APROVADO
294149,57566710,8d2a3b00a41279debf258bc6c6305205,92127264.0,3.0,6.5,f,8.2,2.0,APROVADO
294430,57564871,46665a614e41672cc0e7ab15d2acacf1,92127264.0,1.0,10.0,f,9.8,8.0,APROVADO
294431,57564871,46665a614e41672cc0e7ab15d2acacf1,92127264.0,2.0,9.5,f,9.8,8.0,APROVADO
294432,57564871,46665a614e41672cc0e7ab15d2acacf1,92127264.0,3.0,10.0,f,9.8,8.0,APROVADO
294433,57564871,7b0c9e446d13b6a8b66a1371984b673b,92127264.0,1.0,0.0,f,0.0,68.0,REPROVADO POR MÉDIA E POR FALTAS
294434,57564871,7b0c9e446d13b6a8b66a1371984b673b,92127264.0,2.0,0.0,f,0.0,68.0,REPROVADO POR MÉDIA E POR FALTAS
294435,57564871,7b0c9e446d13b6a8b66a1371984b673b,92127264.0,3.0,0.0,f,0.0,68.0,REPROVADO POR MÉDIA E POR FALTAS
294436,57564871,c938ce1450afa6b33916d0fcf5dcc617,92127264.0,1.0,0.0,f,0.0,68.0,REPROVADO POR MÉDIA E POR FALTAS
294437,57564871,c938ce1450afa6b33916d0fcf5dcc617,92127264.0,2.0,0.0,f,0.0,68.0,REPROVADO POR MÉDIA E POR FALTAS
294438,57564871,c938ce1450afa6b33916d0fcf5dcc617,92127264.0,3.0,0.0,f,0.0,68.0,REPROVADO POR MÉDIA E POR FALTAS
295856,57565060,ab6ebb084c9eb8a5889596424523e77d,92127264.0,1.0,9.69999981,f,9.5,8.0,APROVADO
295857,57565060,ab6ebb084c9eb8a5889596424523e77d,92127264.0,2.0,10.0,f,9.5,8.0,APROVADO
295858,57565060,ab6ebb084c9eb8a5889596424523e77d,92127264.0,3.0,8.69999981,f,9.5,8.0,APROVADO
295859,57565060,bf826f6b7f8f02ec7913a727a55e9cbc,92127264.0,1.0,8.69999981,f,8.9,0.0,APROVADO
295860,57565060,bf826f6b7f8f02ec7913a727a55e9cbc,92127264.0,2.0,9.80000019,f,8.9,0.0,APROVADO
295861,57565060,bf826f6b7f8f02ec7913a727a55e9cbc,92127264.0,3.0,8.30000019,f,8.9,0.0,APROVADO
295862,57565060,25d2bd21cd76c59793f8a006c03cf6b9,92127264.0,1.0,8.39999962,f,8.4,6.0,APROVADO
295863,57565060,25d2bd21cd76c59793f8a006c03cf6b9,92127264.0,2.0,9.10000038,f,8.4,6.0,APROVADO
295864,57565060,25d2bd21cd76c59793f8a006c03cf6b9,92127264.0,3.0,7.80000019,f,8.4,6.0,APROVADO
295865,57565060,d624069cd2691821d497421eae79b0bc,92127264.0,1.0,9.0,f,8.9,18.0,APROVADO
295866,57565060,d624069cd2691821d497421eae79b0bc,92127264.0,2.0,9.60000038,f,8.9,18.0,APROVADO
295867,57565060,d624069cd2691821d497421eae79b0bc,92127264.0,3.0,8.19999981,f,8.9,18.0,APROVADO
296031,57565217,1f099e921bfb020536f9b11bdc2d5f52,92127264.0,1.0,5.4000001,f,5.8,0.0,APROVADO POR NOTA
296032,57565217,1f099e921bfb020536f9b11bdc2d5f52,92127264.0,2.0,6.0999999,f,5.8,0.0,APROVADO POR NOTA
296033,57565217,fd6dc7aa91317652835ab7557a5e09ea,92127264.0,0,0,0,0,0,DESISTENCIA
296034,57565217,631223ebc95c49b6bbc8aacf2119f931,92127264.0,1.0,8.0,f,7.4,0.0,APROVADO
296035,57565217,631223ebc95c49b6bbc8aacf2119f931,92127264.0,2.0,6.69999981,f,7.4,0.0,APROVADO
296036,57565217,69b640cae50edc4b348f31f601e2bd3f,92127264.0,1.0,8.0,f,7.4,0.0,APROVADO
296037,57565217,69b640cae50edc4b348f31f601e2bd3f,92127264.0,2.0,6.80000019,f,7.4,0.0,APROVADO
296038,57565217,c67b909fd2d5f5181bc031915f7d6554,92127264.0,1.0,7.69999981,f,6.9,0.0,APROVADO POR NOTA
296039,57565217,c67b909fd2d5f5181bc031915f7d6554,92127264.0,2.0,6.0999999,f,6.9,0.0,APROVADO POR NOTA
296043,57565217,32daafffbc274ee74e2c8ea9f9b792a6,92127264.0,1.0,7.80000019,f,7.6,0.0,APROVADO
296044,57565217,32daafffbc274ee74e2c8ea9f9b792a6,92127264.0,2.0,7.400000099999999,f,7.6,0.0,APROVADO
296047,57565217,ab6ebb084c9eb8a5889596424523e77d,92127264.0,1.0,8.60000038,f,7.7,0.0,APROVADO
296048,57565217,ab6ebb084c9eb8a5889596424523e77d,92127264.0,2.0,6.69999981,f,7.7,0.0,APROVADO
306832,57572025,b583f1c1e858b97a99e69e861aa23388,92127264.0,1.0,3.5999999,t,5.0,2.0,APROVADO POR NOTA
306833,57572025,b583f1c1e858b97a99e69e861aa23388,92127264.0,2.0,4.099999899999999,f,5.0,2.0,APROVADO POR NOTA
306834,57572025,9fab264022905965335b7bc3964f7ed1,92127264.0,1.0,8.5,f,8.4,2.0,APROVADO
306835,57572025,9fab264022905965335b7bc3964f7ed1,92127264.0,2.0,8.30000019,f,8.4,2.0,APROVADO
306836,57572025,bf826f6b7f8f02ec7913a727a55e9cbc,92127264.0,1.0,9.10000038,f,9.0,0.0,APROVADO
306837,57572025,bf826f6b7f8f02ec7913a727a55e9cbc,92127264.0,2.0,8.89999962,f,9.0,0.0,APROVADO
306839,57572025,9ccc835c11435f84fb470fdce184ce0e,92127264.0,1.0,0.0,f,0.0,0.0,TRANCADO
306840,57572025,9ccc835c11435f84fb470fdce184ce0e,92127264.0,2.0,0.0,f,0.0,0.0,TRANCADO
306841,57572025,d36d1367896c368db57dcf923798f446,92127264.0,1.0,0.0,f,0.0,26.0,REPROVADO POR MÉDIA E POR FALTAS
306842,57572025,d36d1367896c368db57dcf923798f446,92127264.0,2.0,0.0,f,0.0,26.0,REPROVADO POR MÉDIA E POR FALTAS
308134,57566695,abaac7a4a42d03417f81b1455442607a,92127264.0,1.0,7.599999900000001,f,5.8,17.0,APROVADO POR NOTA
308135,57566695,abaac7a4a42d03417f81b1455442607a,92127264.0,2.0,5.5,f,5.8,17.0,APROVADO POR NOTA
308136,57566695,abaac7a4a42d03417f81b1455442607a,92127264.0,3.0,0.0,t,5.8,17.0,APROVADO POR NOTA
308137,57566695,7571ec1db03f11e42635430e58b95cee,92127264.0,1.0,4.9000001,f,5.6,13.0,APROVADO POR NOTA
308138,57566695,7571ec1db03f11e42635430e58b95cee,92127264.0,2.0,6.19999981,f,5.6,13.0,APROVADO POR NOTA
308139,57566695,7571ec1db03f11e42635430e58b95cee,92127264.0,3.0,5.5999999,f,5.6,13.0,APROVADO POR NOTA
308140,57566695,098328a35e4c60b120e4bb6b94c8a0f6,92127264.0,1.0,7.0,f,6.6,7.0,APROVADO POR NOTA
308141,57566695,098328a35e4c60b120e4bb6b94c8a0f6,92127264.0,2.0,6.900000099999999,f,6.6,7.0,APROVADO POR NOTA
308142,57566695,098328a35e4c60b120e4bb6b94c8a0f6,92127264.0,3.0,5.80000019,f,6.6,7.0,APROVADO POR NOTA
308146,57566695,5a5d94d46b85d1bec85b6a0b0a0b826b,92127264.0,1.0,6.30000019,f,5.3,17.0,APROVADO POR NOTA
308147,57566695,5a5d94d46b85d1bec85b6a0b0a0b826b,92127264.0,2.0,6.19999981,f,5.3,17.0,APROVADO POR NOTA
308148,57566695,5a5d94d46b85d1bec85b6a0b0a0b826b,92127264.0,3.0,3.5,f,5.3,17.0,APROVADO POR NOTA
308149,57566695,cb75f724561edc0a0a2be38dfe95322c,92127264.0,1.0,7.900000099999999,f,7.7,17.0,APROVADO
308150,57566695,cb75f724561edc0a0a2be38dfe95322c,92127264.0,2.0,8.5,f,7.7,17.0,APROVADO
308151,57566695,cb75f724561edc0a0a2be38dfe95322c,92127264.0,3.0,6.69999981,f,7.7,17.0,APROVADO
308152,57566695,a9d5358e13241d1fc953196fa2983412,92127264.0,1.0,6.0,f,5.9,14.0,APROVADO POR NOTA
308153,57566695,a9d5358e13241d1fc953196fa2983412,92127264.0,2.0,5.80000019,f,5.9,14.0,APROVADO POR NOTA
308154,57566695,a9d5358e13241d1fc953196fa2983412,92127264.0,3.0,5.80000019,f,5.9,14.0,APROVADO POR NOTA
308155,57566695,bc2bc7b8d6d7550aeaf952fd146e716e,92127264.0,1.0,5.19999981,f,6.6,9.0,APROVADO POR NOTA
308156,57566695,bc2bc7b8d6d7550aeaf952fd146e716e,92127264.0,2.0,7.900000099999999,f,6.6,9.0,APROVADO POR NOTA
308157,57566695,bc2bc7b8d6d7550aeaf952fd146e716e,92127264.0,3.0,6.69999981,f,6.6,9.0,APROVADO POR NOTA
310697,57564872,945368d8c8df1119af662bfd1a848b52,92127264.0,1.0,5.80000019,f,6.2,12.0,APROVADO POR NOTA
310698,57564872,945368d8c8df1119af662bfd1a848b52,92127264.0,2.0,7.69999981,f,6.2,12.0,APROVADO POR NOTA
310699,57564872,945368d8c8df1119af662bfd1a848b52,92127264.0,3.0,1.70000005,t,6.2,12.0,APROVADO POR NOTA
310700,57564872,53890acbe28162acd131b308656482fc,92127264.0,1.0,5.5,f,5.9,4.0,APROVADO POR NOTA
310701,57564872,53890acbe28162acd131b308656482fc,92127264.0,2.0,5.30000019,f,5.9,4.0,APROVADO POR NOTA
310702,57564872,53890acbe28162acd131b308656482fc,92127264.0,3.0,7.0,f,5.9,4.0,APROVADO POR NOTA
310706,57564872,25d2bd21cd76c59793f8a006c03cf6b9,92127264.0,0,0,0,0,0,DESISTENCIA
310716,57564872,da437177e090ab90ea33ba772cfbae03,92127264.0,1.0,2.29999995,f,1.2,32.0,REPROVADO POR MÉDIA E POR FALTAS
310717,57564872,da437177e090ab90ea33ba772cfbae03,92127264.0,2.0,0.0,f,1.2,32.0,REPROVADO POR MÉDIA E POR FALTAS
310718,57564872,da437177e090ab90ea33ba772cfbae03,92127264.0,3.0,1.29999995,f,1.2,32.0,REPROVADO POR MÉDIA E POR FALTAS
310719,57564872,2849447e693afb0816767beb8dc0a942,92127264.0,1.0,4.5999999,f,5.7,8.0,APROVADO POR NOTA
310720,57564872,2849447e693afb0816767beb8dc0a942,92127264.0,2.0,4.0,t,5.7,8.0,APROVADO POR NOTA
310721,57564872,2849447e693afb0816767beb8dc0a942,92127264.0,3.0,5.0999999,f,5.7,8.0,APROVADO POR NOTA
310722,57564872,2b366f50d21194c4a826929a4e10ef35,92127264.0,1.0,5.69999981,f,5.8,16.0,APROVADO POR NOTA
310723,57564872,2b366f50d21194c4a826929a4e10ef35,92127264.0,2.0,3.29999995,f,5.8,16.0,APROVADO POR NOTA
310724,57564872,2b366f50d21194c4a826929a4e10ef35,92127264.0,3.0,8.30000019,f,5.8,16.0,APROVADO POR NOTA
310725,57564872,ca045d46c152b54c2cfe110d01d3e8ce,92127264.0,1.0,7.80000019,f,7.8,4.0,APROVADO
310726,57564872,ca045d46c152b54c2cfe110d01d3e8ce,92127264.0,2.0,8.10000038,f,7.8,4.0,APROVADO
310727,57564872,ca045d46c152b54c2cfe110d01d3e8ce,92127264.0,3.0,7.400000099999999,f,7.8,4.0,APROVADO
310728,57564872,016b3e8d294936a422258b4ba1a7a785,92127264.0,1.0,5.30000019,f,3.9,16.0,REPROVADO
310729,57564872,016b3e8d294936a422258b4ba1a7a785,92127264.0,2.0,2.5,f,3.9,16.0,REPROVADO
310730,57564872,016b3e8d294936a422258b4ba1a7a785,92127264.0,3.0,3.9000001,f,3.9,16.0,REPROVADO
350541,57566722,fdc2d349ed3b784c6d59b955a91c75f8,92127264.0,1.0,4.4000001,f,7.3,0.0,APROVADO
350542,57566722,fdc2d349ed3b784c6d59b955a91c75f8,92127264.0,2.0,9.10000038,f,7.3,0.0,APROVADO
350543,57566722,fdc2d349ed3b784c6d59b955a91c75f8,92127264.0,3.0,8.5,f,7.3,0.0,APROVADO
351963,57566724,8a7b533bdb6d32e09a5a2712312be0ea,92127264.0,1.0,9.0,f,3.8,0.0,REPROVADO
351964,57566724,8a7b533bdb6d32e09a5a2712312be0ea,92127264.0,2.0,1.60000002,f,3.8,0.0,REPROVADO
351965,57566724,8a7b533bdb6d32e09a5a2712312be0ea,92127264.0,3.0,0.800000012,f,3.8,0.0,REPROVADO
351969,57566724,570cb04eb23871dd7b2eae6244b79378,92127264.0,1.0,0.0,f,0,0.0,TRANCADO
351970,57566724,570cb04eb23871dd7b2eae6244b79378,92127264.0,2.0,0,f,0,0.0,TRANCADO
351971,57566724,570cb04eb23871dd7b2eae6244b79378,92127264.0,3.0,0,f,0,0.0,TRANCADO
351984,57566724,184dc7f5abb4797ae17d8f43d2108b34,92127264.0,1.0,0.0,f,0,0.0,TRANCADO
351985,57566724,184dc7f5abb4797ae17d8f43d2108b34,92127264.0,2.0,0,f,0,0.0,TRANCADO
351986,57566724,184dc7f5abb4797ae17d8f43d2108b34,92127264.0,3.0,0,f,0,0.0,TRANCADO
351987,57566724,fdc2d349ed3b784c6d59b955a91c75f8,92127264.0,1.0,9.0,f,8.0,0.0,APROVADO
351988,57566724,fdc2d349ed3b784c6d59b955a91c75f8,92127264.0,2.0,5.0,f,8.0,0.0,APROVADO
351989,57566724,fdc2d349ed3b784c6d59b955a91c75f8,92127264.0,3.0,9.89999962,f,8.0,0.0,APROVADO
352488,57566730,a7aeb59e1b92828f2ec3bd5cb467ff1f,92127264.0,1.0,7.5,f,7.7,0.0,APROVADO
352489,57566730,a7aeb59e1b92828f2ec3bd5cb467ff1f,92127264.0,2.0,8.5,f,7.7,0.0,APROVADO
352490,57566730,a7aeb59e1b92828f2ec3bd5cb467ff1f,92127264.0,3.0,7.0,f,7.7,0.0,APROVADO
352495,57566730,72dcd1fa143cad070004d10eee2545fd,92127264.0,0,0,0,0,0,TRANCADO
352502,57566730,97f43e2dc31d79073af85501a0e41c46,92127264.0,0,0,0,0,0,DESISTENCIA
352924,57564811,1e93a5e40d72e66742db6dd1fecd8413,92127264.0,1.0,7.5,f,6.4,0.0,APROVADO POR NOTA
352925,57564811,1e93a5e40d72e66742db6dd1fecd8413,92127264.0,2.0,4.19999981,f,6.4,0.0,APROVADO POR NOTA
352926,57564811,1e93a5e40d72e66742db6dd1fecd8413,92127264.0,3.0,7.5,f,6.4,0.0,APROVADO POR NOTA
352927,57564811,90c4526030b50e41e00bc3e3c0a3c396,92127264.0,1.0,9.89999962,f,8.1,0.0,APROVADO
352928,57564811,90c4526030b50e41e00bc3e3c0a3c396,92127264.0,2.0,7.400000099999999,f,8.1,0.0,APROVADO
352929,57564811,90c4526030b50e41e00bc3e3c0a3c396,92127264.0,3.0,7.099999900000001,f,8.1,0.0,APROVADO
352930,57564811,d7a45e0307b8dd09655b28676d9bdb53,92127264.0,1.0,5.5999999,f,2.5,0.0,REPROVADO
352931,57564811,d7a45e0307b8dd09655b28676d9bdb53,92127264.0,2.0,0.400000006,f,2.5,0.0,REPROVADO
352932,57564811,d7a45e0307b8dd09655b28676d9bdb53,92127264.0,3.0,1.39999998,f,2.5,0.0,REPROVADO
352933,57564811,3878dc0f1f55d1f6e658ee148ca776c6,92127264.0,1.0,10.0,f,9.4,0.0,APROVADO
352934,57564811,3878dc0f1f55d1f6e658ee148ca776c6,92127264.0,2.0,9.69999981,f,9.4,0.0,APROVADO
352935,57564811,3878dc0f1f55d1f6e658ee148ca776c6,92127264.0,3.0,8.60000038,f,9.4,0.0,APROVADO
352936,57564811,a14b755d6051d5b49c1f56a5493999a2,92127264.0,1.0,10.0,f,9.2,0.0,APROVADO
352937,57564811,a14b755d6051d5b49c1f56a5493999a2,92127264.0,2.0,9.0,f,9.2,0.0,APROVADO
352938,57564811,a14b755d6051d5b49c1f56a5493999a2,92127264.0,3.0,8.5,f,9.2,0.0,APROVADO
352941,57564811,337456e02d9ba98811e329391b0dd2e6,92127264.0,1.0,8.89999962,f,7.3,0.0,APROVADO
352942,57564811,337456e02d9ba98811e329391b0dd2e6,92127264.0,2.0,5.30000019,f,7.3,0.0,APROVADO
352943,57564811,337456e02d9ba98811e329391b0dd2e6,92127264.0,3.0,7.69999981,f,7.3,0.0,APROVADO
352947,57564811,ccfe06283d005ceefe56c324208b244c,92127264.0,1.0,10.0,f,9.1,0.0,APROVADO
352948,57564811,ccfe06283d005ceefe56c324208b244c,92127264.0,2.0,8.10000038,f,9.1,0.0,APROVADO
352949,57564811,ccfe06283d005ceefe56c324208b244c,92127264.0,3.0,9.30000019,f,9.1,0.0,APROVADO
352951,57564811,3c72c5d2a530bec1c2d75fc07904f377,92127264.0,1.0,8.39999962,f,8.2,0.0,APROVADO
352952,57564811,3c72c5d2a530bec1c2d75fc07904f377,92127264.0,2.0,7.69999981,f,8.2,0.0,APROVADO
352953,57564811,3c72c5d2a530bec1c2d75fc07904f377,92127264.0,3.0,8.39999962,f,8.2,0.0,APROVADO
352954,57564811,a75256817d400d5e16bbe3708487cd35,92127264.0,1.0,8.39999962,f,7.6,0.0,APROVADO
352955,57564811,a75256817d400d5e16bbe3708487cd35,92127264.0,2.0,6.30000019,f,7.6,0.0,APROVADO
352956,57564811,a75256817d400d5e16bbe3708487cd35,92127264.0,3.0,8.10000038,f,7.6,0.0,APROVADO
352957,57564811,c41d56b9bc26904ee21d5f8ccef01fec,92127264.0,1.0,9.0,f,7.6,0.0,APROVADO
352958,57564811,c41d56b9bc26904ee21d5f8ccef01fec,92127264.0,2.0,6.4000001,f,7.6,0.0,APROVADO
352959,57564811,c41d56b9bc26904ee21d5f8ccef01fec,92127264.0,3.0,7.30000019,f,7.6,0.0,APROVADO
352960,57564811,b391443c0f08d3ec16f278f302189e44,92127264.0,1.0,10.0,f,8.5,0.0,APROVADO
352961,57564811,b391443c0f08d3ec16f278f302189e44,92127264.0,2.0,7.19999981,f,8.5,0.0,APROVADO
352962,57564811,b391443c0f08d3ec16f278f302189e44,92127264.0,3.0,8.30000019,f,8.5,0.0,APROVADO
352969,57564811,f8bd9385c1f1481d189651206ff59cd4,92127264.0,1.0,10.0,f,8.0,0.0,APROVADO
352970,57564811,f8bd9385c1f1481d189651206ff59cd4,92127264.0,2.0,7.599999900000001,f,8.0,0.0,APROVADO
352971,57564811,f8bd9385c1f1481d189651206ff59cd4,92127264.0,3.0,6.30000019,f,8.0,0.0,APROVADO
352975,57564811,ce40965bf5c874a683b8c9dc45e03115,92127264.0,0,0,0,0,0,DESISTENCIA
352976,57564811,ab2978dc1b698b43f07067994d2cb007,92127264.0,1.0,6.5,f,2.2,6.0,REPROVADO
352977,57564811,ab2978dc1b698b43f07067994d2cb007,92127264.0,2.0,0.200000003,f,2.2,6.0,REPROVADO
352978,57564811,ab2978dc1b698b43f07067994d2cb007,92127264.0,3.0,0.0,f,2.2,6.0,REPROVADO
352989,57564811,184dc7f5abb4797ae17d8f43d2108b34,92127264.0,1.0,10.0,f,7.3,0.0,APROVADO
352990,57564811,184dc7f5abb4797ae17d8f43d2108b34,92127264.0,2.0,5.0,f,7.3,0.0,APROVADO
352991,57564811,184dc7f5abb4797ae17d8f43d2108b34,92127264.0,3.0,7.0,f,7.3,0.0,APROVADO
352994,57564811,0d478f6ba8a903dda7509aaaf4fc6858,92127264.0,1.0,10.0,f,8.9,0.0,APROVADO
352995,57564811,0d478f6ba8a903dda7509aaaf4fc6858,92127264.0,2.0,7.80000019,f,8.9,0.0,APROVADO
352996,57564811,0d478f6ba8a903dda7509aaaf4fc6858,92127264.0,3.0,8.80000019,f,8.9,0.0,APROVADO
352997,57564811,1e30378e6116ffd948012d513a448944,92127264.0,1.0,7.80000019,f,5.9,0.0,APROVADO POR NOTA
352998,57564811,1e30378e6116ffd948012d513a448944,92127264.0,2.0,4.19999981,f,5.9,0.0,APROVADO POR NOTA
352999,57564811,1e30378e6116ffd948012d513a448944,92127264.0,3.0,5.80000019,f,5.9,0.0,APROVADO POR NOTA
353000,57564811,e268ca812a9daa1b587699e002bd7be5,92127264.0,1.0,4.099999899999999,f,1.4,12.0,REPROVADO
353001,57564811,e268ca812a9daa1b587699e002bd7be5,92127264.0,2.0,0.0,f,1.4,12.0,REPROVADO
353002,57564811,e268ca812a9daa1b587699e002bd7be5,92127264.0,3.0,0.0,f,1.4,12.0,REPROVADO
353003,57564811,11ce638ad8a99119f42559a319c67b41,92127264.0,1.0,9.69999981,f,7.7,0.0,APROVADO
353004,57564811,11ce638ad8a99119f42559a319c67b41,92127264.0,2.0,5.5999999,f,7.7,0.0,APROVADO
353005,57564811,11ce638ad8a99119f42559a319c67b41,92127264.0,3.0,7.80000019,f,7.7,0.0,APROVADO
353009,57564811,263b538e5e0beb5b381cb30ac69e7856,92127264.0,1.0,9.19999981,f,9.4,0.0,APROVADO
353010,57564811,263b538e5e0beb5b381cb30ac69e7856,92127264.0,2.0,9.69999981,f,9.4,0.0,APROVADO
353011,57564811,263b538e5e0beb5b381cb30ac69e7856,92127264.0,3.0,9.30000019,f,9.4,0.0,APROVADO
353013,57564811,19e7a82ab8968f303fbde731b31c06c3,92127264.0,1.0,10.0,f,9.4,0.0,APROVADO
353014,57564811,19e7a82ab8968f303fbde731b31c06c3,92127264.0,2.0,9.19999981,f,9.4,0.0,APROVADO
353015,57564811,19e7a82ab8968f303fbde731b31c06c3,92127264.0,3.0,9.10000038,f,9.4,0.0,APROVADO
353217,57564815,c889778b21ac2abebcccd62ff678f546,92127264.0,1.0,10.0,f,9.3,6.0,APROVADO
353218,57564815,c889778b21ac2abebcccd62ff678f546,92127264.0,2.0,9.0,f,9.3,6.0,APROVADO
353219,57564815,c889778b21ac2abebcccd62ff678f546,92127264.0,3.0,9.0,f,9.3,6.0,APROVADO
353235,57564815,4b11fb51905da447d0cefc76ce4f5f94,92127264.0,1.0,10.0,f,9.3,6.0,APROVADO
353236,57564815,4b11fb51905da447d0cefc76ce4f5f94,92127264.0,2.0,9.0,f,9.3,6.0,APROVADO
353237,57564815,4b11fb51905da447d0cefc76ce4f5f94,92127264.0,3.0,9.0,f,9.3,6.0,APROVADO
353238,57564815,e1b01dddfefb34bbf9739d100d7f62bf,92127264.0,1.0,10.0,f,8.2,4.0,APROVADO
353239,57564815,e1b01dddfefb34bbf9739d100d7f62bf,92127264.0,2.0,6.5,f,8.2,4.0,APROVADO
353240,57564815,e1b01dddfefb34bbf9739d100d7f62bf,92127264.0,3.0,8.0,f,8.2,4.0,APROVADO
353247,57564815,1ea845bec856c74ecee4c9aa5150379a,92127264.0,1.0,6.0,f,2.0,26.0,REPROVADO POR MÉDIA E POR FALTAS
353248,57564815,1ea845bec856c74ecee4c9aa5150379a,92127264.0,2.0,0.0,f,2.0,26.0,REPROVADO POR MÉDIA E POR FALTAS
353249,57564815,1ea845bec856c74ecee4c9aa5150379a,92127264.0,3.0,0.0,f,2.0,26.0,REPROVADO POR MÉDIA E POR FALTAS
353576,57565081,d7a45e0307b8dd09655b28676d9bdb53,92127264.0,2.0,5.30000019,f,4.0,14.0,REPROVADO
353577,57565081,d7a45e0307b8dd09655b28676d9bdb53,92127264.0,3.0,0.0,t,4.0,14.0,REPROVADO
353578,57565081,d7a45e0307b8dd09655b28676d9bdb53,92127264.0,1.0,4.19999981,f,4.0,14.0,REPROVADO
353579,57565081,1769378784613a7f89344897979d8d68,92127264.0,1.0,7.69999981,f,7.3,14.0,APROVADO
353580,57565081,1769378784613a7f89344897979d8d68,92127264.0,2.0,7.80000019,f,7.3,14.0,APROVADO
353581,57565081,1769378784613a7f89344897979d8d68,92127264.0,3.0,6.5,f,7.3,14.0,APROVADO
353585,57565081,3be0a9d02f52ad9e368b82c93f60bb59,92127264.0,1.0,6.69999981,f,7.2,18.0,APROVADO
353586,57565081,3be0a9d02f52ad9e368b82c93f60bb59,92127264.0,2.0,7.5,f,7.2,18.0,APROVADO
353587,57565081,3be0a9d02f52ad9e368b82c93f60bb59,92127264.0,3.0,7.5,f,7.2,18.0,APROVADO
353588,57565081,ce40965bf5c874a683b8c9dc45e03115,92127264.0,0,0,0,0,0,TRANCADO
353589,57565081,e16576bd21bb2c78f61e3b895da26433,92127264.0,0,0,0,0,0,TRANCADO
353593,57565081,d8be9b11939c60ef800896b9f5dd29dd,92127264.0,1.0,7.5,f,6.7,0.0,APROVADO POR NOTA
353594,57565081,d8be9b11939c60ef800896b9f5dd29dd,92127264.0,2.0,7.0,f,6.7,0.0,APROVADO POR NOTA
353595,57565081,d8be9b11939c60ef800896b9f5dd29dd,92127264.0,3.0,5.5,f,6.7,0.0,APROVADO POR NOTA
353605,57565081,cb5af6571a4fea0ecf8163f351e66725,92127264.0,1.0,0.0,f,0.0,48.0,REPROVADO POR MÉDIA E POR FALTAS
353606,57565081,cb5af6571a4fea0ecf8163f351e66725,92127264.0,2.0,0.0,f,0.0,48.0,REPROVADO POR MÉDIA E POR FALTAS
353607,57565081,cb5af6571a4fea0ecf8163f351e66725,92127264.0,3.0,0.0,f,0.0,48.0,REPROVADO POR MÉDIA E POR FALTAS
353611,57565081,e2110bf2897e3f51c6bdd0ff55607361,92127264.0,1.0,4.19999981,f,6.4,18.0,APROVADO POR NOTA
353612,57565081,e2110bf2897e3f51c6bdd0ff55607361,92127264.0,2.0,7.5,f,6.4,18.0,APROVADO POR NOTA
353613,57565081,e2110bf2897e3f51c6bdd0ff55607361,92127264.0,3.0,7.5,f,6.4,18.0,APROVADO POR NOTA
353893,57563851,a0a89fb407d12afefeb585fbd0232e80,92127264.0,1.0,4.5,f,6.0,0.0,APROVADO POR NOTA
353894,57563851,a0a89fb407d12afefeb585fbd0232e80,92127264.0,2.0,6.0,f,6.0,0.0,APROVADO POR NOTA
353895,57563851,a0a89fb407d12afefeb585fbd0232e80,92127264.0,3.0,7.5,f,6.0,0.0,APROVADO POR NOTA
353896,57563851,738ebc6d7bd6c58acd2364c0c262e500,92127264.0,1.0,8.0,f,6.7,0.0,APROVADO POR NOTA
353897,57563851,738ebc6d7bd6c58acd2364c0c262e500,92127264.0,2.0,5.0,f,6.7,0.0,APROVADO POR NOTA
353898,57563851,738ebc6d7bd6c58acd2364c0c262e500,92127264.0,3.0,7.0,f,6.7,0.0,APROVADO POR NOTA
353900,57563851,9e23bf7be54e62a27cd40e83a4b8e854,92127264.0,1.0,7.5,f,8.0,0.0,APROVADO
353901,57563851,9e23bf7be54e62a27cd40e83a4b8e854,92127264.0,2.0,8.5,f,8.0,0.0,APROVADO
353902,57563851,9e23bf7be54e62a27cd40e83a4b8e854,92127264.0,3.0,8.0,f,8.0,0.0,APROVADO
353906,57563851,16bcf9f32c941fa63a6b0ae2cb03fdcf,92127264.0,1.0,8.0,f,7.2,0.0,APROVADO
353907,57563851,16bcf9f32c941fa63a6b0ae2cb03fdcf,92127264.0,2.0,6.0,f,7.2,0.0,APROVADO
353908,57563851,16bcf9f32c941fa63a6b0ae2cb03fdcf,92127264.0,3.0,7.5,f,7.2,0.0,APROVADO
353948,57563851,00451143ff85cced810a59ae7dcc61e6,92127264.0,1.0,0.0,t,4.3,0.0,REPROVADO
353949,57563851,00451143ff85cced810a59ae7dcc61e6,92127264.0,2.0,3.0,f,4.3,0.0,REPROVADO
353950,57563851,00451143ff85cced810a59ae7dcc61e6,92127264.0,3.0,6.0,f,4.3,0.0,REPROVADO
354010,57567573,4402f41efd8b2de8bd404bf6cdce34ef,92127264.0,1.0,1.89999998,t,3.3,4.0,REPROVADO
354011,57567573,4402f41efd8b2de8bd404bf6cdce34ef,92127264.0,2.0,2.5,f,3.3,4.0,REPROVADO
354012,57567573,4402f41efd8b2de8bd404bf6cdce34ef,92127264.0,3.0,5.0,f,3.3,4.0,REPROVADO
354013,57567573,2297eebcbf4008c925c4056c12bb3b27,92127264.0,1.0,7.0,f,6.2,6.0,APROVADO POR NOTA
354014,57567573,2297eebcbf4008c925c4056c12bb3b27,92127264.0,2.0,4.69999981,f,6.2,6.0,APROVADO POR NOTA
354015,57567573,2297eebcbf4008c925c4056c12bb3b27,92127264.0,3.0,6.80000019,f,6.2,6.0,APROVADO POR NOTA
354016,57567573,2dc7771e870b008c111aa85ad59f1f66,92127264.0,1.0,5.19999981,f,5.2,16.0,APROVADO POR NOTA
354017,57567573,2dc7771e870b008c111aa85ad59f1f66,92127264.0,2.0,3.5,f,5.2,16.0,APROVADO POR NOTA
354018,57567573,2dc7771e870b008c111aa85ad59f1f66,92127264.0,3.0,6.900000099999999,f,5.2,16.0,APROVADO POR NOTA
354019,57567573,77a188e6ffe37c8c56916b5669cc1fa8,92127264.0,1.0,6.5,f,5.9,17.0,APROVADO POR NOTA
354020,57567573,77a188e6ffe37c8c56916b5669cc1fa8,92127264.0,2.0,2.5999999,t,5.9,17.0,APROVADO POR NOTA
354021,57567573,77a188e6ffe37c8c56916b5669cc1fa8,92127264.0,3.0,6.900000099999999,f,5.9,17.0,APROVADO POR NOTA
354022,57567573,c3902a9ccfe7c9a5efa7ff9d43c296b1,92127264.0,1.0,6.0,f,5.5,4.0,APROVADO POR NOTA
354023,57567573,c3902a9ccfe7c9a5efa7ff9d43c296b1,92127264.0,2.0,4.69999981,f,5.5,4.0,APROVADO POR NOTA
354024,57567573,c3902a9ccfe7c9a5efa7ff9d43c296b1,92127264.0,3.0,5.69999981,f,5.5,4.0,APROVADO POR NOTA
357117,57564860,665100eb5bacac5c89aff67cf93923b8,92127264.0,1.0,0,f,0,0.0,TRANCADO
357118,57564860,665100eb5bacac5c89aff67cf93923b8,92127264.0,2.0,0,f,0,0.0,TRANCADO
357119,57564860,665100eb5bacac5c89aff67cf93923b8,92127264.0,3.0,0,f,0,0.0,TRANCADO
357120,57564860,72dcd1fa143cad070004d10eee2545fd,92127264.0,1.0,0.0,f,0.0,12.0,REPROVADO
357121,57564860,72dcd1fa143cad070004d10eee2545fd,92127264.0,2.0,0.0,f,0.0,12.0,REPROVADO
357122,57564860,72dcd1fa143cad070004d10eee2545fd,92127264.0,3.0,0.0,f,0.0,12.0,REPROVADO
357129,57564860,e793aa9d2b00b6830ee02eeb41f24dc2,92127264.0,1.0,3.5999999,f,7.4,8.0,APROVADO
357130,57564860,e793aa9d2b00b6830ee02eeb41f24dc2,92127264.0,2.0,9.69999981,f,7.4,8.0,APROVADO
357131,57564860,e793aa9d2b00b6830ee02eeb41f24dc2,92127264.0,3.0,8.80000019,f,7.4,8.0,APROVADO
357132,57564860,97f43e2dc31d79073af85501a0e41c46,92127264.0,1.0,3.0,f,7.5,14.0,APROVADO
357133,57564860,97f43e2dc31d79073af85501a0e41c46,92127264.0,2.0,9.89999962,f,7.5,14.0,APROVADO
357134,57564860,97f43e2dc31d79073af85501a0e41c46,92127264.0,3.0,9.5,f,7.5,14.0,APROVADO
357139,57564860,a6828dd2dd4b8ff21c763f6d1f6f5e04,92127264.0,1.0,4.099999899999999,f,2.8,14.0,REPROVADO
357140,57564860,a6828dd2dd4b8ff21c763f6d1f6f5e04,92127264.0,2.0,4.19999981,f,2.8,14.0,REPROVADO
357141,57564860,a6828dd2dd4b8ff21c763f6d1f6f5e04,92127264.0,3.0,0.0,f,2.8,14.0,REPROVADO
357142,57564860,e5f2810aa63e3d1d0472a76623334c72,92127264.0,1.0,3.5999999,t,5.0,8.0,APROVADO POR NOTA
357143,57564860,e5f2810aa63e3d1d0472a76623334c72,92127264.0,2.0,4.19999981,f,5.0,8.0,APROVADO POR NOTA
357144,57564860,e5f2810aa63e3d1d0472a76623334c72,92127264.0,3.0,4.9000001,f,5.0,8.0,APROVADO POR NOTA
357145,57564860,aad31258ef0f8e30cd3d4eea691a6c18,92127264.0,1.0,7.5,f,5.3,14.0,APROVADO POR NOTA
357146,57564860,aad31258ef0f8e30cd3d4eea691a6c18,92127264.0,2.0,3.79999995,f,5.3,14.0,APROVADO POR NOTA
357147,57564860,aad31258ef0f8e30cd3d4eea691a6c18,92127264.0,3.0,1.5,t,5.3,14.0,APROVADO POR NOTA
357148,57564860,1084bfe76dd5ef9187ef67922d26e66a,92127264.0,1.0,9.60000038,f,9.4,0.0,APROVADO
357149,57564860,1084bfe76dd5ef9187ef67922d26e66a,92127264.0,2.0,9.69999981,f,9.4,0.0,APROVADO
357150,57564860,1084bfe76dd5ef9187ef67922d26e66a,92127264.0,3.0,8.80000019,f,9.4,0.0,APROVADO
357151,57564860,9684b8e9ace5dcd5c4c29bf4f21d2185,92127264.0,1.0,4.80000019,f,7.4,0.0,APROVADO
357152,57564860,9684b8e9ace5dcd5c4c29bf4f21d2185,92127264.0,2.0,9.89999962,f,7.4,0.0,APROVADO
357153,57564860,9684b8e9ace5dcd5c4c29bf4f21d2185,92127264.0,3.0,7.400000099999999,f,7.4,0.0,APROVADO
357154,57564860,b78957e87af0d1f30b901b13eb44a2eb,92127264.0,1.0,8.10000038,f,8.5,6.0,APROVADO
357155,57564860,b78957e87af0d1f30b901b13eb44a2eb,92127264.0,2.0,9.89999962,f,8.5,6.0,APROVADO
357156,57564860,b78957e87af0d1f30b901b13eb44a2eb,92127264.0,3.0,7.400000099999999,f,8.5,6.0,APROVADO
357157,57564860,8cf52a04b4b12e332f8a54264a52ba53,92127264.0,1.0,0.0,f,0.0,64.0,REPROVADO POR MÉDIA E POR FALTAS
357158,57564860,8cf52a04b4b12e332f8a54264a52ba53,92127264.0,2.0,0.0,f,0.0,64.0,REPROVADO POR MÉDIA E POR FALTAS
357159,57564860,8cf52a04b4b12e332f8a54264a52ba53,92127264.0,3.0,0.0,f,0.0,64.0,REPROVADO POR MÉDIA E POR FALTAS
357160,57564860,dc71ff037f1e98823ef208155af16c47,92127264.0,1.0,6.19999981,f,7.9,10.0,APROVADO
357161,57564860,dc71ff037f1e98823ef208155af16c47,92127264.0,2.0,9.39999962,f,7.9,10.0,APROVADO
357162,57564860,dc71ff037f1e98823ef208155af16c47,92127264.0,3.0,8.10000038,f,7.9,10.0,APROVADO
357176,57564860,906fb61db8d4c543d4f9e8d746e250b0,92127264.0,1.0,9.30000019,f,9.8,4.0,APROVADO
357177,57564860,906fb61db8d4c543d4f9e8d746e250b0,92127264.0,2.0,10.0,f,9.8,4.0,APROVADO
357178,57564860,906fb61db8d4c543d4f9e8d746e250b0,92127264.0,3.0,10.0,f,9.8,4.0,APROVADO
357185,57564860,b1bba06612610bc63989a0a5ea14d3fc,92127264.0,1.0,0.0,f,0.0,50.0,REPROVADO POR MÉDIA E POR FALTAS
357186,57564860,b1bba06612610bc63989a0a5ea14d3fc,92127264.0,2.0,0.0,f,0.0,50.0,REPROVADO POR MÉDIA E POR FALTAS
357187,57564860,b1bba06612610bc63989a0a5ea14d3fc,92127264.0,3.0,0.0,f,0.0,50.0,REPROVADO POR MÉDIA E POR FALTAS
357188,57564860,5abb887c45addf95db6b9eb77c9970ef,92127264.0,1.0,7.0,f,8.8,0.0,APROVADO
357189,57564860,5abb887c45addf95db6b9eb77c9970ef,92127264.0,2.0,9.89999962,f,8.8,0.0,APROVADO
357190,57564860,5abb887c45addf95db6b9eb77c9970ef,92127264.0,3.0,9.5,f,8.8,0.0,APROVADO
357345,57565777,9e23bf7be54e62a27cd40e83a4b8e854,92127264.0,1.0,8.0,f,7.6,4.0,APROVADO
357346,57565777,9e23bf7be54e62a27cd40e83a4b8e854,92127264.0,2.0,6.69999981,f,7.6,4.0,APROVADO
357347,57565777,9e23bf7be54e62a27cd40e83a4b8e854,92127264.0,3.0,8.19999981,f,7.6,4.0,APROVADO
357408,57565777,52e567da9dc48df1c9c4cca1d3857a71,92127264.0,1.0,1.29999995,f,1.2,10.0,REPROVADO
357409,57565777,52e567da9dc48df1c9c4cca1d3857a71,92127264.0,2.0,2.20000005,f,1.2,10.0,REPROVADO
357410,57565777,52e567da9dc48df1c9c4cca1d3857a71,92127264.0,3.0,0.0,f,1.2,10.0,REPROVADO
359287,57564848,9e23bf7be54e62a27cd40e83a4b8e854,92127264.0,1.0,8.69999981,f,7.7,2.0,APROVADO
359288,57564848,9e23bf7be54e62a27cd40e83a4b8e854,92127264.0,2.0,6.80000019,f,7.7,2.0,APROVADO
359289,57564848,9e23bf7be54e62a27cd40e83a4b8e854,92127264.0,3.0,7.69999981,f,7.7,2.0,APROVADO
359290,57564848,b6cc911edff95b0ec029e398a63b3bd5,92127264.0,1.0,9.39999962,f,8.6,4.0,APROVADO
359291,57564848,b6cc911edff95b0ec029e398a63b3bd5,92127264.0,2.0,8.19999981,f,8.6,4.0,APROVADO
359292,57564848,b6cc911edff95b0ec029e398a63b3bd5,92127264.0,3.0,8.30000019,f,8.6,4.0,APROVADO
359293,57564848,a0a89fb407d12afefeb585fbd0232e80,92127264.0,1.0,8.5,f,8.3,10.0,APROVADO
359294,57564848,a0a89fb407d12afefeb585fbd0232e80,92127264.0,2.0,7.099999900000001,f,8.3,10.0,APROVADO
359295,57564848,a0a89fb407d12afefeb585fbd0232e80,92127264.0,3.0,9.19999981,f,8.3,10.0,APROVADO
359296,57564848,738ebc6d7bd6c58acd2364c0c262e500,92127264.0,1.0,8.69999981,f,8.6,8.0,APROVADO
359297,57564848,738ebc6d7bd6c58acd2364c0c262e500,92127264.0,2.0,8.19999981,f,8.6,8.0,APROVADO
359298,57564848,738ebc6d7bd6c58acd2364c0c262e500,92127264.0,3.0,9.0,f,8.6,8.0,APROVADO
359299,57564848,8686cb9f0defc9fec6c7bf5fed40bda4,92127264.0,1.0,7.69999981,f,7.7,8.0,APROVADO
359300,57564848,8686cb9f0defc9fec6c7bf5fed40bda4,92127264.0,2.0,8.30000019,f,7.7,8.0,APROVADO
359301,57564848,8686cb9f0defc9fec6c7bf5fed40bda4,92127264.0,3.0,7.099999900000001,f,7.7,8.0,APROVADO
359302,57564848,4ca2aab5bc166799ef07328772683e6d,92127264.0,1.0,8.69999981,f,7.3,2.0,APROVADO
359303,57564848,4ca2aab5bc166799ef07328772683e6d,92127264.0,2.0,5.19999981,f,7.3,2.0,APROVADO
359304,57564848,4ca2aab5bc166799ef07328772683e6d,92127264.0,3.0,7.900000099999999,f,7.3,2.0,APROVADO
359305,57564848,f47ace7fbb22012f488f24b9a2593db9,92127264.0,1.0,3.9000001,f,5.5,12.0,APROVADO POR NOTA
359306,57564848,f47ace7fbb22012f488f24b9a2593db9,92127264.0,2.0,5.5,f,5.5,12.0,APROVADO POR NOTA
359307,57564848,f47ace7fbb22012f488f24b9a2593db9,92127264.0,3.0,7.0,f,5.5,12.0,APROVADO POR NOTA
359308,57564848,a7aeb59e1b92828f2ec3bd5cb467ff1f,92127264.0,1.0,8.30000019,f,7.5,6.0,APROVADO
359309,57564848,a7aeb59e1b92828f2ec3bd5cb467ff1f,92127264.0,2.0,7.30000019,f,7.5,6.0,APROVADO
359310,57564848,a7aeb59e1b92828f2ec3bd5cb467ff1f,92127264.0,3.0,6.900000099999999,f,7.5,6.0,APROVADO
359311,57564848,d74b3e9757144bbf51198784155a6ade,92127264.0,1.0,7.900000099999999,f,8.6,2.0,APROVADO
359312,57564848,d74b3e9757144bbf51198784155a6ade,92127264.0,2.0,9.19999981,f,8.6,2.0,APROVADO
359313,57564848,d74b3e9757144bbf51198784155a6ade,92127264.0,3.0,8.69999981,f,8.6,2.0,APROVADO
359314,57564848,09c576ebed33d3a813eabe6d34f29efc,92127264.0,1.0,8.80000019,f,8.3,4.0,APROVADO
359315,57564848,09c576ebed33d3a813eabe6d34f29efc,92127264.0,2.0,7.5,f,8.3,4.0,APROVADO
359316,57564848,09c576ebed33d3a813eabe6d34f29efc,92127264.0,3.0,8.5,f,8.3,4.0,APROVADO
359317,57564848,520429428d98dac9b5c94168677d77bd,92127264.0,1.0,8.19999981,f,7.4,5.0,APROVADO
359318,57564848,520429428d98dac9b5c94168677d77bd,92127264.0,2.0,6.19999981,f,7.4,5.0,APROVADO
359319,57564848,520429428d98dac9b5c94168677d77bd,92127264.0,3.0,7.900000099999999,f,7.4,5.0,APROVADO
359320,57564848,b0d6eae7ca3a052474157988f5874bbc,92127264.0,2.0,4.5999999,f,6.0,18.0,APROVADO POR NOTA
359321,57564848,b0d6eae7ca3a052474157988f5874bbc,92127264.0,3.0,5.80000019,f,6.0,18.0,APROVADO POR NOTA
359322,57564848,b0d6eae7ca3a052474157988f5874bbc,92127264.0,1.0,7.69999981,f,6.0,18.0,APROVADO POR NOTA
359326,57564848,515f232c90b19e1014be58aeb8b56266,92127264.0,1.0,6.599999900000001,f,6.4,10.0,APROVADO POR NOTA
359327,57564848,515f232c90b19e1014be58aeb8b56266,92127264.0,2.0,6.0,f,6.4,10.0,APROVADO POR NOTA
359328,57564848,515f232c90b19e1014be58aeb8b56266,92127264.0,3.0,6.5,f,6.4,10.0,APROVADO POR NOTA
359329,57564848,16bcf9f32c941fa63a6b0ae2cb03fdcf,92127264.0,1.0,8.39999962,f,8.1,10.0,APROVADO
359330,57564848,16bcf9f32c941fa63a6b0ae2cb03fdcf,92127264.0,2.0,7.599999900000001,f,8.1,10.0,APROVADO
359331,57564848,16bcf9f32c941fa63a6b0ae2cb03fdcf,92127264.0,3.0,8.30000019,f,8.1,10.0,APROVADO
359335,57564848,1286821dee33ad4c8c3048282848f6e5,92127264.0,1.0,7.69999981,f,6.4,2.0,APROVADO POR NOTA
359336,57564848,1286821dee33ad4c8c3048282848f6e5,92127264.0,2.0,5.69999981,f,6.4,2.0,APROVADO POR NOTA
359337,57564848,1286821dee33ad4c8c3048282848f6e5,92127264.0,3.0,5.80000019,f,6.4,2.0,APROVADO POR NOTA
359344,57564848,a0a597672742f11324d64601528a0257,92127264.0,1.0,8.19999981,f,7.0,12.0,APROVADO
359345,57564848,a0a597672742f11324d64601528a0257,92127264.0,2.0,7.19999981,f,7.0,12.0,APROVADO
359346,57564848,a0a597672742f11324d64601528a0257,92127264.0,3.0,5.5999999,f,7.0,12.0,APROVADO
359347,57564848,00451143ff85cced810a59ae7dcc61e6,92127264.0,1.0,8.80000019,f,5.5,17.0,REPROVADO POR NOTA
359348,57564848,00451143ff85cced810a59ae7dcc61e6,92127264.0,2.0,5.69999981,f,5.5,17.0,REPROVADO POR NOTA
359349,57564848,00451143ff85cced810a59ae7dcc61e6,92127264.0,3.0,1.79999995,t,5.5,17.0,REPROVADO POR NOTA
359350,57564848,e2110bf2897e3f51c6bdd0ff55607361,92127264.0,1.0,0.0,f,0.0,44.0,REPROVADO POR MÉDIA E POR FALTAS
359351,57564848,e2110bf2897e3f51c6bdd0ff55607361,92127264.0,2.0,0.0,f,0.0,44.0,REPROVADO POR MÉDIA E POR FALTAS
359352,57564848,e2110bf2897e3f51c6bdd0ff55607361,92127264.0,3.0,0.0,f,0.0,44.0,REPROVADO POR MÉDIA E POR FALTAS
360456,57564849,f59c7673d9a33ed201ee68798b80304d,92127264.0,1.0,8.0,f,5.6,14.0,APROVADO POR NOTA
360457,57564849,f59c7673d9a33ed201ee68798b80304d,92127264.0,2.0,5.0,f,5.6,14.0,APROVADO POR NOTA
360458,57564849,f59c7673d9a33ed201ee68798b80304d,92127264.0,3.0,0.0,t,5.6,14.0,APROVADO POR NOTA
360459,57564849,735bbfb6f7ab46b58f900d62a6e3cf26,92127264.0,1.0,7.0,f,7.9,4.0,APROVADO
360460,57564849,735bbfb6f7ab46b58f900d62a6e3cf26,92127264.0,2.0,7.0,f,7.9,4.0,APROVADO
360461,57564849,735bbfb6f7ab46b58f900d62a6e3cf26,92127264.0,3.0,9.60000038,f,7.9,4.0,APROVADO
360462,57564849,f32c342b30e30053a2624f5d981385d1,92127264.0,1.0,6.4000001,f,4.8,6.0,REPROVADO
360463,57564849,f32c342b30e30053a2624f5d981385d1,92127264.0,2.0,4.099999899999999,f,4.8,6.0,REPROVADO
360464,57564849,f32c342b30e30053a2624f5d981385d1,92127264.0,3.0,0.0,t,4.8,6.0,REPROVADO
360465,57564849,0e38c468da1fafa776434dd187a12149,92127264.0,1.0,5.69999981,f,5.7,10.0,APROVADO POR NOTA
360466,57564849,0e38c468da1fafa776434dd187a12149,92127264.0,2.0,5.0999999,f,5.7,10.0,APROVADO POR NOTA
360467,57564849,0e38c468da1fafa776434dd187a12149,92127264.0,3.0,6.4000001,f,5.7,10.0,APROVADO POR NOTA
360468,57564849,7c139dcc64de273719e442da230891cd,92127264.0,1.0,3.29999995,f,2.7,12.0,REPROVADO
360469,57564849,7c139dcc64de273719e442da230891cd,92127264.0,2.0,3.0,f,2.7,12.0,REPROVADO
360470,57564849,7c139dcc64de273719e442da230891cd,92127264.0,3.0,1.70000005,f,2.7,12.0,REPROVADO
360474,57564849,64643cedb489d1f1c79849ae3d5b4835,92127264.0,1.0,3.0999999,f,1.2,32.0,REPROVADO POR MÉDIA E POR FALTAS
360475,57564849,64643cedb489d1f1c79849ae3d5b4835,92127264.0,2.0,0.5,f,1.2,32.0,REPROVADO POR MÉDIA E POR FALTAS
360476,57564849,64643cedb489d1f1c79849ae3d5b4835,92127264.0,3.0,0.0,f,1.2,32.0,REPROVADO POR MÉDIA E POR FALTAS
360477,57564849,3bfc72453ade08f822bb299ae199db21,92127264.0,1.0,5.80000019,f,5.1,14.0,APROVADO POR NOTA
360478,57564849,3bfc72453ade08f822bb299ae199db21,92127264.0,2.0,5.5999999,f,5.1,14.0,APROVADO POR NOTA
360479,57564849,3bfc72453ade08f822bb299ae199db21,92127264.0,3.0,0.0,t,5.1,14.0,APROVADO POR NOTA
360486,57564849,a2b5339caf4ea54ef4c904f25feb89ef,92127264.0,1.0,8.0,f,7.1,0.0,APROVADO
360487,57564849,a2b5339caf4ea54ef4c904f25feb89ef,92127264.0,2.0,6.80000019,f,7.1,0.0,APROVADO
360488,57564849,a2b5339caf4ea54ef4c904f25feb89ef,92127264.0,3.0,6.4000001,f,7.1,0.0,APROVADO
360489,57564849,e71f0af009489a309cc39942acac97c0,92127264.0,1.0,6.5,f,5.0,14.0,APROVADO POR NOTA
360490,57564849,e71f0af009489a309cc39942acac97c0,92127264.0,2.0,4.30000019,f,5.0,14.0,APROVADO POR NOTA
360491,57564849,e71f0af009489a309cc39942acac97c0,92127264.0,3.0,0.0,t,5.0,14.0,APROVADO POR NOTA
360492,57564849,e608912e1c99b8d7367c403607fcc6d8,92127264.0,1.0,7.0,f,6.7,6.0,APROVADO POR NOTA
360493,57564849,e608912e1c99b8d7367c403607fcc6d8,92127264.0,2.0,6.599999900000001,f,6.7,6.0,APROVADO POR NOTA
360494,57564849,e608912e1c99b8d7367c403607fcc6d8,92127264.0,3.0,6.5,f,6.7,6.0,APROVADO POR NOTA
360495,57564849,9b03275cfc98def4ebace9f3a04bdc7c,92127264.0,1.0,7.099999900000001,f,5.6,0.0,APROVADO POR NOTA
360496,57564849,9b03275cfc98def4ebace9f3a04bdc7c,92127264.0,2.0,5.69999981,f,5.6,0.0,APROVADO POR NOTA
360497,57564849,9b03275cfc98def4ebace9f3a04bdc7c,92127264.0,3.0,4.0,f,5.6,0.0,APROVADO POR NOTA
360926,57566729,0c4312afd7654b4572f06d1f4e90b884,92127264.0,1.0,9.5,f,8.3,4.0,APROVADO
360927,57566729,0c4312afd7654b4572f06d1f4e90b884,92127264.0,2.0,7.0,f,8.3,4.0,APROVADO
360928,57566729,0c4312afd7654b4572f06d1f4e90b884,92127264.0,3.0,8.5,f,8.3,4.0,APROVADO
360932,57566729,fdc2d349ed3b784c6d59b955a91c75f8,92127264.0,1.0,7.0,f,8.5,4.0,APROVADO
360933,57566729,fdc2d349ed3b784c6d59b955a91c75f8,92127264.0,2.0,9.5,f,8.5,4.0,APROVADO
360934,57566729,fdc2d349ed3b784c6d59b955a91c75f8,92127264.0,3.0,9.0,f,8.5,4.0,APROVADO
360935,57566729,2dc7771e870b008c111aa85ad59f1f66,92127264.0,1.0,7.599999900000001,f,7.4,8.0,APROVADO
360936,57566729,2dc7771e870b008c111aa85ad59f1f66,92127264.0,2.0,6.0,f,7.4,8.0,APROVADO
360937,57566729,2dc7771e870b008c111aa85ad59f1f66,92127264.0,3.0,8.5,f,7.4,8.0,APROVADO
360944,57566729,c1d4e7afda2dc570f6d8319b0f511f8b,92127264.0,1.0,9.5,f,9.3,4.0,APROVADO
360945,57566729,c1d4e7afda2dc570f6d8319b0f511f8b,92127264.0,2.0,8.5,f,9.3,4.0,APROVADO
360946,57566729,c1d4e7afda2dc570f6d8319b0f511f8b,92127264.0,3.0,10.0,f,9.3,4.0,APROVADO
360950,57566729,2297eebcbf4008c925c4056c12bb3b27,92127264.0,1.0,8.60000038,f,7.7,7.0,APROVADO
360951,57566729,2297eebcbf4008c925c4056c12bb3b27,92127264.0,2.0,6.5,f,7.7,7.0,APROVADO
360952,57566729,2297eebcbf4008c925c4056c12bb3b27,92127264.0,3.0,8.0,f,7.7,7.0,APROVADO
360956,57566729,67a7d8d14b772580587d3409b1d352e7,92127264.0,1.0,6.5,f,6.8,8.0,APROVADO POR NOTA
360957,57566729,67a7d8d14b772580587d3409b1d352e7,92127264.0,2.0,7.0,f,6.8,8.0,APROVADO POR NOTA
360958,57566729,67a7d8d14b772580587d3409b1d352e7,92127264.0,3.0,7.0,f,6.8,8.0,APROVADO POR NOTA
361924,57568285,d7a45e0307b8dd09655b28676d9bdb53,92127264.0,1.0,8.0,f,7.3,2.0,APROVADO
361925,57568285,d7a45e0307b8dd09655b28676d9bdb53,92127264.0,2.0,7.0,f,7.3,2.0,APROVADO
361926,57568285,d7a45e0307b8dd09655b28676d9bdb53,92127264.0,3.0,7.0,f,7.3,2.0,APROVADO
363033,57564866,8a7b533bdb6d32e09a5a2712312be0ea,92127264.0,1.0,7.400000099999999,f,6.6,12.0,APROVADO POR NOTA
363034,57564866,8a7b533bdb6d32e09a5a2712312be0ea,92127264.0,2.0,5.19999981,f,6.6,12.0,APROVADO POR NOTA
363035,57564866,8a7b533bdb6d32e09a5a2712312be0ea,92127264.0,3.0,7.30000019,f,6.6,12.0,APROVADO POR NOTA
363036,57564866,f32c342b30e30053a2624f5d981385d1,92127264.0,0,0,0,0,0,TRANCADO
363037,57564866,7fe258d773987637116d18bf9ee966d6,92127264.0,2.0,6.4000001,f,7.6,10.0,APROVADO
363038,57564866,7fe258d773987637116d18bf9ee966d6,92127264.0,3.0,7.69999981,f,7.6,10.0,APROVADO
363039,57564866,7fe258d773987637116d18bf9ee966d6,92127264.0,1.0,8.60000038,f,7.6,10.0,APROVADO
363040,57564866,3878dc0f1f55d1f6e658ee148ca776c6,92127264.0,1.0,8.0,f,8.5,0.0,APROVADO
363041,57564866,3878dc0f1f55d1f6e658ee148ca776c6,92127264.0,2.0,9.0,f,8.5,0.0,APROVADO
363042,57564866,3878dc0f1f55d1f6e658ee148ca776c6,92127264.0,3.0,8.39999962,f,8.5,0.0,APROVADO
363043,57564866,ccfe06283d005ceefe56c324208b244c,92127264.0,1.0,8.80000019,f,7.7,9.0,APROVADO
363044,57564866,ccfe06283d005ceefe56c324208b244c,92127264.0,2.0,6.4000001,f,7.7,9.0,APROVADO
363045,57564866,ccfe06283d005ceefe56c324208b244c,92127264.0,3.0,8.0,f,7.7,9.0,APROVADO
363046,57564866,38ceb42ec7122ddfb2dcf670bf47be08,92127264.0,0,0,0,0,0,DESISTENCIA
363047,57564866,935575d8369467656832d455e86b8290,92127264.0,0,0,0,0,0,DESISTENCIA
363048,57564866,184dc7f5abb4797ae17d8f43d2108b34,92127264.0,1.0,5.80000019,f,5.2,15.0,APROVADO POR NOTA
363049,57564866,184dc7f5abb4797ae17d8f43d2108b34,92127264.0,2.0,6.69999981,f,5.2,15.0,APROVADO POR NOTA
363050,57564866,184dc7f5abb4797ae17d8f43d2108b34,92127264.0,3.0,3.0,f,5.2,15.0,APROVADO POR NOTA
363051,57564866,f47ace7fbb22012f488f24b9a2593db9,92127264.0,1.0,4.9000001,f,5.6,18.0,APROVADO POR NOTA
363052,57564866,f47ace7fbb22012f488f24b9a2593db9,92127264.0,2.0,5.9000001,f,5.6,18.0,APROVADO POR NOTA
363053,57564866,f47ace7fbb22012f488f24b9a2593db9,92127264.0,3.0,6.0,f,5.6,18.0,APROVADO POR NOTA
363054,57564866,f8241da5c6b786e1253454b70ceed8ff,92127264.0,1.0,6.0,f,3.3,30.0,REPROVADO POR MÉDIA E POR FALTAS
363055,57564866,f8241da5c6b786e1253454b70ceed8ff,92127264.0,2.0,4.0,f,3.3,30.0,REPROVADO POR MÉDIA E POR FALTAS
363056,57564866,f8241da5c6b786e1253454b70ceed8ff,92127264.0,3.0,0.0,f,3.3,30.0,REPROVADO POR MÉDIA E POR FALTAS
363063,57564866,541cd8aaef2a4bb55ff8f811707dffc0,92127264.0,1.0,6.5,f,6.3,17.0,APROVADO POR NOTA
363064,57564866,541cd8aaef2a4bb55ff8f811707dffc0,92127264.0,2.0,6.0999999,f,6.3,17.0,APROVADO POR NOTA
363065,57564866,541cd8aaef2a4bb55ff8f811707dffc0,92127264.0,3.0,6.4000001,f,6.3,17.0,APROVADO POR NOTA
363066,57564866,841a4b19383a7b15a267e8f02035e7bc,92127264.0,1.0,6.599999900000001,f,7.0,18.0,APROVADO
363067,57564866,841a4b19383a7b15a267e8f02035e7bc,92127264.0,2.0,6.19999981,f,7.0,18.0,APROVADO
363068,57564866,841a4b19383a7b15a267e8f02035e7bc,92127264.0,3.0,8.19999981,f,7.0,18.0,APROVADO
363069,57564866,77a188e6ffe37c8c56916b5669cc1fa8,92127264.0,1.0,8.80000019,f,9.2,16.0,APROVADO
363070,57564866,77a188e6ffe37c8c56916b5669cc1fa8,92127264.0,2.0,10.0,f,9.2,16.0,APROVADO
363071,57564866,77a188e6ffe37c8c56916b5669cc1fa8,92127264.0,3.0,8.89999962,f,9.2,16.0,APROVADO
363072,57564866,90c4526030b50e41e00bc3e3c0a3c396,92127264.0,2.0,9.89999962,f,9.0,0.0,APROVADO
363073,57564866,90c4526030b50e41e00bc3e3c0a3c396,92127264.0,3.0,8.0,f,9.0,0.0,APROVADO
363074,57564866,90c4526030b50e41e00bc3e3c0a3c396,92127264.0,1.0,9.19999981,f,9.0,0.0,APROVADO
363075,57564866,e1b01dddfefb34bbf9739d100d7f62bf,92127264.0,1.0,7.80000019,f,6.7,14.0,APROVADO POR NOTA
363076,57564866,e1b01dddfefb34bbf9739d100d7f62bf,92127264.0,2.0,6.30000019,f,6.7,14.0,APROVADO POR NOTA
363077,57564866,e1b01dddfefb34bbf9739d100d7f62bf,92127264.0,3.0,6.0999999,f,6.7,14.0,APROVADO POR NOTA
363078,57564866,bb08f985540d1d45c21123066e5203e3,92127264.0,0,0,0,0,0,TRANCADO
363554,57564841,a2b5339caf4ea54ef4c904f25feb89ef,92127264.0,1.0,8.80000019,f,8.9,0.0,APROVADO
363555,57564841,a2b5339caf4ea54ef4c904f25feb89ef,92127264.0,2.0,9.10000038,f,8.9,0.0,APROVADO
363556,57564841,a2b5339caf4ea54ef4c904f25feb89ef,92127264.0,3.0,8.69999981,f,8.9,0.0,APROVADO
363557,57564841,94f27183387ba163815ccb077b676073,92127264.0,1.0,8.69999981,f,8.6,0.0,APROVADO
363558,57564841,94f27183387ba163815ccb077b676073,92127264.0,2.0,8.80000019,f,8.6,0.0,APROVADO
363559,57564841,94f27183387ba163815ccb077b676073,92127264.0,3.0,8.39999962,f,8.6,0.0,APROVADO
364520,57565216,26f01fd04f5b620248135bd79c00ab4d,92127264.0,2.0,5.80000019,f,7.4,0.0,APROVADO
364521,57565216,26f01fd04f5b620248135bd79c00ab4d,92127264.0,1.0,8.89999962,f,7.4,0.0,APROVADO
364522,57565216,d3e0ce14a4c04f62b08b60df73fd7de1,92127264.0,1.0,7.400000099999999,f,6.5,0.0,APROVADO POR NOTA
364523,57565216,d3e0ce14a4c04f62b08b60df73fd7de1,92127264.0,2.0,5.5999999,f,6.5,0.0,APROVADO POR NOTA
364557,57564839,52df7a26e3059a52241366146b904b01,92127264.0,0,0,0,0,0,DESISTENCIA
364558,57564839,b1bba06612610bc63989a0a5ea14d3fc,92127264.0,1.0,6.4000001,f,8.2,0.0,APROVADO
364559,57564839,b1bba06612610bc63989a0a5ea14d3fc,92127264.0,2.0,10.0,f,8.2,0.0,APROVADO
364560,57564839,b1bba06612610bc63989a0a5ea14d3fc,92127264.0,3.0,8.19999981,f,8.2,0.0,APROVADO
364561,57564839,9b03275cfc98def4ebace9f3a04bdc7c,92127264.0,1.0,6.30000019,f,8.1,0.0,APROVADO
364562,57564839,9b03275cfc98def4ebace9f3a04bdc7c,92127264.0,2.0,10.0,f,8.1,0.0,APROVADO
364563,57564839,9b03275cfc98def4ebace9f3a04bdc7c,92127264.0,3.0,8.0,f,8.1,0.0,APROVADO
364564,57564839,c2ff293de9a8f3ce1817a667fe700f64,92127264.0,1.0,3.0999999,f,1.0,38.0,REPROVADO POR MÉDIA E POR FALTAS
364565,57564839,c2ff293de9a8f3ce1817a667fe700f64,92127264.0,2.0,0.0,f,1.0,38.0,REPROVADO POR MÉDIA E POR FALTAS
364566,57564839,c2ff293de9a8f3ce1817a667fe700f64,92127264.0,3.0,0.0,f,1.0,38.0,REPROVADO POR MÉDIA E POR FALTAS
364567,57564839,ec63873c3581433d75701a854ead2a46,92127264.0,1.0,4.099999899999999,f,5.0,0.0,APROVADO POR NOTA
364568,57564839,ec63873c3581433d75701a854ead2a46,92127264.0,2.0,7.0,f,5.0,0.0,APROVADO POR NOTA
364569,57564839,ec63873c3581433d75701a854ead2a46,92127264.0,3.0,4.0,f,5.0,0.0,APROVADO POR NOTA
364570,57564839,cb5af6571a4fea0ecf8163f351e66725,92127264.0,1.0,0.0,f,0.0,72.0,REPROVADO POR MÉDIA E POR FALTAS
364571,57564839,cb5af6571a4fea0ecf8163f351e66725,92127264.0,2.0,0.0,f,0.0,72.0,REPROVADO POR MÉDIA E POR FALTAS
364572,57564839,cb5af6571a4fea0ecf8163f351e66725,92127264.0,3.0,0.0,f,0.0,72.0,REPROVADO POR MÉDIA E POR FALTAS
364573,57564839,52575c6e0954fa8ff0b0eccdd54e56fc,92127264.0,1.0,4.0,f,1.3,56.0,REPROVADO POR MÉDIA E POR FALTAS
364574,57564839,52575c6e0954fa8ff0b0eccdd54e56fc,92127264.0,2.0,0.0,f,1.3,56.0,REPROVADO POR MÉDIA E POR FALTAS
364575,57564839,52575c6e0954fa8ff0b0eccdd54e56fc,92127264.0,3.0,0.0,f,1.3,56.0,REPROVADO POR MÉDIA E POR FALTAS
364576,57564839,4b11fb51905da447d0cefc76ce4f5f94,92127264.0,0,0,0,0,0,DESISTENCIA
364577,57564839,77a188e6ffe37c8c56916b5669cc1fa8,92127264.0,1.0,0,f,0,0.0,TRANCADO
364578,57564839,77a188e6ffe37c8c56916b5669cc1fa8,92127264.0,2.0,0,f,0,0.0,TRANCADO
364579,57564839,77a188e6ffe37c8c56916b5669cc1fa8,92127264.0,3.0,0,f,0,0.0,TRANCADO
364580,57564839,a2b5339caf4ea54ef4c904f25feb89ef,92127264.0,1.0,7.69999981,f,7.1,0.0,APROVADO
364581,57564839,a2b5339caf4ea54ef4c904f25feb89ef,92127264.0,2.0,7.0,f,7.1,0.0,APROVADO
364582,57564839,a2b5339caf4ea54ef4c904f25feb89ef,92127264.0,3.0,6.5,f,7.1,0.0,APROVADO
364583,57564839,beac1f49210679beb9b26a1636ed3ff3,92127264.0,1.0,2.0999999,t,8.2,0.0,APROVADO
364584,57564839,beac1f49210679beb9b26a1636ed3ff3,92127264.0,2.0,10.0,f,8.2,0.0,APROVADO
364585,57564839,beac1f49210679beb9b26a1636ed3ff3,92127264.0,3.0,8.0,f,8.2,0.0,APROVADO
364586,57564839,212bde07a1ba6bc28727ceb5d9663bbb,92127264.0,1.0,7.0,f,8.3,0.0,APROVADO
364587,57564839,212bde07a1ba6bc28727ceb5d9663bbb,92127264.0,2.0,10.0,f,8.3,0.0,APROVADO
364588,57564839,212bde07a1ba6bc28727ceb5d9663bbb,92127264.0,3.0,8.0,f,8.3,0.0,APROVADO
366143,57564850,3c3b91849365208aee8ffcf3625fe09e,92127264.0,1.0,6.4000001,f,7.0,2.0,APROVADO
366144,57564850,3c3b91849365208aee8ffcf3625fe09e,92127264.0,2.0,7.30000019,f,7.0,2.0,APROVADO
366145,57564850,3c3b91849365208aee8ffcf3625fe09e,92127264.0,3.0,7.400000099999999,f,7.0,2.0,APROVADO
366146,57564850,9684b8e9ace5dcd5c4c29bf4f21d2185,92127264.0,1.0,6.19999981,f,6.5,0.0,APROVADO POR NOTA
366147,57564850,9684b8e9ace5dcd5c4c29bf4f21d2185,92127264.0,2.0,8.0,f,6.5,0.0,APROVADO POR NOTA
366148,57564850,9684b8e9ace5dcd5c4c29bf4f21d2185,92127264.0,3.0,5.19999981,f,6.5,0.0,APROVADO POR NOTA
366149,57564850,8dca625c4aeef2641364d784bcef00c5,92127264.0,1.0,5.30000019,f,6.0,2.0,APROVADO POR NOTA
366150,57564850,8dca625c4aeef2641364d784bcef00c5,92127264.0,2.0,5.0999999,f,6.0,2.0,APROVADO POR NOTA
366151,57564850,8dca625c4aeef2641364d784bcef00c5,92127264.0,3.0,7.5,f,6.0,2.0,APROVADO POR NOTA
366152,57564850,cbf9dc31ed9483b7c110416da9620d31,92127264.0,1.0,7.80000019,f,6.2,2.0,APROVADO POR NOTA
366153,57564850,cbf9dc31ed9483b7c110416da9620d31,92127264.0,2.0,6.0,f,6.2,2.0,APROVADO POR NOTA
366154,57564850,cbf9dc31ed9483b7c110416da9620d31,92127264.0,3.0,4.80000019,f,6.2,2.0,APROVADO POR NOTA
366155,57564850,5abb887c45addf95db6b9eb77c9970ef,92127264.0,1.0,5.5,f,7.4,2.0,APROVADO
366156,57564850,5abb887c45addf95db6b9eb77c9970ef,92127264.0,2.0,8.89999962,f,7.4,2.0,APROVADO
366157,57564850,5abb887c45addf95db6b9eb77c9970ef,92127264.0,3.0,7.80000019,f,7.4,2.0,APROVADO
366158,57564850,38ceb42ec7122ddfb2dcf670bf47be08,92127264.0,1.0,4.80000019,f,5.9,4.0,APROVADO POR NOTA
366159,57564850,38ceb42ec7122ddfb2dcf670bf47be08,92127264.0,2.0,7.19999981,f,5.9,4.0,APROVADO POR NOTA
366160,57564850,38ceb42ec7122ddfb2dcf670bf47be08,92127264.0,3.0,5.80000019,f,5.9,4.0,APROVADO POR NOTA
366161,57564850,fc5ca0acc129fed92da264e586691f1b,92127264.0,1.0,6.4000001,f,7.3,2.0,APROVADO
366162,57564850,fc5ca0acc129fed92da264e586691f1b,92127264.0,2.0,7.400000099999999,f,7.3,2.0,APROVADO
366163,57564850,fc5ca0acc129fed92da264e586691f1b,92127264.0,3.0,8.19999981,f,7.3,2.0,APROVADO
366164,57564850,5f104921a4144c61381f27ed8566675b,92127264.0,1.0,3.5999999,f,5.1,4.0,APROVADO POR NOTA
366165,57564850,5f104921a4144c61381f27ed8566675b,92127264.0,2.0,5.80000019,f,5.1,4.0,APROVADO POR NOTA
366166,57564850,5f104921a4144c61381f27ed8566675b,92127264.0,3.0,5.9000001,f,5.1,4.0,APROVADO POR NOTA
366168,57564850,500e6edfd4aae0cc92d0931f52794a07,92127264.0,1.0,4.4000001,f,5.5,0.0,APROVADO POR NOTA
366169,57564850,500e6edfd4aae0cc92d0931f52794a07,92127264.0,2.0,5.0,f,5.5,0.0,APROVADO POR NOTA
366170,57564850,500e6edfd4aae0cc92d0931f52794a07,92127264.0,3.0,7.0,f,5.5,0.0,APROVADO POR NOTA
366172,57564850,c4ecfa54d2066d83df1a9e8bacf6113b,92127264.0,1.0,0.0,f,0,0.0,TRANCADO
366173,57564850,c4ecfa54d2066d83df1a9e8bacf6113b,92127264.0,2.0,0,f,0,0.0,TRANCADO
366174,57564850,c4ecfa54d2066d83df1a9e8bacf6113b,92127264.0,3.0,0.0,f,0,0.0,TRANCADO
366175,57564850,159926c5f19d6b9565385e9e16d6f438,92127264.0,1.0,7.900000099999999,f,7.8,0.0,APROVADO
366176,57564850,159926c5f19d6b9565385e9e16d6f438,92127264.0,2.0,7.400000099999999,f,7.8,0.0,APROVADO
366177,57564850,159926c5f19d6b9565385e9e16d6f438,92127264.0,3.0,8.10000038,f,7.8,0.0,APROVADO
366178,57564850,70ab5bf4ea48b0305dac34a3b6ca9a30,92127264.0,1.0,8.10000038,f,7.4,0.0,APROVADO
366179,57564850,70ab5bf4ea48b0305dac34a3b6ca9a30,92127264.0,2.0,7.80000019,f,7.4,0.0,APROVADO
366180,57564850,70ab5bf4ea48b0305dac34a3b6ca9a30,92127264.0,3.0,6.4000001,f,7.4,0.0,APROVADO
366181,57564850,cb61f93d6145ddb7d4a4e28b7fe33225,92127264.0,2.0,5.5,f,5.4,2.0,APROVADO POR NOTA
366182,57564850,cb61f93d6145ddb7d4a4e28b7fe33225,92127264.0,3.0,4.80000019,f,5.4,2.0,APROVADO POR NOTA
366183,57564850,cb61f93d6145ddb7d4a4e28b7fe33225,92127264.0,1.0,5.80000019,f,5.4,2.0,APROVADO POR NOTA
366184,57564850,c7f78ef4d6e39ad93441209267801600,92127264.0,1.0,5.9000001,f,7.6,4.0,APROVADO
366185,57564850,c7f78ef4d6e39ad93441209267801600,92127264.0,2.0,8.60000038,f,7.6,4.0,APROVADO
366186,57564850,c7f78ef4d6e39ad93441209267801600,92127264.0,3.0,8.39999962,f,7.6,4.0,APROVADO
366188,57564850,43f0333c0ceb67c5e5fb58f15aec56e1,92127264.0,2.0,7.0,f,7.7,0.0,APROVADO
366189,57564850,43f0333c0ceb67c5e5fb58f15aec56e1,92127264.0,3.0,7.900000099999999,f,7.7,0.0,APROVADO
366190,57564850,43f0333c0ceb67c5e5fb58f15aec56e1,92127264.0,1.0,8.30000019,f,7.7,0.0,APROVADO
366191,57564850,1084bfe76dd5ef9187ef67922d26e66a,92127264.0,1.0,8.69999981,f,6.8,0.0,APROVADO POR NOTA
366192,57564850,1084bfe76dd5ef9187ef67922d26e66a,92127264.0,2.0,6.599999900000001,f,6.8,0.0,APROVADO POR NOTA
366193,57564850,1084bfe76dd5ef9187ef67922d26e66a,92127264.0,3.0,5.19999981,f,6.8,0.0,APROVADO POR NOTA
366194,57564850,10e449bd1f9b4f668d87b03921b9acad,92127264.0,1.0,7.69999981,f,6.7,0.0,APROVADO POR NOTA
366195,57564850,10e449bd1f9b4f668d87b03921b9acad,92127264.0,2.0,6.80000019,f,6.7,0.0,APROVADO POR NOTA
366196,57564850,10e449bd1f9b4f668d87b03921b9acad,92127264.0,3.0,5.69999981,f,6.7,0.0,APROVADO POR NOTA
366197,57564850,b78957e87af0d1f30b901b13eb44a2eb,92127264.0,1.0,4.5999999,f,7.4,2.0,APROVADO
366198,57564850,b78957e87af0d1f30b901b13eb44a2eb,92127264.0,2.0,8.69999981,f,7.4,2.0,APROVADO
366199,57564850,b78957e87af0d1f30b901b13eb44a2eb,92127264.0,3.0,8.89999962,f,7.4,2.0,APROVADO
366201,57564850,cff7c70087a7b4b87b5534c26264fbcb,92127264.0,1.0,7.900000099999999,f,7.6,0.0,APROVADO
366202,57564850,cff7c70087a7b4b87b5534c26264fbcb,92127264.0,2.0,7.599999900000001,f,7.6,0.0,APROVADO
366203,57564850,cff7c70087a7b4b87b5534c26264fbcb,92127264.0,3.0,7.19999981,f,7.6,0.0,APROVADO
366209,57564850,9f9cb2c52de7733782ab559ac58fd464,92127264.0,1.0,6.0,f,6.7,2.0,APROVADO POR NOTA
366210,57564850,9f9cb2c52de7733782ab559ac58fd464,92127264.0,2.0,6.80000019,f,6.7,2.0,APROVADO POR NOTA
366211,57564850,9f9cb2c52de7733782ab559ac58fd464,92127264.0,3.0,7.400000099999999,f,6.7,2.0,APROVADO POR NOTA
366213,57564850,28685e2715ef5bd4ccd928220187c670,92127264.0,1.0,5.5,f,6.0,6.0,APROVADO POR NOTA
366214,57564850,28685e2715ef5bd4ccd928220187c670,92127264.0,2.0,6.5,f,6.0,6.0,APROVADO POR NOTA
366215,57564850,28685e2715ef5bd4ccd928220187c670,92127264.0,3.0,6.0999999,f,6.0,6.0,APROVADO POR NOTA
366221,57564850,a49b60d45d706c0e7a01c85e0fe3854e,92127264.0,1.0,4.30000019,f,5.5,4.0,APROVADO POR NOTA
366222,57564850,a49b60d45d706c0e7a01c85e0fe3854e,92127264.0,2.0,6.30000019,f,5.5,4.0,APROVADO POR NOTA
366223,57564850,a49b60d45d706c0e7a01c85e0fe3854e,92127264.0,3.0,6.0,f,5.5,4.0,APROVADO POR NOTA
366224,57564850,ee01661785b2af90f559ed136ed97acb,92127264.0,1.0,7.900000099999999,f,6.9,0.0,APROVADO POR NOTA
366225,57564850,ee01661785b2af90f559ed136ed97acb,92127264.0,2.0,8.10000038,f,6.9,0.0,APROVADO POR NOTA
366226,57564850,ee01661785b2af90f559ed136ed97acb,92127264.0,3.0,4.5999999,f,6.9,0.0,APROVADO POR NOTA
366228,57564850,a94a4705a3a0c2eb89e2897c6e76cf74,92127264.0,1.0,7.099999900000001,f,6.7,0.0,APROVADO POR NOTA
366229,57564850,a94a4705a3a0c2eb89e2897c6e76cf74,92127264.0,2.0,6.30000019,f,6.7,0.0,APROVADO POR NOTA
366230,57564850,a94a4705a3a0c2eb89e2897c6e76cf74,92127264.0,3.0,6.69999981,f,6.7,0.0,APROVADO POR NOTA
366233,57564850,1deed8f21a895fa8446751ffd0b079f6,92127264.0,1.0,3.79999995,f,6.5,4.0,APROVADO POR NOTA
366234,57564850,1deed8f21a895fa8446751ffd0b079f6,92127264.0,2.0,8.39999962,f,6.5,4.0,APROVADO POR NOTA
366235,57564850,1deed8f21a895fa8446751ffd0b079f6,92127264.0,3.0,7.30000019,f,6.5,4.0,APROVADO POR NOTA
366236,57564850,6caf49fdb54c8eefcef753a4f29e68e0,92127264.0,2.0,4.80000019,f,6.3,0.0,APROVADO POR NOTA
366237,57564850,6caf49fdb54c8eefcef753a4f29e68e0,92127264.0,3.0,7.0,f,6.3,0.0,APROVADO POR NOTA
366238,57564850,6caf49fdb54c8eefcef753a4f29e68e0,92127264.0,1.0,7.0,f,6.3,0.0,APROVADO POR NOTA
366240,57564850,e2110bf2897e3f51c6bdd0ff55607361,92127264.0,1.0,4.69999981,f,5.8,2.0,APROVADO POR NOTA
366241,57564850,e2110bf2897e3f51c6bdd0ff55607361,92127264.0,2.0,7.30000019,f,5.8,2.0,APROVADO POR NOTA
366242,57564850,e2110bf2897e3f51c6bdd0ff55607361,92127264.0,3.0,1.29999995,t,5.8,2.0,APROVADO POR NOTA
366243,57564850,6d3bd1cc430fb7ed07bc6081aa6ada21,92127264.0,1.0,4.69999981,f,5.0,8.0,APROVADO POR NOTA
366244,57564850,6d3bd1cc430fb7ed07bc6081aa6ada21,92127264.0,2.0,3.5,f,5.0,8.0,APROVADO POR NOTA
366245,57564850,6d3bd1cc430fb7ed07bc6081aa6ada21,92127264.0,3.0,6.69999981,f,5.0,8.0,APROVADO POR NOTA
366247,57564850,a7f137d43e7d464f44e3c234ef986f70,92127264.0,1.0,7.30000019,f,6.8,4.0,APROVADO POR NOTA
366248,57564850,a7f137d43e7d464f44e3c234ef986f70,92127264.0,2.0,6.900000099999999,f,6.8,4.0,APROVADO POR NOTA
366249,57564850,a7f137d43e7d464f44e3c234ef986f70,92127264.0,3.0,6.19999981,f,6.8,4.0,APROVADO POR NOTA
366251,57564850,e53b28b055415073c4fcf1fdaac1e675,92127264.0,1.0,5.30000019,f,5.6,0.0,APROVADO POR NOTA
366252,57564850,e53b28b055415073c4fcf1fdaac1e675,92127264.0,2.0,7.599999900000001,f,5.6,0.0,APROVADO POR NOTA
366253,57564850,e53b28b055415073c4fcf1fdaac1e675,92127264.0,3.0,3.79999995,f,5.6,0.0,APROVADO POR NOTA
367639,57564851,f22521f1468c4607428cb63e07441fed,92127264.0,1.0,6.30000019,f,6.6,0.0,APROVADO POR NOTA
367640,57564851,f22521f1468c4607428cb63e07441fed,92127264.0,2.0,7.80000019,f,6.6,0.0,APROVADO POR NOTA
367641,57564851,f22521f1468c4607428cb63e07441fed,92127264.0,3.0,5.5999999,f,6.6,0.0,APROVADO POR NOTA
367642,57564851,906fb61db8d4c543d4f9e8d746e250b0,92127264.0,1.0,8.30000019,f,8.4,0.0,APROVADO
367643,57564851,906fb61db8d4c543d4f9e8d746e250b0,92127264.0,2.0,7.0,f,8.4,0.0,APROVADO
367644,57564851,906fb61db8d4c543d4f9e8d746e250b0,92127264.0,3.0,9.89999962,f,8.4,0.0,APROVADO
367645,57564851,4b11fb51905da447d0cefc76ce4f5f94,92127264.0,1.0,6.69999981,f,7.0,0.0,APROVADO
367646,57564851,4b11fb51905da447d0cefc76ce4f5f94,92127264.0,2.0,6.5,f,7.0,0.0,APROVADO
367647,57564851,4b11fb51905da447d0cefc76ce4f5f94,92127264.0,3.0,7.69999981,f,7.0,0.0,APROVADO
367648,57564851,cb9da9e190b42ad22dea7f31955a025f,92127264.0,1.0,0.0,f,0,0.0,TRANCADO
367649,57564851,cb9da9e190b42ad22dea7f31955a025f,92127264.0,2.0,0,f,0,0.0,TRANCADO
367650,57564851,cb9da9e190b42ad22dea7f31955a025f,92127264.0,3.0,0.0,f,0,0.0,TRANCADO
367651,57564851,9aa51c3d254f37645b7a0f195ee4207e,92127264.0,1.0,5.5999999,f,5.8,0.0,APROVADO POR NOTA
367652,57564851,9aa51c3d254f37645b7a0f195ee4207e,92127264.0,2.0,7.80000019,f,5.8,0.0,APROVADO POR NOTA
367653,57564851,9aa51c3d254f37645b7a0f195ee4207e,92127264.0,3.0,4.0,f,5.8,0.0,APROVADO POR NOTA
367654,57564851,8cc613a1edbaeb06e2787b81d2280b14,92127264.0,1.0,5.4000001,f,5.8,0.0,APROVADO POR NOTA
367655,57564851,8cc613a1edbaeb06e2787b81d2280b14,92127264.0,2.0,6.900000099999999,f,5.8,0.0,APROVADO POR NOTA
367656,57564851,8cc613a1edbaeb06e2787b81d2280b14,92127264.0,3.0,5.0,f,5.8,0.0,APROVADO POR NOTA
367657,57564851,3b48300bd7aff535ce9d374f07552021,92127264.0,1.0,6.0,f,6.8,0.0,APROVADO POR NOTA
367658,57564851,3b48300bd7aff535ce9d374f07552021,92127264.0,2.0,6.69999981,f,6.8,0.0,APROVADO POR NOTA
367659,57564851,3b48300bd7aff535ce9d374f07552021,92127264.0,3.0,7.80000019,f,6.8,0.0,APROVADO POR NOTA
367660,57564851,0ffb4aa94f1a28fe82aaea216f863b44,92127264.0,1.0,0.0,f,0.0,6.0,REPROVADO
367661,57564851,0ffb4aa94f1a28fe82aaea216f863b44,92127264.0,2.0,0.0,f,0.0,6.0,REPROVADO
367662,57564851,0ffb4aa94f1a28fe82aaea216f863b44,92127264.0,3.0,0.0,f,0.0,6.0,REPROVADO
367663,57564851,a8d5ecfa0ebc8c6499461c0cf211114c,92127264.0,1.0,0.0,f,0,0.0,TRANCADO
367664,57564851,a8d5ecfa0ebc8c6499461c0cf211114c,92127264.0,2.0,0,f,0,0.0,TRANCADO
367665,57564851,a8d5ecfa0ebc8c6499461c0cf211114c,92127264.0,3.0,0,f,0,0.0,TRANCADO
367675,57564851,bda163d2e9a749dea2cc351e36cd5eba,92127264.0,1.0,0.0,f,0.0,4.0,REPROVADO
367676,57564851,bda163d2e9a749dea2cc351e36cd5eba,92127264.0,2.0,0.0,f,0.0,4.0,REPROVADO
367677,57564851,bda163d2e9a749dea2cc351e36cd5eba,92127264.0,3.0,0.0,f,0.0,4.0,REPROVADO
367678,57564851,f8241da5c6b786e1253454b70ceed8ff,92127264.0,1.0,2.4000001,f,1.8,4.0,REPROVADO
367679,57564851,f8241da5c6b786e1253454b70ceed8ff,92127264.0,2.0,0.0,f,1.8,4.0,REPROVADO
367680,57564851,f8241da5c6b786e1253454b70ceed8ff,92127264.0,3.0,2.9000001,f,1.8,4.0,REPROVADO
367681,57564851,9587f07b5bb20fc57f90e83d1b107a5b,92127264.0,1.0,1.0,t,5.8,4.0,APROVADO POR NOTA
367682,57564851,9587f07b5bb20fc57f90e83d1b107a5b,92127264.0,2.0,5.30000019,f,5.8,4.0,APROVADO POR NOTA
367683,57564851,9587f07b5bb20fc57f90e83d1b107a5b,92127264.0,3.0,4.5999999,f,5.8,4.0,APROVADO POR NOTA
367687,57564851,841a4b19383a7b15a267e8f02035e7bc,92127264.0,1.0,4.4000001,f,6.2,0.0,APROVADO POR NOTA
367688,57564851,841a4b19383a7b15a267e8f02035e7bc,92127264.0,2.0,6.80000019,f,6.2,0.0,APROVADO POR NOTA
367689,57564851,841a4b19383a7b15a267e8f02035e7bc,92127264.0,3.0,7.400000099999999,f,6.2,0.0,APROVADO POR NOTA
367690,57564851,db5f6b6f8de71c14f9eac4b391749d64,92127264.0,1.0,5.5,f,6.0,2.0,APROVADO POR NOTA
367691,57564851,db5f6b6f8de71c14f9eac4b391749d64,92127264.0,2.0,7.099999900000001,f,6.0,2.0,APROVADO POR NOTA
367692,57564851,db5f6b6f8de71c14f9eac4b391749d64,92127264.0,3.0,5.5,f,6.0,2.0,APROVADO POR NOTA
367696,57564851,2e8fbcbafb4985ec387775a0466a76cd,92127264.0,1.0,4.80000019,f,6.5,0.0,APROVADO POR NOTA
367697,57564851,2e8fbcbafb4985ec387775a0466a76cd,92127264.0,2.0,8.39999962,f,6.5,0.0,APROVADO POR NOTA
367698,57564851,2e8fbcbafb4985ec387775a0466a76cd,92127264.0,3.0,6.19999981,f,6.5,0.0,APROVADO POR NOTA
367699,57564851,b747baeb100d39e775e6b8bfc1661ead,92127264.0,1.0,4.19999981,f,7.1,6.0,APROVADO
367700,57564851,b747baeb100d39e775e6b8bfc1661ead,92127264.0,2.0,9.5,f,7.1,6.0,APROVADO
367701,57564851,b747baeb100d39e775e6b8bfc1661ead,92127264.0,3.0,7.5,f,7.1,6.0,APROVADO
367702,57564851,38daca88c4babca4ae3ff8940e06c32a,92127264.0,1.0,8.30000019,f,7.2,0.0,APROVADO
367703,57564851,38daca88c4babca4ae3ff8940e06c32a,92127264.0,2.0,7.69999981,f,7.2,0.0,APROVADO
367704,57564851,38daca88c4babca4ae3ff8940e06c32a,92127264.0,3.0,5.5,f,7.2,0.0,APROVADO
367705,57564851,8b379f0c76fb7c008c9a2d15e566f156,92127264.0,1.0,6.4000001,f,7.6,4.0,APROVADO
367706,57564851,8b379f0c76fb7c008c9a2d15e566f156,92127264.0,2.0,8.5,f,7.6,4.0,APROVADO
367707,57564851,8b379f0c76fb7c008c9a2d15e566f156,92127264.0,3.0,7.900000099999999,f,7.6,4.0,APROVADO
367946,57564854,3c72c5d2a530bec1c2d75fc07904f377,92127264.0,1.0,7.900000099999999,f,7.8,0.0,APROVADO
367947,57564854,3c72c5d2a530bec1c2d75fc07904f377,92127264.0,2.0,7.30000019,f,7.8,0.0,APROVADO
367948,57564854,3c72c5d2a530bec1c2d75fc07904f377,92127264.0,3.0,8.30000019,f,7.8,0.0,APROVADO
367949,57564854,e2e8cb34768a92aa0b57dde7e6e4f4a5,92127264.0,1.0,4.5999999,f,8.0,8.0,APROVADO
367950,57564854,e2e8cb34768a92aa0b57dde7e6e4f4a5,92127264.0,2.0,9.5,f,8.0,8.0,APROVADO
367951,57564854,e2e8cb34768a92aa0b57dde7e6e4f4a5,92127264.0,3.0,10.0,f,8.0,8.0,APROVADO
367953,57564854,337456e02d9ba98811e329391b0dd2e6,92127264.0,1.0,6.0999999,f,6.0,2.0,APROVADO POR NOTA
367954,57564854,337456e02d9ba98811e329391b0dd2e6,92127264.0,2.0,7.5,f,6.0,2.0,APROVADO POR NOTA
367955,57564854,337456e02d9ba98811e329391b0dd2e6,92127264.0,3.0,4.5,f,6.0,2.0,APROVADO POR NOTA
367956,57564854,847e489b0b8c99c0edb33f2ccdff3608,92127264.0,1.0,7.0,f,6.9,2.0,APROVADO POR NOTA
367957,57564854,847e489b0b8c99c0edb33f2ccdff3608,92127264.0,2.0,5.9000001,f,6.9,2.0,APROVADO POR NOTA
367958,57564854,847e489b0b8c99c0edb33f2ccdff3608,92127264.0,3.0,7.69999981,f,6.9,2.0,APROVADO POR NOTA
367959,57564854,ab2978dc1b698b43f07067994d2cb007,92127264.0,1.0,3.70000005,f,6.7,2.0,APROVADO POR NOTA
367960,57564854,ab2978dc1b698b43f07067994d2cb007,92127264.0,2.0,9.60000038,f,6.7,2.0,APROVADO POR NOTA
367961,57564854,ab2978dc1b698b43f07067994d2cb007,92127264.0,3.0,6.80000019,f,6.7,2.0,APROVADO POR NOTA
367962,57564854,30eb9f908ea148ac43488d446fe4a837,92127264.0,3.0,7.19999981,f,7.4,0.0,APROVADO
367963,57564854,30eb9f908ea148ac43488d446fe4a837,92127264.0,1.0,7.400000099999999,f,7.4,0.0,APROVADO
367964,57564854,30eb9f908ea148ac43488d446fe4a837,92127264.0,2.0,7.5,f,7.4,0.0,APROVADO
367966,57564854,c2ff293de9a8f3ce1817a667fe700f64,92127264.0,1.0,6.5,f,6.7,2.0,APROVADO POR NOTA
367967,57564854,c2ff293de9a8f3ce1817a667fe700f64,92127264.0,2.0,6.5,f,6.7,2.0,APROVADO POR NOTA
367968,57564854,c2ff293de9a8f3ce1817a667fe700f64,92127264.0,3.0,7.099999900000001,f,6.7,2.0,APROVADO POR NOTA
367969,57564854,8de95809ef9c53e736774eb810decea9,92127264.0,1.0,7.099999900000001,f,6.1,0.0,APROVADO POR NOTA
367970,57564854,8de95809ef9c53e736774eb810decea9,92127264.0,2.0,5.80000019,f,6.1,0.0,APROVADO POR NOTA
367971,57564854,8de95809ef9c53e736774eb810decea9,92127264.0,3.0,5.5,f,6.1,0.0,APROVADO POR NOTA
367972,57564854,3878dc0f1f55d1f6e658ee148ca776c6,92127264.0,1.0,6.5,f,6.4,0.0,APROVADO POR NOTA
367973,57564854,3878dc0f1f55d1f6e658ee148ca776c6,92127264.0,2.0,5.69999981,f,6.4,0.0,APROVADO POR NOTA
367974,57564854,3878dc0f1f55d1f6e658ee148ca776c6,92127264.0,3.0,7.099999900000001,f,6.4,0.0,APROVADO POR NOTA
367978,57564854,a14b755d6051d5b49c1f56a5493999a2,92127264.0,1.0,3.70000005,t,5.7,2.0,APROVADO POR NOTA
367979,57564854,a14b755d6051d5b49c1f56a5493999a2,92127264.0,2.0,4.0,f,5.7,2.0,APROVADO POR NOTA
367980,57564854,a14b755d6051d5b49c1f56a5493999a2,92127264.0,3.0,6.69999981,f,5.7,2.0,APROVADO POR NOTA
367982,57564854,a75256817d400d5e16bbe3708487cd35,92127264.0,2.0,8.0,f,8.2,0.0,APROVADO
367983,57564854,a75256817d400d5e16bbe3708487cd35,92127264.0,3.0,8.89999962,f,8.2,0.0,APROVADO
367984,57564854,a75256817d400d5e16bbe3708487cd35,92127264.0,1.0,7.69999981,f,8.2,0.0,APROVADO
367985,57564854,c41d56b9bc26904ee21d5f8ccef01fec,92127264.0,1.0,7.0,f,7.7,0.0,APROVADO
367986,57564854,c41d56b9bc26904ee21d5f8ccef01fec,92127264.0,2.0,8.60000038,f,7.7,0.0,APROVADO
367987,57564854,c41d56b9bc26904ee21d5f8ccef01fec,92127264.0,3.0,7.5,f,7.7,0.0,APROVADO
367988,57564854,11ce638ad8a99119f42559a319c67b41,92127264.0,1.0,5.0,f,7.0,2.0,APROVADO
367989,57564854,11ce638ad8a99119f42559a319c67b41,92127264.0,2.0,8.10000038,f,7.0,2.0,APROVADO
367990,57564854,11ce638ad8a99119f42559a319c67b41,92127264.0,3.0,8.0,f,7.0,2.0,APROVADO
367991,57564854,d8be9b11939c60ef800896b9f5dd29dd,92127264.0,1.0,8.0,f,7.0,0.0,APROVADO
367992,57564854,d8be9b11939c60ef800896b9f5dd29dd,92127264.0,2.0,5.30000019,f,7.0,0.0,APROVADO
367993,57564854,d8be9b11939c60ef800896b9f5dd29dd,92127264.0,3.0,7.599999900000001,f,7.0,0.0,APROVADO
367994,57564854,9632d5f4aa708c6f65db3e91b1e66b3a,92127264.0,1.0,4.5,f,5.5,2.0,APROVADO POR NOTA
367995,57564854,9632d5f4aa708c6f65db3e91b1e66b3a,92127264.0,2.0,5.30000019,f,5.5,2.0,APROVADO POR NOTA
367996,57564854,9632d5f4aa708c6f65db3e91b1e66b3a,92127264.0,3.0,3.4000001,t,5.5,2.0,APROVADO POR NOTA
368006,57564854,8a7b533bdb6d32e09a5a2712312be0ea,92127264.0,1.0,7.19999981,f,7.1,0.0,APROVADO
368007,57564854,8a7b533bdb6d32e09a5a2712312be0ea,92127264.0,2.0,7.19999981,f,7.1,0.0,APROVADO
368008,57564854,8a7b533bdb6d32e09a5a2712312be0ea,92127264.0,3.0,6.900000099999999,f,7.1,0.0,APROVADO
368013,57564854,1e93a5e40d72e66742db6dd1fecd8413,92127264.0,1.0,6.599999900000001,f,6.8,0.0,APROVADO POR NOTA
368014,57564854,1e93a5e40d72e66742db6dd1fecd8413,92127264.0,2.0,7.80000019,f,6.8,0.0,APROVADO POR NOTA
368015,57564854,1e93a5e40d72e66742db6dd1fecd8413,92127264.0,3.0,5.9000001,f,6.8,0.0,APROVADO POR NOTA
368016,57564854,263b538e5e0beb5b381cb30ac69e7856,92127264.0,1.0,6.4000001,f,6.3,0.0,APROVADO POR NOTA
368017,57564854,263b538e5e0beb5b381cb30ac69e7856,92127264.0,2.0,6.599999900000001,f,6.3,0.0,APROVADO POR NOTA
368018,57564854,263b538e5e0beb5b381cb30ac69e7856,92127264.0,3.0,5.9000001,f,6.3,0.0,APROVADO POR NOTA
368019,57564854,e268ca812a9daa1b587699e002bd7be5,92127264.0,1.0,4.69999981,f,5.5,2.0,APROVADO POR NOTA
368020,57564854,e268ca812a9daa1b587699e002bd7be5,92127264.0,2.0,5.30000019,f,5.5,2.0,APROVADO POR NOTA
368021,57564854,e268ca812a9daa1b587699e002bd7be5,92127264.0,3.0,6.4000001,f,5.5,2.0,APROVADO POR NOTA
368023,57564854,ccfe06283d005ceefe56c324208b244c,92127264.0,1.0,6.0999999,f,7.6,2.0,APROVADO
368024,57564854,ccfe06283d005ceefe56c324208b244c,92127264.0,2.0,8.5,f,7.6,2.0,APROVADO
368025,57564854,ccfe06283d005ceefe56c324208b244c,92127264.0,3.0,8.19999981,f,7.6,2.0,APROVADO
368033,57564854,19e7a82ab8968f303fbde731b31c06c3,92127264.0,1.0,8.60000038,f,8.6,0.0,APROVADO
368034,57564854,19e7a82ab8968f303fbde731b31c06c3,92127264.0,2.0,9.60000038,f,8.6,0.0,APROVADO
368035,57564854,19e7a82ab8968f303fbde731b31c06c3,92127264.0,3.0,7.599999900000001,f,8.6,0.0,APROVADO
368036,57564854,212bde07a1ba6bc28727ceb5d9663bbb,92127264.0,1.0,6.80000019,f,7.1,2.0,APROVADO
368037,57564854,212bde07a1ba6bc28727ceb5d9663bbb,92127264.0,2.0,6.30000019,f,7.1,2.0,APROVADO
368038,57564854,212bde07a1ba6bc28727ceb5d9663bbb,92127264.0,3.0,8.10000038,f,7.1,2.0,APROVADO
370843,57566698,9e23bf7be54e62a27cd40e83a4b8e854,92127264.0,1.0,6.5,f,6.9,0.0,APROVADO POR NOTA
370844,57566698,9e23bf7be54e62a27cd40e83a4b8e854,92127264.0,2.0,7.0,f,6.9,0.0,APROVADO POR NOTA
370845,57566698,9e23bf7be54e62a27cd40e83a4b8e854,92127264.0,3.0,7.30000019,f,6.9,0.0,APROVADO POR NOTA
370846,57566698,b06b391213ef9e3897598dec729ae710,92127264.0,2.0,4.80000019,f,5.3,0.0,APROVADO POR NOTA
370847,57566698,b06b391213ef9e3897598dec729ae710,92127264.0,3.0,5.5,f,5.3,0.0,APROVADO POR NOTA
370848,57566698,b06b391213ef9e3897598dec729ae710,92127264.0,1.0,1.0,t,5.3,0.0,APROVADO POR NOTA
370849,57566698,6d42cc9c6a322c7518b6e14c0cb943c4,92127264.0,1.0,2.5,t,5.0,0.0,APROVADO POR NOTA
370850,57566698,6d42cc9c6a322c7518b6e14c0cb943c4,92127264.0,2.0,4.0,f,5.0,0.0,APROVADO POR NOTA
370851,57566698,6d42cc9c6a322c7518b6e14c0cb943c4,92127264.0,3.0,7.099999900000001,f,5.0,0.0,APROVADO POR NOTA
370865,57566698,77a188e6ffe37c8c56916b5669cc1fa8,92127264.0,1.0,3.0,f,5.7,0.0,APROVADO POR NOTA
370866,57566698,77a188e6ffe37c8c56916b5669cc1fa8,92127264.0,2.0,6.0999999,f,5.7,0.0,APROVADO POR NOTA
370867,57566698,77a188e6ffe37c8c56916b5669cc1fa8,92127264.0,3.0,8.0,f,5.7,0.0,APROVADO POR NOTA
370868,57566698,52e567da9dc48df1c9c4cca1d3857a71,92127264.0,1.0,1.79999995,f,1.5,0.0,REPROVADO
370869,57566698,52e567da9dc48df1c9c4cca1d3857a71,92127264.0,2.0,2.70000005,f,1.5,0.0,REPROVADO
370870,57566698,52e567da9dc48df1c9c4cca1d3857a71,92127264.0,3.0,0.0,f,1.5,0.0,REPROVADO
370871,57566698,f32c342b30e30053a2624f5d981385d1,92127264.0,3.0,5.19999981,f,3.9,0.0,REPROVADO
370872,57566698,f32c342b30e30053a2624f5d981385d1,92127264.0,1.0,2.0999999,f,3.9,0.0,REPROVADO
370873,57566698,f32c342b30e30053a2624f5d981385d1,92127264.0,2.0,1.79999995,t,3.9,0.0,REPROVADO
370874,57566698,e608912e1c99b8d7367c403607fcc6d8,92127264.0,0,0,0,0,0,TRANCADO
377558,57566689,beac1f49210679beb9b26a1636ed3ff3,92127264.0,0,0,0,0,0,DESISTENCIA
377559,57566689,77a188e6ffe37c8c56916b5669cc1fa8,92127264.0,1.0,2.20000005,t,7.3,16.0,APROVADO
377560,57566689,77a188e6ffe37c8c56916b5669cc1fa8,92127264.0,2.0,8.0,f,7.3,16.0,APROVADO
377561,57566689,77a188e6ffe37c8c56916b5669cc1fa8,92127264.0,3.0,10.0,f,7.3,16.0,APROVADO
377589,57566689,b06b391213ef9e3897598dec729ae710,92127264.0,1.0,5.4000001,f,2.0,22.0,REPROVADO POR MÉDIA E POR FALTAS
377590,57566689,b06b391213ef9e3897598dec729ae710,92127264.0,2.0,0.699999988,f,2.0,22.0,REPROVADO POR MÉDIA E POR FALTAS
377591,57566689,b06b391213ef9e3897598dec729ae710,92127264.0,3.0,0.0,f,2.0,22.0,REPROVADO POR MÉDIA E POR FALTAS
382111,57566818,934e88c3c9b5350160b13b623c2d340d,92127264.0,3.0,4.5,f,5.6,6.0,APROVADO POR NOTA
382112,57566818,934e88c3c9b5350160b13b623c2d340d,92127264.0,1.0,4.099999899999999,f,5.6,6.0,APROVADO POR NOTA
382113,57566818,934e88c3c9b5350160b13b623c2d340d,92127264.0,2.0,8.30000019,f,5.6,6.0,APROVADO POR NOTA
382127,57566818,934e88c3c9b5350160b13b623c2d340d,92127264.0,3.0,4.5,f,5.6,6.0,APROVADO POR NOTA
382128,57566818,934e88c3c9b5350160b13b623c2d340d,92127264.0,1.0,4.099999899999999,f,5.6,6.0,APROVADO POR NOTA
382129,57566818,934e88c3c9b5350160b13b623c2d340d,92127264.0,2.0,8.30000019,f,5.6,6.0,APROVADO POR NOTA
382819,57564818,fc5ca0acc129fed92da264e586691f1b,92127264.0,1.0,9.0,f,8.7,1.0,APROVADO
382820,57564818,fc5ca0acc129fed92da264e586691f1b,92127264.0,2.0,7.0,f,8.7,1.0,APROVADO
382821,57564818,fc5ca0acc129fed92da264e586691f1b,92127264.0,3.0,10.0,f,8.7,1.0,APROVADO
382822,57564818,43f0333c0ceb67c5e5fb58f15aec56e1,92127264.0,1.0,10.0,f,10.0,1.0,APROVADO
382823,57564818,43f0333c0ceb67c5e5fb58f15aec56e1,92127264.0,2.0,10.0,f,10.0,1.0,APROVADO
382824,57564818,43f0333c0ceb67c5e5fb58f15aec56e1,92127264.0,3.0,10.0,f,10.0,1.0,APROVADO
382825,57564818,3c3b91849365208aee8ffcf3625fe09e,92127264.0,1.0,10.0,f,10.0,5.0,APROVADO
382826,57564818,3c3b91849365208aee8ffcf3625fe09e,92127264.0,2.0,10.0,f,10.0,5.0,APROVADO
382827,57564818,3c3b91849365208aee8ffcf3625fe09e,92127264.0,3.0,10.0,f,10.0,5.0,APROVADO
382828,57564818,8cc613a1edbaeb06e2787b81d2280b14,92127264.0,1.0,7.5,f,6.5,7.0,APROVADO POR NOTA
382829,57564818,8cc613a1edbaeb06e2787b81d2280b14,92127264.0,2.0,4.0,f,6.5,7.0,APROVADO POR NOTA
382830,57564818,8cc613a1edbaeb06e2787b81d2280b14,92127264.0,3.0,8.0,f,6.5,7.0,APROVADO POR NOTA
382831,57564818,e53b28b055415073c4fcf1fdaac1e675,92127264.0,1.0,7.5,f,7.0,4.0,APROVADO
382832,57564818,e53b28b055415073c4fcf1fdaac1e675,92127264.0,2.0,5.5,f,7.0,4.0,APROVADO
382833,57564818,e53b28b055415073c4fcf1fdaac1e675,92127264.0,3.0,8.0,f,7.0,4.0,APROVADO
382834,57564818,ee01661785b2af90f559ed136ed97acb,92127264.0,3.0,6.5,f,7.5,8.0,APROVADO
382835,57564818,ee01661785b2af90f559ed136ed97acb,92127264.0,1.0,9.0,f,7.5,8.0,APROVADO
382836,57564818,ee01661785b2af90f559ed136ed97acb,92127264.0,2.0,7.0,f,7.5,8.0,APROVADO
382837,57564818,2e8fbcbafb4985ec387775a0466a76cd,92127264.0,1.0,7.5,f,4.7,9.0,REPROVADO POR MÉDIA E POR FALTAS
382838,57564818,2e8fbcbafb4985ec387775a0466a76cd,92127264.0,2.0,6.5,f,4.7,9.0,REPROVADO POR MÉDIA E POR FALTAS
382839,57564818,2e8fbcbafb4985ec387775a0466a76cd,92127264.0,3.0,0.0,f,4.7,9.0,REPROVADO POR MÉDIA E POR FALTAS
382840,57564818,3b30d3da12ab2aac03ba0858e6c0dc02,92127264.0,1.0,7.5,f,7.5,8.0,APROVADO
382841,57564818,3b30d3da12ab2aac03ba0858e6c0dc02,92127264.0,2.0,7.0,f,7.5,8.0,APROVADO
382842,57564818,3b30d3da12ab2aac03ba0858e6c0dc02,92127264.0,3.0,8.0,f,7.5,8.0,APROVADO
382849,57564818,159926c5f19d6b9565385e9e16d6f438,92127264.0,1.0,10.0,f,9.2,4.0,APROVADO
382850,57564818,159926c5f19d6b9565385e9e16d6f438,92127264.0,2.0,10.0,f,9.2,4.0,APROVADO
382851,57564818,159926c5f19d6b9565385e9e16d6f438,92127264.0,3.0,7.5,f,9.2,4.0,APROVADO
382852,57564818,10e449bd1f9b4f668d87b03921b9acad,92127264.0,1.0,10.0,f,9.2,0.0,APROVADO
382853,57564818,10e449bd1f9b4f668d87b03921b9acad,92127264.0,2.0,7.5,f,9.2,0.0,APROVADO
382854,57564818,10e449bd1f9b4f668d87b03921b9acad,92127264.0,3.0,10.0,f,9.2,0.0,APROVADO
382855,57564818,a94a4705a3a0c2eb89e2897c6e76cf74,92127264.0,1.0,9.0,f,7.3,1.0,APROVADO
382856,57564818,a94a4705a3a0c2eb89e2897c6e76cf74,92127264.0,2.0,3.0,f,7.3,1.0,APROVADO
382857,57564818,a94a4705a3a0c2eb89e2897c6e76cf74,92127264.0,3.0,10.0,f,7.3,1.0,APROVADO
385240,57564821,507b78920cea669978080e478577ae3a,92127264.0,3.0,5.80000019,f,7.1,2.0,APROVADO
385241,57564821,507b78920cea669978080e478577ae3a,92127264.0,1.0,10.0,f,7.1,2.0,APROVADO
385242,57564821,507b78920cea669978080e478577ae3a,92127264.0,2.0,5.5,f,7.1,2.0,APROVADO
385246,57564821,841a4b19383a7b15a267e8f02035e7bc,92127264.0,1.0,4.0,f,1.3,22.0,REPROVADO POR MÉDIA E POR FALTAS
385247,57564821,841a4b19383a7b15a267e8f02035e7bc,92127264.0,2.0,0.0,f,1.3,22.0,REPROVADO POR MÉDIA E POR FALTAS
385248,57564821,841a4b19383a7b15a267e8f02035e7bc,92127264.0,3.0,0.0,f,1.3,22.0,REPROVADO POR MÉDIA E POR FALTAS
385252,57564821,c56988f88fee67b606647c582492ba07,92127264.0,1.0,7.5,f,7.6,3.0,APROVADO
385253,57564821,c56988f88fee67b606647c582492ba07,92127264.0,2.0,1.5,t,7.6,3.0,APROVADO
385254,57564821,c56988f88fee67b606647c582492ba07,92127264.0,3.0,8.80000019,f,7.6,3.0,APROVADO
385255,57564821,9c54c4867526272627c2a33d79edf449,92127264.0,1.0,0.0,f,0.0,30.0,REPROVADO POR MÉDIA E POR FALTAS
385256,57564821,9c54c4867526272627c2a33d79edf449,92127264.0,2.0,0.0,f,0.0,30.0,REPROVADO POR MÉDIA E POR FALTAS
385257,57564821,9c54c4867526272627c2a33d79edf449,92127264.0,3.0,0.0,f,0.0,30.0,REPROVADO POR MÉDIA E POR FALTAS
385261,57564821,ac620fb39d8330e64c0370054567b312,92127264.0,1.0,10.0,f,5.0,16.0,REPROVADO POR NOTA E FALTA
385262,57564821,ac620fb39d8330e64c0370054567b312,92127264.0,2.0,5.0,f,5.0,16.0,REPROVADO POR NOTA E FALTA
385263,57564821,ac620fb39d8330e64c0370054567b312,92127264.0,3.0,0.0,f,5.0,16.0,REPROVADO POR NOTA E FALTA
385264,57564821,52575c6e0954fa8ff0b0eccdd54e56fc,92127264.0,3.0,0.0,t,5.5,5.0,APROVADO POR NOTA
385265,57564821,52575c6e0954fa8ff0b0eccdd54e56fc,92127264.0,1.0,9.0,f,5.5,5.0,APROVADO POR NOTA
385266,57564821,52575c6e0954fa8ff0b0eccdd54e56fc,92127264.0,2.0,3.5,f,5.5,5.0,APROVADO POR NOTA
387633,57564847,c7f78ef4d6e39ad93441209267801600,92127264.0,1.0,8.19999981,f,8.2,29.0,APROVADO
387634,57564847,c7f78ef4d6e39ad93441209267801600,92127264.0,2.0,8.0,f,8.2,29.0,APROVADO
387635,57564847,c7f78ef4d6e39ad93441209267801600,92127264.0,3.0,0.0,t,8.2,29.0,APROVADO
387636,57564847,c7ca8f11be2854934d2ba04f1724cdbe,92127264.0,0,0,0,0,0,DESISTENCIA
387637,57564847,90c4526030b50e41e00bc3e3c0a3c396,92127264.0,3.0,5.80000019,f,7.2,2.0,APROVADO
387638,57564847,90c4526030b50e41e00bc3e3c0a3c396,92127264.0,1.0,9.5,f,7.2,2.0,APROVADO
387639,57564847,90c4526030b50e41e00bc3e3c0a3c396,92127264.0,2.0,6.30000019,f,7.2,2.0,APROVADO
387640,57564847,d7a45e0307b8dd09655b28676d9bdb53,92127264.0,1.0,1.39999998,f,0.5,74.0,REPROVADO POR MÉDIA E POR FALTAS
387641,57564847,d7a45e0307b8dd09655b28676d9bdb53,92127264.0,2.0,0.0,f,0.5,74.0,REPROVADO POR MÉDIA E POR FALTAS
387642,57564847,d7a45e0307b8dd09655b28676d9bdb53,92127264.0,3.0,0.0,f,0.5,74.0,REPROVADO POR MÉDIA E POR FALTAS
387643,57564847,bb08f985540d1d45c21123066e5203e3,92127264.0,1.0,0.0,f,0.0,52.0,REPROVADO POR MÉDIA E POR FALTAS
387644,57564847,bb08f985540d1d45c21123066e5203e3,92127264.0,2.0,0.0,f,0.0,52.0,REPROVADO POR MÉDIA E POR FALTAS
387645,57564847,bb08f985540d1d45c21123066e5203e3,92127264.0,3.0,0.0,f,0.0,52.0,REPROVADO POR MÉDIA E POR FALTAS
387646,57564847,f74e8d844ba3ad5aaa4cfb9a70abec8d,92127264.0,1.0,6.900000099999999,f,2.8,54.0,REPROVADO POR MÉDIA E POR FALTAS
387647,57564847,f74e8d844ba3ad5aaa4cfb9a70abec8d,92127264.0,2.0,1.5,f,2.8,54.0,REPROVADO POR MÉDIA E POR FALTAS
387648,57564847,f74e8d844ba3ad5aaa4cfb9a70abec8d,92127264.0,3.0,0.0,f,2.8,54.0,REPROVADO POR MÉDIA E POR FALTAS
387649,57564847,7c139dcc64de273719e442da230891cd,92127264.0,1.0,2.5999999,f,0.9,58.0,REPROVADO POR MÉDIA E POR FALTAS
387650,57564847,7c139dcc64de273719e442da230891cd,92127264.0,2.0,0.0,f,0.9,58.0,REPROVADO POR MÉDIA E POR FALTAS
387651,57564847,7c139dcc64de273719e442da230891cd,92127264.0,3.0,0.0,f,0.9,58.0,REPROVADO POR MÉDIA E POR FALTAS
387652,57564847,64643cedb489d1f1c79849ae3d5b4835,92127264.0,1.0,5.0,f,2.9,8.0,REPROVADO
387653,57564847,64643cedb489d1f1c79849ae3d5b4835,92127264.0,2.0,1.60000002,f,2.9,8.0,REPROVADO
387654,57564847,64643cedb489d1f1c79849ae3d5b4835,92127264.0,3.0,2.0,f,2.9,8.0,REPROVADO
387655,57564847,3bfc72453ade08f822bb299ae199db21,92127264.0,1.0,0.0,f,0.0,90.0,REPROVADO POR MÉDIA E POR FALTAS
387656,57564847,3bfc72453ade08f822bb299ae199db21,92127264.0,2.0,0.0,f,0.0,90.0,REPROVADO POR MÉDIA E POR FALTAS
387657,57564847,3bfc72453ade08f822bb299ae199db21,92127264.0,3.0,0.0,f,0.0,90.0,REPROVADO POR MÉDIA E POR FALTAS
387658,57564847,7be1f85421dde6f505923c856e10700e,92127264.0,1.0,0.0,f,0.0,84.0,REPROVADO POR MÉDIA E POR FALTAS
387659,57564847,7be1f85421dde6f505923c856e10700e,92127264.0,2.0,0.0,f,0.0,84.0,REPROVADO POR MÉDIA E POR FALTAS
387660,57564847,7be1f85421dde6f505923c856e10700e,92127264.0,3.0,0.0,f,0.0,84.0,REPROVADO POR MÉDIA E POR FALTAS
387661,57564847,46fcfa469134e1d7294e54ec241ce9b2,92127264.0,1.0,6.0,f,6.1,29.0,APROVADO POR NOTA
387662,57564847,46fcfa469134e1d7294e54ec241ce9b2,92127264.0,2.0,4.5999999,f,6.1,29.0,APROVADO POR NOTA
387663,57564847,46fcfa469134e1d7294e54ec241ce9b2,92127264.0,3.0,7.599999900000001,f,6.1,29.0,APROVADO POR NOTA
387664,57564847,1e30378e6116ffd948012d513a448944,92127264.0,1.0,7.400000099999999,f,3.3,56.0,REPROVADO POR MÉDIA E POR FALTAS
387665,57564847,1e30378e6116ffd948012d513a448944,92127264.0,2.0,1.0,f,3.3,56.0,REPROVADO POR MÉDIA E POR FALTAS
387666,57564847,1e30378e6116ffd948012d513a448944,92127264.0,3.0,1.5,f,3.3,56.0,REPROVADO POR MÉDIA E POR FALTAS
388535,57564076,d8be9b11939c60ef800896b9f5dd29dd,92127264.0,1.0,9.5,f,8.3,0.0,APROVADO
388536,57564076,d8be9b11939c60ef800896b9f5dd29dd,92127264.0,2.0,9.0,f,8.3,0.0,APROVADO
388537,57564076,d8be9b11939c60ef800896b9f5dd29dd,92127264.0,3.0,6.5,f,8.3,0.0,APROVADO
388614,57564076,7a69539ac36db2d7ac503e47975f3034,92127264.0,1.0,7.80000019,f,7.7,2.0,APROVADO
388615,57564076,7a69539ac36db2d7ac503e47975f3034,92127264.0,2.0,7.80000019,f,7.7,2.0,APROVADO
388616,57564076,7a69539ac36db2d7ac503e47975f3034,92127264.0,3.0,7.5,f,7.7,2.0,APROVADO
388916,57564073,990a6d5b8c374d5302e2716f022cf495,92127264.0,1.0,9.0,f,9.0,6.0,APROVADO
388917,57564073,990a6d5b8c374d5302e2716f022cf495,92127264.0,2.0,9.5,f,9.0,6.0,APROVADO
388918,57564073,990a6d5b8c374d5302e2716f022cf495,92127264.0,3.0,8.5,f,9.0,6.0,APROVADO
388925,57564073,1769378784613a7f89344897979d8d68,92127264.0,1.0,0.0,f,0,0.0,TRANCADO
388926,57564073,1769378784613a7f89344897979d8d68,92127264.0,2.0,0,f,0,0.0,TRANCADO
388927,57564073,1769378784613a7f89344897979d8d68,92127264.0,3.0,0,f,0,0.0,TRANCADO
389124,57563902,6d42cc9c6a322c7518b6e14c0cb943c4,92127264.0,2.0,9.89999962,f,8.1,6.0,APROVADO
389125,57563902,6d42cc9c6a322c7518b6e14c0cb943c4,92127264.0,3.0,0.0,t,8.1,6.0,APROVADO
389126,57563902,6d42cc9c6a322c7518b6e14c0cb943c4,92127264.0,1.0,6.5,f,8.1,6.0,APROVADO
390015,57565140,7e0c9d37a5d96aaf03233f4f8cb31608,92127264.0,1.0,8.5,f,8.6,12.0,APROVADO
390016,57565140,7e0c9d37a5d96aaf03233f4f8cb31608,92127264.0,2.0,8.0,f,8.6,12.0,APROVADO
390017,57565140,7e0c9d37a5d96aaf03233f4f8cb31608,92127264.0,3.0,9.39999962,f,8.6,12.0,APROVADO
390018,57565140,5299d4aa1beb39ddaba0ff9427a90e26,92127264.0,1.0,10.0,f,8.4,8.0,APROVADO
390019,57565140,5299d4aa1beb39ddaba0ff9427a90e26,92127264.0,2.0,7.0,f,8.4,8.0,APROVADO
390020,57565140,5299d4aa1beb39ddaba0ff9427a90e26,92127264.0,3.0,8.10000038,f,8.4,8.0,APROVADO
390021,57565140,d8be9b11939c60ef800896b9f5dd29dd,92127264.0,1.0,10.0,f,8.1,4.0,APROVADO
390022,57565140,d8be9b11939c60ef800896b9f5dd29dd,92127264.0,2.0,7.5,f,8.1,4.0,APROVADO
390023,57565140,d8be9b11939c60ef800896b9f5dd29dd,92127264.0,3.0,6.80000019,f,8.1,4.0,APROVADO
390024,57565140,3be0a9d02f52ad9e368b82c93f60bb59,92127264.0,1.0,8.5,f,7.3,18.0,APROVADO
390025,57565140,3be0a9d02f52ad9e368b82c93f60bb59,92127264.0,2.0,5.5,f,7.3,18.0,APROVADO
390026,57565140,3be0a9d02f52ad9e368b82c93f60bb59,92127264.0,3.0,7.80000019,f,7.3,18.0,APROVADO
390027,57565140,b49b8b207a2d4bf9b21a01b73a0cdb29,92127264.0,2.0,10.0,f,8.6,10.0,APROVADO
390028,57565140,b49b8b207a2d4bf9b21a01b73a0cdb29,92127264.0,3.0,8.39999962,f,8.6,10.0,APROVADO
390029,57565140,b49b8b207a2d4bf9b21a01b73a0cdb29,92127264.0,1.0,7.5,f,8.6,10.0,APROVADO
390030,57565140,08f00f60be208994947441f13c9e3ee1,92127264.0,0,0,0,0,0,DESISTENCIA
390031,57565140,a0a597672742f11324d64601528a0257,92127264.0,1.0,10.0,f,9.7,2.0,APROVADO
390032,57565140,a0a597672742f11324d64601528a0257,92127264.0,2.0,10.0,f,9.7,2.0,APROVADO
390033,57565140,a0a597672742f11324d64601528a0257,92127264.0,3.0,9.19999981,f,9.7,2.0,APROVADO
390034,57565140,7a69539ac36db2d7ac503e47975f3034,92127264.0,1.0,10.0,f,9.8,10.0,APROVADO
390035,57565140,7a69539ac36db2d7ac503e47975f3034,92127264.0,2.0,10.0,f,9.8,10.0,APROVADO
390036,57565140,7a69539ac36db2d7ac503e47975f3034,92127264.0,3.0,9.5,f,9.8,10.0,APROVADO
391693,57564877,0ffb4aa94f1a28fe82aaea216f863b44,92127264.0,1.0,0.0,f,0,0.0,TRANCADO
391694,57564877,0ffb4aa94f1a28fe82aaea216f863b44,92127264.0,2.0,0,f,0,0.0,TRANCADO
391695,57564877,0ffb4aa94f1a28fe82aaea216f863b44,92127264.0,3.0,0,f,0,0.0,TRANCADO
391696,57564877,cff7c70087a7b4b87b5534c26264fbcb,92127264.0,0,0,0,0,0,DESISTENCIA
391697,57564877,f8241da5c6b786e1253454b70ceed8ff,92127264.0,1.0,9.5,f,9.0,0.0,APROVADO
391698,57564877,f8241da5c6b786e1253454b70ceed8ff,92127264.0,2.0,8.5,f,9.0,0.0,APROVADO
391699,57564877,f8241da5c6b786e1253454b70ceed8ff,92127264.0,3.0,9.0,f,9.0,0.0,APROVADO
399322,57568648,e793aa9d2b00b6830ee02eeb41f24dc2,92127264.0,1.0,10.0,f,10.0,2.0,APROVADO
399323,57568648,e793aa9d2b00b6830ee02eeb41f24dc2,92127264.0,2.0,10.0,f,10.0,2.0,APROVADO
399324,57568648,e793aa9d2b00b6830ee02eeb41f24dc2,92127264.0,3.0,10.0,f,10.0,2.0,APROVADO
405267,57564838,c889778b21ac2abebcccd62ff678f546,92127264.0,1.0,8.69999981,f,7.4,6.0,APROVADO
405268,57564838,c889778b21ac2abebcccd62ff678f546,92127264.0,2.0,5.5,f,7.4,6.0,APROVADO
405269,57564838,c889778b21ac2abebcccd62ff678f546,92127264.0,3.0,8.0,f,7.4,6.0,APROVADO
410441,57564836,4b11fb51905da447d0cefc76ce4f5f94,92127264.0,1.0,9.69999981,f,8.5,4.0,APROVADO
410442,57564836,4b11fb51905da447d0cefc76ce4f5f94,92127264.0,2.0,7.5,f,8.5,4.0,APROVADO
410443,57564836,4b11fb51905da447d0cefc76ce4f5f94,92127264.0,3.0,8.19999981,f,8.5,4.0,APROVADO
410444,57564836,847e489b0b8c99c0edb33f2ccdff3608,92127264.0,1.0,9.30000019,f,9.3,2.0,APROVADO
410445,57564836,847e489b0b8c99c0edb33f2ccdff3608,92127264.0,2.0,10.0,f,9.3,2.0,APROVADO
410446,57564836,847e489b0b8c99c0edb33f2ccdff3608,92127264.0,3.0,8.5,f,9.3,2.0,APROVADO
410447,57564836,eddf85f8de16759001056bee8d4bf32b,92127264.0,3.0,8.0,f,9.2,4.0,APROVADO
410448,57564836,eddf85f8de16759001056bee8d4bf32b,92127264.0,1.0,9.69999981,f,9.2,4.0,APROVADO
410449,57564836,eddf85f8de16759001056bee8d4bf32b,92127264.0,2.0,9.80000019,f,9.2,4.0,APROVADO
410462,57564836,e1b01dddfefb34bbf9739d100d7f62bf,92127264.0,1.0,2.29999995,f,5.0,4.0,APROVADO POR NOTA
410463,57564836,e1b01dddfefb34bbf9739d100d7f62bf,92127264.0,2.0,1.79999995,t,5.0,4.0,APROVADO POR NOTA
410464,57564836,e1b01dddfefb34bbf9739d100d7f62bf,92127264.0,3.0,8.10000038,f,5.0,4.0,APROVADO POR NOTA
410468,57564836,1ea845bec856c74ecee4c9aa5150379a,92127264.0,1.0,0.0,f,0.0,24.0,REPROVADO POR MÉDIA E POR FALTAS
410469,57564836,1ea845bec856c74ecee4c9aa5150379a,92127264.0,2.0,0.0,f,0.0,24.0,REPROVADO POR MÉDIA E POR FALTAS
410470,57564836,1ea845bec856c74ecee4c9aa5150379a,92127264.0,3.0,0.0,f,0.0,24.0,REPROVADO POR MÉDIA E POR FALTAS
410471,57564837,e268ca812a9daa1b587699e002bd7be5,92127264.0,1.0,1.0,f,0.3,22.0,REPROVADO POR MÉDIA E POR FALTAS
410472,57564837,e268ca812a9daa1b587699e002bd7be5,92127264.0,2.0,0.0,f,0.3,22.0,REPROVADO POR MÉDIA E POR FALTAS
410473,57564837,e268ca812a9daa1b587699e002bd7be5,92127264.0,3.0,0.0,f,0.3,22.0,REPROVADO POR MÉDIA E POR FALTAS
410475,57564837,ab2978dc1b698b43f07067994d2cb007,92127264.0,1.0,3.0,f,1.2,16.0,REPROVADO POR MÉDIA E POR FALTAS
410476,57564837,ab2978dc1b698b43f07067994d2cb007,92127264.0,2.0,0.5,f,1.2,16.0,REPROVADO POR MÉDIA E POR FALTAS
410477,57564837,ab2978dc1b698b43f07067994d2cb007,92127264.0,3.0,0.0,f,1.2,16.0,REPROVADO POR MÉDIA E POR FALTAS
410478,57564837,ccfe06283d005ceefe56c324208b244c,92127264.0,1.0,9.0,f,9.2,6.0,APROVADO
410479,57564837,ccfe06283d005ceefe56c324208b244c,92127264.0,2.0,8.89999962,f,9.2,6.0,APROVADO
410480,57564837,ccfe06283d005ceefe56c324208b244c,92127264.0,3.0,9.60000038,f,9.2,6.0,APROVADO
410481,57564837,337456e02d9ba98811e329391b0dd2e6,92127264.0,1.0,7.69999981,f,7.4,0.0,APROVADO
410482,57564837,337456e02d9ba98811e329391b0dd2e6,92127264.0,2.0,6.0999999,f,7.4,0.0,APROVADO
410483,57564837,337456e02d9ba98811e329391b0dd2e6,92127264.0,3.0,8.5,f,7.4,0.0,APROVADO
410484,57564837,9587f07b5bb20fc57f90e83d1b107a5b,92127264.0,0,0,0,0,0,DESISTENCIA
410485,57564837,ce40965bf5c874a683b8c9dc45e03115,92127264.0,0,0,0,0,0,DESISTENCIA
410490,57564837,263b538e5e0beb5b381cb30ac69e7856,92127264.0,1.0,7.5,f,7.4,4.0,APROVADO
410491,57564837,263b538e5e0beb5b381cb30ac69e7856,92127264.0,2.0,7.0,f,7.4,4.0,APROVADO
410492,57564837,263b538e5e0beb5b381cb30ac69e7856,92127264.0,3.0,7.80000019,f,7.4,4.0,APROVADO
410493,57564837,f8bd9385c1f1481d189651206ff59cd4,92127264.0,1.0,10.0,f,7.3,8.0,APROVADO
410494,57564837,f8bd9385c1f1481d189651206ff59cd4,92127264.0,2.0,10.0,f,7.3,8.0,APROVADO
410495,57564837,f8bd9385c1f1481d189651206ff59cd4,92127264.0,3.0,2.0,f,7.3,8.0,APROVADO
416367,57565222,d3e0ce14a4c04f62b08b60df73fd7de1,92127264.0,1.0,2.5,t,5.0,41.0,APROVADO POR NOTA
416368,57565222,d3e0ce14a4c04f62b08b60df73fd7de1,92127264.0,2.0,4.099999899999999,f,5.0,41.0,APROVADO POR NOTA
416369,57565222,d3e0ce14a4c04f62b08b60df73fd7de1,92127264.0,3.0,5.5,f,5.0,41.0,APROVADO POR NOTA
417263,57568649,1084bfe76dd5ef9187ef67922d26e66a,92127264.0,3.0,10.0,f,10.0,0.0,APROVADO
417264,57568649,1084bfe76dd5ef9187ef67922d26e66a,92127264.0,1.0,10.0,f,10.0,0.0,APROVADO
417265,57568649,1084bfe76dd5ef9187ef67922d26e66a,92127264.0,2.0,10.0,f,10.0,0.0,APROVADO
421321,57566733,81b3bf9f2b3b99b358a853e77c69d338,92127264.0,1.0,8.5,f,8.0,18.0,APROVADO
421322,57566733,81b3bf9f2b3b99b358a853e77c69d338,92127264.0,2.0,8.0,f,8.0,18.0,APROVADO
421323,57566733,81b3bf9f2b3b99b358a853e77c69d338,92127264.0,3.0,7.5,f,8.0,18.0,APROVADO
421324,57566733,deef0a878b7ac3d6e642ed295a0e739e,92127264.0,1.0,10.0,f,9.1,4.0,APROVADO
421325,57566733,deef0a878b7ac3d6e642ed295a0e739e,92127264.0,2.0,10.0,f,9.1,4.0,APROVADO
421326,57566733,deef0a878b7ac3d6e642ed295a0e739e,92127264.0,3.0,7.30000019,f,9.1,4.0,APROVADO
421327,57566733,6d42cc9c6a322c7518b6e14c0cb943c4,92127264.0,1.0,10.0,f,7.8,6.0,APROVADO
421328,57566733,6d42cc9c6a322c7518b6e14c0cb943c4,92127264.0,2.0,7.599999900000001,f,7.8,6.0,APROVADO
421329,57566733,6d42cc9c6a322c7518b6e14c0cb943c4,92127264.0,3.0,5.9000001,f,7.8,6.0,APROVADO
421330,57566733,ba5fefd9bd218063b6484ba2916d3bf0,92127264.0,1.0,6.80000019,f,7.8,0.0,APROVADO
421331,57566733,ba5fefd9bd218063b6484ba2916d3bf0,92127264.0,2.0,9.10000038,f,7.8,0.0,APROVADO
421332,57566733,ba5fefd9bd218063b6484ba2916d3bf0,92127264.0,3.0,7.400000099999999,f,7.8,0.0,APROVADO
421339,57566733,c1d4e7afda2dc570f6d8319b0f511f8b,92127264.0,1.0,3.0,f,5.7,4.0,APROVADO POR NOTA
421340,57566733,c1d4e7afda2dc570f6d8319b0f511f8b,92127264.0,2.0,9.10000038,f,5.7,4.0,APROVADO POR NOTA
421341,57566733,c1d4e7afda2dc570f6d8319b0f511f8b,92127264.0,3.0,4.9000001,f,5.7,4.0,APROVADO POR NOTA
421348,57566733,b06b391213ef9e3897598dec729ae710,92127264.0,1.0,0.5,f,1.4,14.0,REPROVADO
421349,57566733,b06b391213ef9e3897598dec729ae710,92127264.0,2.0,3.79999995,f,1.4,14.0,REPROVADO
421350,57566733,b06b391213ef9e3897598dec729ae710,92127264.0,3.0,0.0,f,1.4,14.0,REPROVADO
421351,57566733,ac15394f332cd690a1f81161dddf8620,92127264.0,1.0,1.5,f,0.5,22.0,REPROVADO POR MÉDIA E POR FALTAS
421352,57566733,ac15394f332cd690a1f81161dddf8620,92127264.0,2.0,0.0,f,0.5,22.0,REPROVADO POR MÉDIA E POR FALTAS
421353,57566733,ac15394f332cd690a1f81161dddf8620,92127264.0,3.0,0.0,f,0.5,22.0,REPROVADO POR MÉDIA E POR FALTAS
421354,57566733,5625c20186d9be50433092f3269db96a,92127264.0,1.0,8.5,f,9.4,4.0,APROVADO
421355,57566733,5625c20186d9be50433092f3269db96a,92127264.0,2.0,10.0,f,9.4,4.0,APROVADO
421356,57566733,5625c20186d9be50433092f3269db96a,92127264.0,3.0,9.80000019,f,9.4,4.0,APROVADO
422724,57567587,67a7d8d14b772580587d3409b1d352e7,92127264.0,1.0,7.80000019,f,6.7,16.0,APROVADO POR NOTA
422725,57567587,67a7d8d14b772580587d3409b1d352e7,92127264.0,2.0,5.0,f,6.7,16.0,APROVADO POR NOTA
422726,57567587,67a7d8d14b772580587d3409b1d352e7,92127264.0,3.0,7.30000019,f,6.7,16.0,APROVADO POR NOTA
422727,57567587,0188fee9f69676d5d450513676ffa20f,92127264.0,1.0,7.19999981,f,6.8,8.0,APROVADO POR NOTA
422728,57567587,0188fee9f69676d5d450513676ffa20f,92127264.0,2.0,6.0,f,6.8,8.0,APROVADO POR NOTA
422729,57567587,0188fee9f69676d5d450513676ffa20f,92127264.0,3.0,7.30000019,f,6.8,8.0,APROVADO POR NOTA
422730,57567587,0c4312afd7654b4572f06d1f4e90b884,92127264.0,1.0,4.0,f,4.6,8.0,REPROVADO
422731,57567587,0c4312afd7654b4572f06d1f4e90b884,92127264.0,2.0,4.69999981,f,4.6,8.0,REPROVADO
422732,57567587,0c4312afd7654b4572f06d1f4e90b884,92127264.0,3.0,5.0,f,4.6,8.0,REPROVADO
422740,57567587,934e88c3c9b5350160b13b623c2d340d,92127264.0,1.0,4.69999981,f,1.6,14.0,REPROVADO
422741,57567587,934e88c3c9b5350160b13b623c2d340d,92127264.0,2.0,0.0,f,1.6,14.0,REPROVADO
422742,57567587,934e88c3c9b5350160b13b623c2d340d,92127264.0,3.0,0.0,f,1.6,14.0,REPROVADO
422743,57567587,ceef990f02872e8bebca84a13d8f4f9a,92127264.0,1.0,8.69999981,f,8.6,6.0,APROVADO
422744,57567587,ceef990f02872e8bebca84a13d8f4f9a,92127264.0,2.0,8.5,f,8.6,6.0,APROVADO
422745,57567587,ceef990f02872e8bebca84a13d8f4f9a,92127264.0,3.0,8.5,f,8.6,6.0,APROVADO
422747,57567587,c1d4e7afda2dc570f6d8319b0f511f8b,92127264.0,1.0,7.0,f,6.3,4.0,APROVADO POR NOTA
422748,57567587,c1d4e7afda2dc570f6d8319b0f511f8b,92127264.0,2.0,5.5,f,6.3,4.0,APROVADO POR NOTA
422749,57567587,c1d4e7afda2dc570f6d8319b0f511f8b,92127264.0,3.0,6.30000019,f,6.3,4.0,APROVADO POR NOTA
422751,57567587,af65b0051467eb06384d34802be17b9b,92127264.0,1.0,5.0,f,5.7,12.0,APROVADO POR NOTA
422752,57567587,af65b0051467eb06384d34802be17b9b,92127264.0,2.0,6.5,f,5.7,12.0,APROVADO POR NOTA
422753,57567587,af65b0051467eb06384d34802be17b9b,92127264.0,3.0,1.70000005,t,5.7,12.0,APROVADO POR NOTA
422754,57567587,e16576bd21bb2c78f61e3b895da26433,92127264.0,1.0,5.80000019,f,5.3,14.0,APROVADO POR NOTA
422755,57567587,e16576bd21bb2c78f61e3b895da26433,92127264.0,2.0,3.5,f,5.3,14.0,APROVADO POR NOTA
422756,57567587,e16576bd21bb2c78f61e3b895da26433,92127264.0,3.0,0.0,t,5.3,14.0,APROVADO POR NOTA
422757,57567587,0e0595fa516d0c30274d615212d43adb,92127264.0,1.0,5.0,f,3.7,12.0,REPROVADO
422758,57567587,0e0595fa516d0c30274d615212d43adb,92127264.0,2.0,4.5,f,3.7,12.0,REPROVADO
422759,57567587,0e0595fa516d0c30274d615212d43adb,92127264.0,3.0,1.70000005,f,3.7,12.0,REPROVADO
423149,57567573,4402f41efd8b2de8bd404bf6cdce34ef,92127264.0,1.0,1.89999998,t,3.3,4.0,REPROVADO
423150,57567573,4402f41efd8b2de8bd404bf6cdce34ef,92127264.0,2.0,2.5,f,3.3,4.0,REPROVADO
423151,57567573,4402f41efd8b2de8bd404bf6cdce34ef,92127264.0,3.0,5.0,f,3.3,4.0,REPROVADO
423152,57567573,2297eebcbf4008c925c4056c12bb3b27,92127264.0,1.0,7.0,f,6.2,6.0,APROVADO POR NOTA
423153,57567573,2297eebcbf4008c925c4056c12bb3b27,92127264.0,2.0,4.69999981,f,6.2,6.0,APROVADO POR NOTA
423154,57567573,2297eebcbf4008c925c4056c12bb3b27,92127264.0,3.0,6.80000019,f,6.2,6.0,APROVADO POR NOTA
423155,57567573,2dc7771e870b008c111aa85ad59f1f66,92127264.0,1.0,5.19999981,f,5.2,16.0,APROVADO POR NOTA
423156,57567573,2dc7771e870b008c111aa85ad59f1f66,92127264.0,2.0,3.5,f,5.2,16.0,APROVADO POR NOTA
423157,57567573,2dc7771e870b008c111aa85ad59f1f66,92127264.0,3.0,6.900000099999999,f,5.2,16.0,APROVADO POR NOTA
423158,57567573,77a188e6ffe37c8c56916b5669cc1fa8,92127264.0,1.0,6.5,f,5.9,17.0,APROVADO POR NOTA
423159,57567573,77a188e6ffe37c8c56916b5669cc1fa8,92127264.0,2.0,2.5999999,t,5.9,17.0,APROVADO POR NOTA
423160,57567573,77a188e6ffe37c8c56916b5669cc1fa8,92127264.0,3.0,6.900000099999999,f,5.9,17.0,APROVADO POR NOTA
423161,57567573,c3902a9ccfe7c9a5efa7ff9d43c296b1,92127264.0,1.0,6.0,f,5.5,4.0,APROVADO POR NOTA
423162,57567573,c3902a9ccfe7c9a5efa7ff9d43c296b1,92127264.0,2.0,4.69999981,f,5.5,4.0,APROVADO POR NOTA
423163,57567573,c3902a9ccfe7c9a5efa7ff9d43c296b1,92127264.0,3.0,5.69999981,f,5.5,4.0,APROVADO POR NOTA
425149,57568131,8686cb9f0defc9fec6c7bf5fed40bda4,92127264.0,1.0,7.80000019,f,7.7,0.0,APROVADO
425150,57568131,8686cb9f0defc9fec6c7bf5fed40bda4,92127264.0,2.0,7.900000099999999,f,7.7,0.0,APROVADO
425151,57568131,8686cb9f0defc9fec6c7bf5fed40bda4,92127264.0,3.0,7.5,f,7.7,0.0,APROVADO
425152,57568131,515f232c90b19e1014be58aeb8b56266,92127264.0,1.0,1.10000002,f,0.4,56.0,REPROVADO POR MÉDIA E POR FALTAS
425153,57568131,515f232c90b19e1014be58aeb8b56266,92127264.0,2.0,0.0,f,0.4,56.0,REPROVADO POR MÉDIA E POR FALTAS
425154,57568131,515f232c90b19e1014be58aeb8b56266,92127264.0,3.0,0.0,f,0.4,56.0,REPROVADO POR MÉDIA E POR FALTAS
425156,57568131,e16576bd21bb2c78f61e3b895da26433,92127264.0,0,0,0,0,0,TRANCADO
425157,57568131,0188fee9f69676d5d450513676ffa20f,92127264.0,1.0,5.4000001,f,2.9,32.0,REPROVADO POR MÉDIA E POR FALTAS
425158,57568131,0188fee9f69676d5d450513676ffa20f,92127264.0,2.0,3.20000005,f,2.9,32.0,REPROVADO POR MÉDIA E POR FALTAS
425159,57568131,0188fee9f69676d5d450513676ffa20f,92127264.0,3.0,0.0,f,2.9,32.0,REPROVADO POR MÉDIA E POR FALTAS
425160,57568131,543aeb16ec6f7813d7e474c71e368933,92127264.0,1.0,9.19999981,f,8.7,8.0,APROVADO
425161,57568131,543aeb16ec6f7813d7e474c71e368933,92127264.0,2.0,8.5,f,8.7,8.0,APROVADO
425162,57568131,543aeb16ec6f7813d7e474c71e368933,92127264.0,3.0,8.30000019,f,8.7,8.0,APROVADO
425163,57568131,b419813a078aae20633c5585127ede87,92127264.0,1.0,5.0,f,4.9,12.0,REPROVADO
425164,57568131,b419813a078aae20633c5585127ede87,92127264.0,2.0,5.30000019,f,4.9,12.0,REPROVADO
425165,57568131,b419813a078aae20633c5585127ede87,92127264.0,3.0,4.099999899999999,t,4.9,12.0,REPROVADO
427887,57564845,52e567da9dc48df1c9c4cca1d3857a71,92127264.0,1.0,0.0,t,5.6,4.0,APROVADO POR NOTA
427888,57564845,52e567da9dc48df1c9c4cca1d3857a71,92127264.0,2.0,3.5999999,f,5.6,4.0,APROVADO POR NOTA
427889,57564845,52e567da9dc48df1c9c4cca1d3857a71,92127264.0,3.0,5.30000019,f,5.6,4.0,APROVADO POR NOTA
427893,57564845,e793aa9d2b00b6830ee02eeb41f24dc2,92127264.0,1.0,6.0,f,2.0,0.0,REPROVADO
427894,57564845,e793aa9d2b00b6830ee02eeb41f24dc2,92127264.0,2.0,0.0,f,2.0,0.0,REPROVADO
427895,57564845,e793aa9d2b00b6830ee02eeb41f24dc2,92127264.0,3.0,0.0,f,2.0,0.0,REPROVADO
427896,57564845,e5f2810aa63e3d1d0472a76623334c72,92127264.0,1.0,3.20000005,f,1.5,0.0,REPROVADO
427897,57564845,e5f2810aa63e3d1d0472a76623334c72,92127264.0,2.0,1.39999998,f,1.5,0.0,REPROVADO
427898,57564845,e5f2810aa63e3d1d0472a76623334c72,92127264.0,3.0,0.0,f,1.5,0.0,REPROVADO
427899,57564845,a6828dd2dd4b8ff21c763f6d1f6f5e04,92127264.0,1.0,2.0,f,0.9,0.0,REPROVADO
427900,57564845,a6828dd2dd4b8ff21c763f6d1f6f5e04,92127264.0,2.0,0.699999988,f,0.9,0.0,REPROVADO
427901,57564845,a6828dd2dd4b8ff21c763f6d1f6f5e04,92127264.0,3.0,0.0,f,0.9,0.0,REPROVADO
427902,57564845,0b94a8805eba989f442796ed60e1899b,92127264.0,1.0,1.79999995,f,1.4,0.0,REPROVADO
427903,57564845,0b94a8805eba989f442796ed60e1899b,92127264.0,2.0,2.5,f,1.4,0.0,REPROVADO
427904,57564845,0b94a8805eba989f442796ed60e1899b,92127264.0,3.0,0.0,f,1.4,0.0,REPROVADO
427905,57564845,aad31258ef0f8e30cd3d4eea691a6c18,92127264.0,1.0,6.69999981,f,6.2,0.0,APROVADO POR NOTA
427906,57564845,aad31258ef0f8e30cd3d4eea691a6c18,92127264.0,2.0,6.599999900000001,f,6.2,0.0,APROVADO POR NOTA
427907,57564845,aad31258ef0f8e30cd3d4eea691a6c18,92127264.0,3.0,5.30000019,f,6.2,0.0,APROVADO POR NOTA
427908,57564845,dc71ff037f1e98823ef208155af16c47,92127264.0,1.0,4.5999999,f,5.3,8.0,APROVADO POR NOTA
427909,57564845,dc71ff037f1e98823ef208155af16c47,92127264.0,2.0,4.5,t,5.3,8.0,APROVADO POR NOTA
427910,57564845,dc71ff037f1e98823ef208155af16c47,92127264.0,3.0,5.30000019,f,5.3,8.0,APROVADO POR NOTA
427911,57564845,97f43e2dc31d79073af85501a0e41c46,92127264.0,1.0,3.20000005,f,3.0,22.0,REPROVADO POR MÉDIA E POR FALTAS
427912,57564845,97f43e2dc31d79073af85501a0e41c46,92127264.0,2.0,4.0,f,3.0,22.0,REPROVADO POR MÉDIA E POR FALTAS
427913,57564845,97f43e2dc31d79073af85501a0e41c46,92127264.0,3.0,1.70000005,f,3.0,22.0,REPROVADO POR MÉDIA E POR FALTAS
427914,57564845,906fb61db8d4c543d4f9e8d746e250b0,92127264.0,1.0,8.10000038,f,8.6,0.0,APROVADO
427915,57564845,906fb61db8d4c543d4f9e8d746e250b0,92127264.0,2.0,8.69999981,f,8.6,0.0,APROVADO
427916,57564845,906fb61db8d4c543d4f9e8d746e250b0,92127264.0,3.0,9.10000038,f,8.6,0.0,APROVADO
431474,57563855,52df7a26e3059a52241366146b904b01,92127264.0,0,0,0,0,0,TRANCADO
431478,57563855,935575d8369467656832d455e86b8290,92127264.0,1.0,4.30000019,f,5.3,0.0,APROVADO POR NOTA
431479,57563855,935575d8369467656832d455e86b8290,92127264.0,2.0,4.0,f,5.3,0.0,APROVADO POR NOTA
431480,57563855,935575d8369467656832d455e86b8290,92127264.0,3.0,7.5,f,5.3,0.0,APROVADO POR NOTA
431706,57566705,0e0595fa516d0c30274d615212d43adb,92127264.0,1.0,4.0,f,5.0,4.0,APROVADO POR NOTA
431707,57566705,0e0595fa516d0c30274d615212d43adb,92127264.0,2.0,2.0999999,t,5.0,4.0,APROVADO POR NOTA
431708,57566705,0e0595fa516d0c30274d615212d43adb,92127264.0,3.0,6.69999981,f,5.0,4.0,APROVADO POR NOTA
431723,57566705,934e88c3c9b5350160b13b623c2d340d,92127264.0,1.0,3.70000005,f,5.2,6.0,APROVADO POR NOTA
431724,57566705,934e88c3c9b5350160b13b623c2d340d,92127264.0,2.0,2.29999995,t,5.2,6.0,APROVADO POR NOTA
431725,57566705,934e88c3c9b5350160b13b623c2d340d,92127264.0,3.0,8.0,f,5.2,6.0,APROVADO POR NOTA
431734,57566705,af65b0051467eb06384d34802be17b9b,92127264.0,3.0,6.69999981,f,5.0,4.0,APROVADO POR NOTA
431735,57566705,af65b0051467eb06384d34802be17b9b,92127264.0,2.0,3.20000005,t,5.0,4.0,APROVADO POR NOTA
431736,57566705,af65b0051467eb06384d34802be17b9b,92127264.0,1.0,3.29999995,f,5.0,4.0,APROVADO POR NOTA
431741,57566705,ceef990f02872e8bebca84a13d8f4f9a,92127264.0,1.0,6.80000019,f,6.3,2.0,APROVADO POR NOTA
431742,57566705,ceef990f02872e8bebca84a13d8f4f9a,92127264.0,2.0,4.19999981,f,6.3,2.0,APROVADO POR NOTA
431743,57566705,ceef990f02872e8bebca84a13d8f4f9a,92127264.0,3.0,8.0,f,6.3,2.0,APROVADO POR NOTA
431747,57566705,0c4312afd7654b4572f06d1f4e90b884,92127264.0,3.0,8.0,f,6.1,8.0,APROVADO POR NOTA
431748,57566705,0c4312afd7654b4572f06d1f4e90b884,92127264.0,1.0,5.69999981,f,6.1,8.0,APROVADO POR NOTA
431749,57566705,0c4312afd7654b4572f06d1f4e90b884,92127264.0,2.0,4.5999999,f,6.1,8.0,APROVADO POR NOTA
431751,57566705,e16576bd21bb2c78f61e3b895da26433,92127264.0,1.0,7.5,f,7.6,8.0,APROVADO
431752,57566705,e16576bd21bb2c78f61e3b895da26433,92127264.0,2.0,7.400000099999999,f,7.6,8.0,APROVADO
431753,57566705,e16576bd21bb2c78f61e3b895da26433,92127264.0,3.0,7.900000099999999,f,7.6,8.0,APROVADO
431754,57568798,b06b391213ef9e3897598dec729ae710,92127264.0,1.0,3.0999999,f,2.8,16.0,REPROVADO
431755,57568798,b06b391213ef9e3897598dec729ae710,92127264.0,2.0,0.0,f,2.8,16.0,REPROVADO
431756,57568798,b06b391213ef9e3897598dec729ae710,92127264.0,3.0,5.4000001,f,2.8,16.0,REPROVADO
431757,57568798,3b48300bd7aff535ce9d374f07552021,92127264.0,1.0,7.0,f,5.5,6.0,APROVADO POR NOTA
431758,57568798,3b48300bd7aff535ce9d374f07552021,92127264.0,2.0,3.79999995,f,5.5,6.0,APROVADO POR NOTA
431759,57568798,3b48300bd7aff535ce9d374f07552021,92127264.0,3.0,5.69999981,f,5.5,6.0,APROVADO POR NOTA
431760,57568798,934e88c3c9b5350160b13b623c2d340d,92127264.0,1.0,5.9000001,f,5.2,6.0,REPROVADO POR NOTA
431761,57568798,934e88c3c9b5350160b13b623c2d340d,92127264.0,2.0,2.4000001,f,5.2,6.0,REPROVADO POR NOTA
431762,57568798,934e88c3c9b5350160b13b623c2d340d,92127264.0,3.0,7.400000099999999,f,5.2,6.0,REPROVADO POR NOTA
431763,57568798,c1d4e7afda2dc570f6d8319b0f511f8b,92127264.0,1.0,5.80000019,f,5.0,0.0,APROVADO POR NOTA
431764,57568798,c1d4e7afda2dc570f6d8319b0f511f8b,92127264.0,2.0,3.5999999,f,5.0,0.0,APROVADO POR NOTA
431765,57568798,c1d4e7afda2dc570f6d8319b0f511f8b,92127264.0,3.0,5.5999999,f,5.0,0.0,APROVADO POR NOTA
431766,57568798,ceef990f02872e8bebca84a13d8f4f9a,92127264.0,1.0,6.5,f,6.6,4.0,APROVADO POR NOTA
431767,57568798,ceef990f02872e8bebca84a13d8f4f9a,92127264.0,2.0,2.70000005,t,6.6,4.0,APROVADO POR NOTA
431768,57568798,ceef990f02872e8bebca84a13d8f4f9a,92127264.0,3.0,7.400000099999999,f,6.6,4.0,APROVADO POR NOTA
431769,57568798,ac15394f332cd690a1f81161dddf8620,92127264.0,1.0,4.9000001,f,4.5,12.0,REPROVADO
431770,57568798,ac15394f332cd690a1f81161dddf8620,92127264.0,2.0,3.20000005,f,4.5,12.0,REPROVADO
431771,57568798,ac15394f332cd690a1f81161dddf8620,92127264.0,3.0,5.4000001,f,4.5,12.0,REPROVADO
431772,57568798,b06b391213ef9e3897598dec729ae710,92127264.0,1.0,3.0999999,f,2.8,16.0,REPROVADO
431773,57568798,b06b391213ef9e3897598dec729ae710,92127264.0,2.0,0.0,f,2.8,16.0,REPROVADO
431774,57568798,b06b391213ef9e3897598dec729ae710,92127264.0,3.0,5.4000001,f,2.8,16.0,REPROVADO
431775,57568798,3b48300bd7aff535ce9d374f07552021,92127264.0,1.0,7.0,f,5.5,6.0,APROVADO POR NOTA
431776,57568798,3b48300bd7aff535ce9d374f07552021,92127264.0,2.0,3.79999995,f,5.5,6.0,APROVADO POR NOTA
431777,57568798,3b48300bd7aff535ce9d374f07552021,92127264.0,3.0,5.69999981,f,5.5,6.0,APROVADO POR NOTA
431778,57568798,934e88c3c9b5350160b13b623c2d340d,92127264.0,1.0,5.9000001,f,5.2,6.0,REPROVADO POR NOTA
431779,57568798,934e88c3c9b5350160b13b623c2d340d,92127264.0,2.0,2.4000001,f,5.2,6.0,REPROVADO POR NOTA
431780,57568798,934e88c3c9b5350160b13b623c2d340d,92127264.0,3.0,7.400000099999999,f,5.2,6.0,REPROVADO POR NOTA
431781,57568798,c1d4e7afda2dc570f6d8319b0f511f8b,92127264.0,1.0,5.80000019,f,5.0,0.0,APROVADO POR NOTA
431782,57568798,c1d4e7afda2dc570f6d8319b0f511f8b,92127264.0,2.0,3.5999999,f,5.0,0.0,APROVADO POR NOTA
431783,57568798,c1d4e7afda2dc570f6d8319b0f511f8b,92127264.0,3.0,5.5999999,f,5.0,0.0,APROVADO POR NOTA
431784,57568798,ceef990f02872e8bebca84a13d8f4f9a,92127264.0,1.0,6.5,f,6.6,4.0,APROVADO POR NOTA
431785,57568798,ceef990f02872e8bebca84a13d8f4f9a,92127264.0,2.0,2.70000005,t,6.6,4.0,APROVADO POR NOTA
431786,57568798,ceef990f02872e8bebca84a13d8f4f9a,92127264.0,3.0,7.400000099999999,f,6.6,4.0,APROVADO POR NOTA
431787,57568798,ac15394f332cd690a1f81161dddf8620,92127264.0,1.0,4.9000001,f,4.5,12.0,REPROVADO
431788,57568798,ac15394f332cd690a1f81161dddf8620,92127264.0,2.0,3.20000005,f,4.5,12.0,REPROVADO
431789,57568798,ac15394f332cd690a1f81161dddf8620,92127264.0,3.0,5.4000001,f,4.5,12.0,REPROVADO
432192,57566670,4b11fb51905da447d0cefc76ce4f5f94,92127264.0,1.0,10.0,f,10.0,10.0,APROVADO
432193,57566670,4b11fb51905da447d0cefc76ce4f5f94,92127264.0,2.0,10.0,f,10.0,10.0,APROVADO
432206,57566703,735bbfb6f7ab46b58f900d62a6e3cf26,92127264.0,1.0,7.599999900000001,f,6.2,0.0,APROVADO POR NOTA
432207,57566703,735bbfb6f7ab46b58f900d62a6e3cf26,92127264.0,2.0,5.0,f,6.2,0.0,APROVADO POR NOTA
432208,57566703,735bbfb6f7ab46b58f900d62a6e3cf26,92127264.0,3.0,6.0,f,6.2,0.0,APROVADO POR NOTA
432209,57566703,09c576ebed33d3a813eabe6d34f29efc,92127264.0,1.0,7.5,f,7.3,0.0,APROVADO
432210,57566703,09c576ebed33d3a813eabe6d34f29efc,92127264.0,2.0,7.0,f,7.3,0.0,APROVADO
432211,57566703,09c576ebed33d3a813eabe6d34f29efc,92127264.0,3.0,7.5,f,7.3,0.0,APROVADO
432212,57566703,0e0595fa516d0c30274d615212d43adb,92127264.0,1.0,5.4000001,f,5.5,0.0,APROVADO POR NOTA
432213,57566703,0e0595fa516d0c30274d615212d43adb,92127264.0,2.0,4.0,f,5.5,0.0,APROVADO POR NOTA
432214,57566703,0e0595fa516d0c30274d615212d43adb,92127264.0,3.0,3.5,t,5.5,0.0,APROVADO POR NOTA
432215,57566703,515f232c90b19e1014be58aeb8b56266,92127264.0,1.0,7.5,f,7.0,0.0,APROVADO
432216,57566703,515f232c90b19e1014be58aeb8b56266,92127264.0,2.0,7.5,f,7.0,0.0,APROVADO
432217,57566703,515f232c90b19e1014be58aeb8b56266,92127264.0,3.0,6.0,f,7.0,0.0,APROVADO
432218,57566703,af65b0051467eb06384d34802be17b9b,92127264.0,2.0,4.0,f,5.1,0.0,APROVADO POR NOTA
432219,57566703,af65b0051467eb06384d34802be17b9b,92127264.0,3.0,4.0,t,5.1,0.0,APROVADO POR NOTA
432220,57566703,af65b0051467eb06384d34802be17b9b,92127264.0,1.0,4.4000001,f,5.1,0.0,APROVADO POR NOTA
432221,57566703,7a4c4b293541c00f8352c2fa485b547c,92127264.0,1.0,4.80000019,f,5.6,0.0,APROVADO POR NOTA
432222,57566703,7a4c4b293541c00f8352c2fa485b547c,92127264.0,2.0,6.0,f,5.6,0.0,APROVADO POR NOTA
432223,57566703,7a4c4b293541c00f8352c2fa485b547c,92127264.0,3.0,6.0,f,5.6,0.0,APROVADO POR NOTA
432224,57566703,a7aeb59e1b92828f2ec3bd5cb467ff1f,92127264.0,1.0,8.0,f,7.2,0.0,APROVADO
432225,57566703,a7aeb59e1b92828f2ec3bd5cb467ff1f,92127264.0,2.0,7.0,f,7.2,0.0,APROVADO
432226,57566703,a7aeb59e1b92828f2ec3bd5cb467ff1f,92127264.0,3.0,6.5,f,7.2,0.0,APROVADO
432227,57566703,0c4312afd7654b4572f06d1f4e90b884,92127264.0,1.0,7.0,f,6.7,0.0,APROVADO POR NOTA
432228,57566703,0c4312afd7654b4572f06d1f4e90b884,92127264.0,2.0,7.0,f,6.7,0.0,APROVADO POR NOTA
432229,57566703,0c4312afd7654b4572f06d1f4e90b884,92127264.0,3.0,6.0,f,6.7,0.0,APROVADO POR NOTA
432230,57566703,4ca2aab5bc166799ef07328772683e6d,92127264.0,1.0,8.80000019,f,9.4,0.0,APROVADO
432231,57566703,4ca2aab5bc166799ef07328772683e6d,92127264.0,2.0,10.0,f,9.4,0.0,APROVADO
432232,57566703,4ca2aab5bc166799ef07328772683e6d,92127264.0,3.0,9.5,f,9.4,0.0,APROVADO
432335,57563859,b06b391213ef9e3897598dec729ae710,92127264.0,1.0,3.0,f,1.0,130.0,REPROVADO POR MÉDIA E POR FALTAS
432336,57563859,b06b391213ef9e3897598dec729ae710,92127264.0,2.0,0.0,f,1.0,130.0,REPROVADO POR MÉDIA E POR FALTAS
432337,57563859,b06b391213ef9e3897598dec729ae710,92127264.0,3.0,0.0,f,1.0,130.0,REPROVADO POR MÉDIA E POR FALTAS
432375,57563859,b7526a03c4edcc77987629a48ac76b64,92127264.0,0,0,0,0,0,DESISTENCIA
432376,57563859,81b3bf9f2b3b99b358a853e77c69d338,92127264.0,1.0,3.5,f,4.0,0.0,REPROVADO
432377,57563859,81b3bf9f2b3b99b358a853e77c69d338,92127264.0,2.0,3.5,f,4.0,0.0,REPROVADO
432378,57563859,81b3bf9f2b3b99b358a853e77c69d338,92127264.0,3.0,5.0,f,4.0,0.0,REPROVADO
432828,57563844,5625c20186d9be50433092f3269db96a,92127264.0,1.0,7.599999900000001,f,8.0,0.0,APROVADO
432829,57563844,5625c20186d9be50433092f3269db96a,92127264.0,2.0,8.19999981,f,8.0,0.0,APROVADO
432830,57563844,5625c20186d9be50433092f3269db96a,92127264.0,3.0,8.10000038,f,8.0,0.0,APROVADO
432831,57563844,a0a89fb407d12afefeb585fbd0232e80,92127264.0,1.0,6.900000099999999,f,6.5,0.0,APROVADO POR NOTA
432832,57563844,a0a89fb407d12afefeb585fbd0232e80,92127264.0,2.0,6.0,f,6.5,0.0,APROVADO POR NOTA
432833,57563844,a0a89fb407d12afefeb585fbd0232e80,92127264.0,3.0,6.69999981,f,6.5,0.0,APROVADO POR NOTA
432834,57563844,738ebc6d7bd6c58acd2364c0c262e500,92127264.0,1.0,7.099999900000001,f,6.6,0.0,APROVADO POR NOTA
432835,57563844,738ebc6d7bd6c58acd2364c0c262e500,92127264.0,2.0,6.0,f,6.6,0.0,APROVADO POR NOTA
432836,57563844,738ebc6d7bd6c58acd2364c0c262e500,92127264.0,3.0,6.80000019,f,6.6,0.0,APROVADO POR NOTA
432837,57563844,81b3bf9f2b3b99b358a853e77c69d338,92127264.0,3.0,7.599999900000001,f,7.0,0.0,APROVADO
432838,57563844,81b3bf9f2b3b99b358a853e77c69d338,92127264.0,1.0,8.30000019,f,7.0,0.0,APROVADO
432839,57563844,81b3bf9f2b3b99b358a853e77c69d338,92127264.0,2.0,5.0,f,7.0,0.0,APROVADO
432840,57563844,e5f2810aa63e3d1d0472a76623334c72,92127264.0,3.0,7.80000019,f,7.6,0.0,APROVADO
432841,57563844,e5f2810aa63e3d1d0472a76623334c72,92127264.0,1.0,9.10000038,f,7.6,0.0,APROVADO
432842,57563844,e5f2810aa63e3d1d0472a76623334c72,92127264.0,2.0,6.0,f,7.6,0.0,APROVADO
432843,57563844,16bcf9f32c941fa63a6b0ae2cb03fdcf,92127264.0,1.0,6.30000019,f,7.0,0.0,APROVADO
432844,57563844,16bcf9f32c941fa63a6b0ae2cb03fdcf,92127264.0,2.0,7.0,f,7.0,0.0,APROVADO
432845,57563844,16bcf9f32c941fa63a6b0ae2cb03fdcf,92127264.0,3.0,7.69999981,f,7.0,0.0,APROVADO
432846,57563844,1286821dee33ad4c8c3048282848f6e5,92127264.0,1.0,9.0,f,8.1,0.0,APROVADO
432847,57563844,1286821dee33ad4c8c3048282848f6e5,92127264.0,2.0,7.0,f,8.1,0.0,APROVADO
432848,57563844,1286821dee33ad4c8c3048282848f6e5,92127264.0,3.0,8.19999981,f,8.1,0.0,APROVADO
432849,57563844,ba5fefd9bd218063b6484ba2916d3bf0,92127264.0,1.0,7.19999981,f,8.7,0.0,APROVADO
432850,57563844,ba5fefd9bd218063b6484ba2916d3bf0,92127264.0,2.0,10.0,f,8.7,0.0,APROVADO
432851,57563844,ba5fefd9bd218063b6484ba2916d3bf0,92127264.0,3.0,9.0,f,8.7,0.0,APROVADO
432852,57563844,c7f78ef4d6e39ad93441209267801600,92127264.0,1.0,10.0,f,8.8,0.0,APROVADO
432853,57563844,c7f78ef4d6e39ad93441209267801600,92127264.0,2.0,7.5,f,8.8,0.0,APROVADO
432854,57563844,c7f78ef4d6e39ad93441209267801600,92127264.0,3.0,9.0,f,8.8,0.0,APROVADO
432855,57563844,deef0a878b7ac3d6e642ed295a0e739e,92127264.0,1.0,8.30000019,f,8.5,0.0,APROVADO
432856,57563844,deef0a878b7ac3d6e642ed295a0e739e,92127264.0,2.0,8.5,f,8.5,0.0,APROVADO
432857,57563844,deef0a878b7ac3d6e642ed295a0e739e,92127264.0,3.0,8.60000038,f,8.5,0.0,APROVADO
432858,57563844,6d42cc9c6a322c7518b6e14c0cb943c4,92127264.0,1.0,9.5,f,9.6,0.0,APROVADO
432859,57563844,6d42cc9c6a322c7518b6e14c0cb943c4,92127264.0,2.0,9.60000038,f,9.6,0.0,APROVADO
432860,57563844,6d42cc9c6a322c7518b6e14c0cb943c4,92127264.0,3.0,9.80000019,f,9.6,0.0,APROVADO
432864,57563844,4b8d2d354d7b7d558750e0e57e539de8,92127264.0,1.0,0.0,f,0.0,0.0,REPROVADO
432865,57563844,4b8d2d354d7b7d558750e0e57e539de8,92127264.0,2.0,0.0,f,0.0,0.0,REPROVADO
432866,57563844,4b8d2d354d7b7d558750e0e57e539de8,92127264.0,3.0,0.0,f,0.0,0.0,REPROVADO
432867,57563844,b06b391213ef9e3897598dec729ae710,92127264.0,2.0,3.5,f,5.6,0.0,APROVADO POR NOTA
432868,57563844,b06b391213ef9e3897598dec729ae710,92127264.0,3.0,5.69999981,f,5.6,0.0,APROVADO POR NOTA
432869,57563844,b06b391213ef9e3897598dec729ae710,92127264.0,1.0,7.5,f,5.6,0.0,APROVADO POR NOTA
432870,57563844,b7526a03c4edcc77987629a48ac76b64,92127264.0,1.0,7.80000019,f,6.5,0.0,APROVADO POR NOTA
432871,57563844,b7526a03c4edcc77987629a48ac76b64,92127264.0,2.0,5.0,f,6.5,0.0,APROVADO POR NOTA
432872,57563844,b7526a03c4edcc77987629a48ac76b64,92127264.0,3.0,6.599999900000001,f,6.5,0.0,APROVADO POR NOTA
432873,57563844,2bebbda0ca273a4be74009d7699de55f,92127264.0,1.0,7.400000099999999,f,5.4,0.0,APROVADO POR NOTA
432874,57563844,2bebbda0ca273a4be74009d7699de55f,92127264.0,2.0,3.20000005,f,5.4,0.0,APROVADO POR NOTA
432875,57563844,2bebbda0ca273a4be74009d7699de55f,92127264.0,3.0,5.5,f,5.4,0.0,APROVADO POR NOTA
432876,57563844,e608912e1c99b8d7367c403607fcc6d8,92127264.0,0,0,0,0,0,TRANCADO
434148,57563873,c3902a9ccfe7c9a5efa7ff9d43c296b1,92127264.0,1.0,5.69999981,f,5.6,0.0,APROVADO POR NOTA
434149,57563873,c3902a9ccfe7c9a5efa7ff9d43c296b1,92127264.0,2.0,7.5,f,5.6,0.0,APROVADO POR NOTA
434150,57563873,c3902a9ccfe7c9a5efa7ff9d43c296b1,92127264.0,3.0,3.70000005,f,5.6,0.0,APROVADO POR NOTA
439361,57566672,beac1f49210679beb9b26a1636ed3ff3,92127264.0,1.0,0,f,0,0,TRANCADO
439362,57566672,beac1f49210679beb9b26a1636ed3ff3,92127264.0,2.0,0,f,0,0,TRANCADO
439363,57566672,beac1f49210679beb9b26a1636ed3ff3,92127264.0,3.0,0,f,0,0,TRANCADO
443109,57563899,5625c20186d9be50433092f3269db96a,92127264.0,1.0,8.10000038,f,7.9,2.0,APROVADO
443110,57563899,5625c20186d9be50433092f3269db96a,92127264.0,2.0,8.80000019,f,7.9,2.0,APROVADO
443111,57563899,5625c20186d9be50433092f3269db96a,92127264.0,3.0,6.80000019,f,7.9,2.0,APROVADO
443128,57563899,ba5fefd9bd218063b6484ba2916d3bf0,92127264.0,1.0,10.0,f,7.0,2.0,APROVADO
443129,57563899,ba5fefd9bd218063b6484ba2916d3bf0,92127264.0,2.0,5.0,f,7.0,2.0,APROVADO
443130,57563899,ba5fefd9bd218063b6484ba2916d3bf0,92127264.0,3.0,6.0,f,7.0,2.0,APROVADO
443364,57564846,c889778b21ac2abebcccd62ff678f546,92127264.0,1.0,4.30000019,f,7.5,0.0,APROVADO
443365,57564846,c889778b21ac2abebcccd62ff678f546,92127264.0,2.0,8.30000019,f,7.5,0.0,APROVADO
443366,57564846,c889778b21ac2abebcccd62ff678f546,92127264.0,3.0,10.0,f,7.5,0.0,APROVADO
443367,57564846,c7ca8f11be2854934d2ba04f1724cdbe,92127264.0,1.0,1.0,f,0.3,0.0,REPROVADO
443368,57564846,c7ca8f11be2854934d2ba04f1724cdbe,92127264.0,2.0,0.0,f,0.3,0.0,REPROVADO
443369,57564846,c7ca8f11be2854934d2ba04f1724cdbe,92127264.0,3.0,0.0,f,0.3,0.0,REPROVADO
443370,57564846,52575c6e0954fa8ff0b0eccdd54e56fc,92127264.0,1.0,3.0,t,5.7,0.0,APROVADO POR NOTA
443371,57564846,52575c6e0954fa8ff0b0eccdd54e56fc,92127264.0,2.0,3.70000005,f,5.7,0.0,APROVADO POR NOTA
443372,57564846,52575c6e0954fa8ff0b0eccdd54e56fc,92127264.0,3.0,6.5,f,5.7,0.0,APROVADO POR NOTA
443376,57564846,735bbfb6f7ab46b58f900d62a6e3cf26,92127264.0,1.0,5.19999981,f,5.2,0.0,APROVADO POR NOTA
443377,57564846,735bbfb6f7ab46b58f900d62a6e3cf26,92127264.0,2.0,3.0,f,5.2,0.0,APROVADO POR NOTA
443378,57564846,735bbfb6f7ab46b58f900d62a6e3cf26,92127264.0,3.0,7.5,f,5.2,0.0,APROVADO POR NOTA
443379,57564846,ab2978dc1b698b43f07067994d2cb007,92127264.0,1.0,0.0,f,0.0,0.0,REPROVADO
443380,57564846,ab2978dc1b698b43f07067994d2cb007,92127264.0,2.0,0.0,f,0.0,0.0,REPROVADO
443381,57564846,ab2978dc1b698b43f07067994d2cb007,92127264.0,3.0,0.0,f,0.0,0.0,REPROVADO
443385,57564846,f8bd9385c1f1481d189651206ff59cd4,92127264.0,1.0,4.0,f,5.0,0.0,APROVADO POR NOTA
443386,57564846,f8bd9385c1f1481d189651206ff59cd4,92127264.0,2.0,5.9000001,f,5.0,0.0,APROVADO POR NOTA
443387,57564846,f8bd9385c1f1481d189651206ff59cd4,92127264.0,3.0,2.29999995,t,5.0,0.0,APROVADO POR NOTA
443388,57564846,7c139dcc64de273719e442da230891cd,92127264.0,0,0,0,0,0,DESISTENCIA
443390,57564846,541cd8aaef2a4bb55ff8f811707dffc0,92127264.0,1.0,0.5,f,0.3,0.0,REPROVADO
443391,57564846,541cd8aaef2a4bb55ff8f811707dffc0,92127264.0,2.0,0.5,f,0.3,0.0,REPROVADO
443392,57564846,541cd8aaef2a4bb55ff8f811707dffc0,92127264.0,3.0,0.0,f,0.3,0.0,REPROVADO
443393,57564846,d876a255f2540137212a1df25b8c47bf,92127264.0,1.0,3.5,f,1.2,0.0,REPROVADO
443394,57564846,d876a255f2540137212a1df25b8c47bf,92127264.0,2.0,0.0,f,1.2,0.0,REPROVADO
443395,57564846,d876a255f2540137212a1df25b8c47bf,92127264.0,3.0,0.0,f,1.2,0.0,REPROVADO
443396,57564846,1b1bb78ab66b8a12f8e0f0b569669bb8,92127264.0,1.0,0.0,f,0.0,0.0,REPROVADO
443397,57564846,1b1bb78ab66b8a12f8e0f0b569669bb8,92127264.0,2.0,0.0,f,0.0,0.0,REPROVADO
443398,57564846,1b1bb78ab66b8a12f8e0f0b569669bb8,92127264.0,3.0,0.0,f,0.0,0.0,REPROVADO
443405,57564846,263b538e5e0beb5b381cb30ac69e7856,92127264.0,1.0,4.099999899999999,f,1.5,0.0,REPROVADO
443406,57564846,263b538e5e0beb5b381cb30ac69e7856,92127264.0,2.0,0.400000006,f,1.5,0.0,REPROVADO
443407,57564846,263b538e5e0beb5b381cb30ac69e7856,92127264.0,3.0,0.0,f,1.5,0.0,REPROVADO
443408,57564846,0e38c468da1fafa776434dd187a12149,92127264.0,1.0,0.0,f,0.0,0.0,REPROVADO
443409,57564846,0e38c468da1fafa776434dd187a12149,92127264.0,2.0,0.0,f,0.0,0.0,REPROVADO
443410,57564846,0e38c468da1fafa776434dd187a12149,92127264.0,3.0,0.0,f,0.0,0.0,REPROVADO
443439,57564825,d6c068dc1fa2742b5855a144bcc4f788,92127264.0,1.0,8.30000019,f,8.1,4.0,APROVADO
443440,57564825,d6c068dc1fa2742b5855a144bcc4f788,92127264.0,2.0,6.5,f,8.1,4.0,APROVADO
443441,57564825,d6c068dc1fa2742b5855a144bcc4f788,92127264.0,3.0,9.5,f,8.1,4.0,APROVADO
443442,57564825,b06b391213ef9e3897598dec729ae710,92127264.0,1.0,7.099999900000001,f,5.7,14.0,APROVADO POR NOTA
443443,57564825,b06b391213ef9e3897598dec729ae710,92127264.0,2.0,3.0999999,f,5.7,14.0,APROVADO POR NOTA
443444,57564825,b06b391213ef9e3897598dec729ae710,92127264.0,3.0,7.0,f,5.7,14.0,APROVADO POR NOTA
443448,57564825,16bcf9f32c941fa63a6b0ae2cb03fdcf,92127264.0,1.0,7.900000099999999,f,6.9,4.0,APROVADO POR NOTA
443449,57564825,16bcf9f32c941fa63a6b0ae2cb03fdcf,92127264.0,2.0,5.5999999,f,6.9,4.0,APROVADO POR NOTA
443450,57564825,16bcf9f32c941fa63a6b0ae2cb03fdcf,92127264.0,3.0,7.30000019,f,6.9,4.0,APROVADO POR NOTA
443451,57564825,2bebbda0ca273a4be74009d7699de55f,92127264.0,1.0,9.5,f,8.2,6.0,APROVADO
443452,57564825,2bebbda0ca273a4be74009d7699de55f,92127264.0,2.0,5.4000001,f,8.2,6.0,APROVADO
443453,57564825,2bebbda0ca273a4be74009d7699de55f,92127264.0,3.0,9.69999981,f,8.2,6.0,APROVADO
443454,57564825,7a69539ac36db2d7ac503e47975f3034,92127264.0,1.0,6.19999981,f,5.8,2.0,APROVADO POR NOTA
443455,57564825,7a69539ac36db2d7ac503e47975f3034,92127264.0,2.0,4.0,f,5.8,2.0,APROVADO POR NOTA
443456,57564825,7a69539ac36db2d7ac503e47975f3034,92127264.0,3.0,7.19999981,f,5.8,2.0,APROVADO POR NOTA
444134,57564855,520429428d98dac9b5c94168677d77bd,92127264.0,2.0,0.0,f,0.3,13.0,REPROVADO
444135,57564855,520429428d98dac9b5c94168677d77bd,92127264.0,3.0,0.0,f,0.3,13.0,REPROVADO
444136,57564855,520429428d98dac9b5c94168677d77bd,92127264.0,1.0,1.0,f,0.3,13.0,REPROVADO
444140,57564855,dc71ff037f1e98823ef208155af16c47,92127264.0,1.0,0.0,f,0.0,31.0,REPROVADO POR MÉDIA E POR FALTAS
444141,57564855,dc71ff037f1e98823ef208155af16c47,92127264.0,2.0,0.0,f,0.0,31.0,REPROVADO POR MÉDIA E POR FALTAS
444142,57564855,dc71ff037f1e98823ef208155af16c47,92127264.0,3.0,0.0,f,0.0,31.0,REPROVADO POR MÉDIA E POR FALTAS
444143,57564855,97f43e2dc31d79073af85501a0e41c46,92127264.0,1.0,2.5,f,0.8,33.0,REPROVADO POR MÉDIA E POR FALTAS
444144,57564855,97f43e2dc31d79073af85501a0e41c46,92127264.0,2.0,0.0,f,0.8,33.0,REPROVADO POR MÉDIA E POR FALTAS
444145,57564855,97f43e2dc31d79073af85501a0e41c46,92127264.0,3.0,0.0,f,0.8,33.0,REPROVADO POR MÉDIA E POR FALTAS
444146,57564855,52e567da9dc48df1c9c4cca1d3857a71,92127264.0,1.0,0.0,f,0.0,19.0,REPROVADO
444147,57564855,52e567da9dc48df1c9c4cca1d3857a71,92127264.0,2.0,0.0,f,0.0,19.0,REPROVADO
444148,57564855,52e567da9dc48df1c9c4cca1d3857a71,92127264.0,3.0,0.0,f,0.0,19.0,REPROVADO
444149,57564855,a6828dd2dd4b8ff21c763f6d1f6f5e04,92127264.0,1.0,0.0,f,0.0,44.0,REPROVADO POR MÉDIA E POR FALTAS
444150,57564855,a6828dd2dd4b8ff21c763f6d1f6f5e04,92127264.0,2.0,0.0,f,0.0,44.0,REPROVADO POR MÉDIA E POR FALTAS
444151,57564855,a6828dd2dd4b8ff21c763f6d1f6f5e04,92127264.0,3.0,0.0,f,0.0,44.0,REPROVADO POR MÉDIA E POR FALTAS
444152,57564855,aad31258ef0f8e30cd3d4eea691a6c18,92127264.0,1.0,4.5,f,5.2,11.0,APROVADO POR NOTA
444153,57564855,aad31258ef0f8e30cd3d4eea691a6c18,92127264.0,2.0,6.0,f,5.2,11.0,APROVADO POR NOTA
444154,57564855,aad31258ef0f8e30cd3d4eea691a6c18,92127264.0,3.0,5.0,f,5.2,11.0,APROVADO POR NOTA
444164,57564855,e793aa9d2b00b6830ee02eeb41f24dc2,92127264.0,1.0,0.0,f,0.0,53.0,REPROVADO POR MÉDIA E POR FALTAS
444165,57564855,e793aa9d2b00b6830ee02eeb41f24dc2,92127264.0,2.0,0.0,f,0.0,53.0,REPROVADO POR MÉDIA E POR FALTAS
444166,57564855,e793aa9d2b00b6830ee02eeb41f24dc2,92127264.0,3.0,0.0,f,0.0,53.0,REPROVADO POR MÉDIA E POR FALTAS
444167,57564855,52575c6e0954fa8ff0b0eccdd54e56fc,92127264.0,1.0,2.5,f,0.8,38.0,REPROVADO POR MÉDIA E POR FALTAS
444168,57564855,52575c6e0954fa8ff0b0eccdd54e56fc,92127264.0,2.0,0.0,f,0.8,38.0,REPROVADO POR MÉDIA E POR FALTAS
444169,57564855,52575c6e0954fa8ff0b0eccdd54e56fc,92127264.0,3.0,0.0,f,0.8,38.0,REPROVADO POR MÉDIA E POR FALTAS
444170,57564855,9e23bf7be54e62a27cd40e83a4b8e854,92127264.0,1.0,7.0,f,7.3,8.0,APROVADO
444171,57564855,9e23bf7be54e62a27cd40e83a4b8e854,92127264.0,2.0,7.0,f,7.3,8.0,APROVADO
444172,57564855,9e23bf7be54e62a27cd40e83a4b8e854,92127264.0,3.0,8.0,f,7.3,8.0,APROVADO
444173,57564855,906fb61db8d4c543d4f9e8d746e250b0,92127264.0,1.0,7.5,f,6.2,6.0,APROVADO POR NOTA
444174,57564855,906fb61db8d4c543d4f9e8d746e250b0,92127264.0,2.0,3.5,f,6.2,6.0,APROVADO POR NOTA
444175,57564855,906fb61db8d4c543d4f9e8d746e250b0,92127264.0,3.0,7.5,f,6.2,6.0,APROVADO POR NOTA
444250,57564873,cb9da9e190b42ad22dea7f31955a025f,92127264.0,0,0,0,0,0,TRANCADO
444251,57564873,1b1bb78ab66b8a12f8e0f0b569669bb8,92127264.0,1.0,9.30000019,f,9.6,0.0,APROVADO
444252,57564873,1b1bb78ab66b8a12f8e0f0b569669bb8,92127264.0,2.0,9.5,f,9.6,0.0,APROVADO
444253,57564873,1b1bb78ab66b8a12f8e0f0b569669bb8,92127264.0,3.0,10.0,f,9.6,0.0,APROVADO
444254,57564873,a8d5ecfa0ebc8c6499461c0cf211114c,92127264.0,0,0,0,0,0,TRANCADO
444255,57564873,08f00f60be208994947441f13c9e3ee1,92127264.0,2.0,0.0,f,3.1,0.0,REPROVADO
444256,57564873,08f00f60be208994947441f13c9e3ee1,92127264.0,3.0,0.0,f,3.1,0.0,REPROVADO
444257,57564873,08f00f60be208994947441f13c9e3ee1,92127264.0,1.0,9.30000019,f,3.1,0.0,REPROVADO
444258,57564870,02880697d64d493a3c0651f1b71d0220,92127264.0,1.0,0,f,0,0.0,TRANCADO
444259,57564870,02880697d64d493a3c0651f1b71d0220,92127264.0,2.0,0,f,0,0.0,TRANCADO
444260,57564870,02880697d64d493a3c0651f1b71d0220,92127264.0,3.0,0,f,0,0.0,TRANCADO
444261,57564870,430325976024d5d1ef77afdcfaab016a,92127264.0,1.0,0,f,0,0.0,TRANCADO
444262,57564870,430325976024d5d1ef77afdcfaab016a,92127264.0,2.0,0,f,0,0.0,TRANCADO
444263,57564870,430325976024d5d1ef77afdcfaab016a,92127264.0,3.0,0,f,0,0.0,TRANCADO
444264,57564870,f59c7673d9a33ed201ee68798b80304d,92127264.0,1.0,3.0,f,1.0,0.0,REPROVADO
444265,57564870,f59c7673d9a33ed201ee68798b80304d,92127264.0,2.0,0.0,f,1.0,0.0,REPROVADO
444266,57564870,f59c7673d9a33ed201ee68798b80304d,92127264.0,3.0,0.0,f,1.0,0.0,REPROVADO
444267,57564870,09c576ebed33d3a813eabe6d34f29efc,92127264.0,1.0,10.0,f,8.7,0.0,APROVADO
444268,57564870,09c576ebed33d3a813eabe6d34f29efc,92127264.0,2.0,7.099999900000001,f,8.7,0.0,APROVADO
444269,57564870,09c576ebed33d3a813eabe6d34f29efc,92127264.0,3.0,9.0,f,8.7,0.0,APROVADO
444271,57564870,a7aeb59e1b92828f2ec3bd5cb467ff1f,92127264.0,1.0,8.5,f,6.0,4.0,APROVADO POR NOTA
444272,57564870,a7aeb59e1b92828f2ec3bd5cb467ff1f,92127264.0,2.0,3.29999995,f,6.0,4.0,APROVADO POR NOTA
444273,57564870,a7aeb59e1b92828f2ec3bd5cb467ff1f,92127264.0,3.0,3.0,t,6.0,4.0,APROVADO POR NOTA
444274,57564870,3d31284757c88aab09cda5503445c123,92127264.0,1.0,8.80000019,f,8.0,0.0,APROVADO
444275,57564870,3d31284757c88aab09cda5503445c123,92127264.0,2.0,6.19999981,f,8.0,0.0,APROVADO
444276,57564870,3d31284757c88aab09cda5503445c123,92127264.0,3.0,9.0,f,8.0,0.0,APROVADO
444277,57564870,d74b3e9757144bbf51198784155a6ade,92127264.0,1.0,10.0,f,9.7,0.0,APROVADO
444278,57564870,d74b3e9757144bbf51198784155a6ade,92127264.0,2.0,10.0,f,9.7,0.0,APROVADO
444279,57564870,d74b3e9757144bbf51198784155a6ade,92127264.0,3.0,9.0,f,9.7,0.0,APROVADO
444280,57564870,e16576bd21bb2c78f61e3b895da26433,92127264.0,1.0,8.69999981,f,8.2,0.0,APROVADO
444281,57564870,e16576bd21bb2c78f61e3b895da26433,92127264.0,2.0,6.4000001,f,8.2,0.0,APROVADO
444282,57564870,e16576bd21bb2c78f61e3b895da26433,92127264.0,3.0,9.5,f,8.2,0.0,APROVADO
444292,57564816,570cb04eb23871dd7b2eae6244b79378,92127264.0,0,0,0,0,0,DESISTENCIA
444455,57565061,69fc0bfa31d311c26a130bf6bd37a5cd,92127264.0,0,0,0,0,0,DESISTENCIA
444456,57565061,fdc2d349ed3b784c6d59b955a91c75f8,92127264.0,1.0,8.60000038,f,7.6,8.0,APROVADO
444457,57565061,fdc2d349ed3b784c6d59b955a91c75f8,92127264.0,2.0,7.19999981,f,7.6,8.0,APROVADO
444458,57565061,fdc2d349ed3b784c6d59b955a91c75f8,92127264.0,3.0,7.0,f,7.6,8.0,APROVADO
444459,57565061,1769378784613a7f89344897979d8d68,92127264.0,0,0,0,0,0,DESISTENCIA
444460,57565061,cff7c70087a7b4b87b5534c26264fbcb,92127264.0,1.0,8.39999962,f,6.3,4.0,APROVADO POR NOTA
444461,57565061,cff7c70087a7b4b87b5534c26264fbcb,92127264.0,2.0,3.0,f,6.3,4.0,APROVADO POR NOTA
444462,57565061,cff7c70087a7b4b87b5534c26264fbcb,92127264.0,3.0,7.5,f,6.3,4.0,APROVADO POR NOTA
444463,57565061,570cb04eb23871dd7b2eae6244b79378,92127264.0,1.0,7.900000099999999,f,8.0,4.0,APROVADO
444464,57565061,570cb04eb23871dd7b2eae6244b79378,92127264.0,2.0,7.69999981,f,8.0,4.0,APROVADO
444465,57565061,570cb04eb23871dd7b2eae6244b79378,92127264.0,3.0,8.5,f,8.0,4.0,APROVADO
444466,57565061,77a188e6ffe37c8c56916b5669cc1fa8,92127264.0,1.0,8.19999981,f,8.2,16.0,APROVADO
444467,57565061,77a188e6ffe37c8c56916b5669cc1fa8,92127264.0,2.0,9.0,f,8.2,16.0,APROVADO
444468,57565061,77a188e6ffe37c8c56916b5669cc1fa8,92127264.0,3.0,7.5,f,8.2,16.0,APROVADO
444529,57564813,8a7b533bdb6d32e09a5a2712312be0ea,92127264.0,1.0,4.4000001,f,6.9,8.0,APROVADO POR NOTA
444530,57564813,8a7b533bdb6d32e09a5a2712312be0ea,92127264.0,2.0,8.80000019,f,6.9,8.0,APROVADO POR NOTA
444531,57564813,8a7b533bdb6d32e09a5a2712312be0ea,92127264.0,3.0,7.5,f,6.9,8.0,APROVADO POR NOTA
444532,57564813,7fe258d773987637116d18bf9ee966d6,92127264.0,1.0,7.5,f,6.5,4.0,APROVADO POR NOTA
444533,57564813,7fe258d773987637116d18bf9ee966d6,92127264.0,2.0,6.5,f,6.5,4.0,APROVADO POR NOTA
444534,57564813,7fe258d773987637116d18bf9ee966d6,92127264.0,3.0,5.5,f,6.5,4.0,APROVADO POR NOTA
444535,57564813,5299d4aa1beb39ddaba0ff9427a90e26,92127264.0,1.0,6.0999999,f,7.2,8.0,APROVADO
444536,57564813,5299d4aa1beb39ddaba0ff9427a90e26,92127264.0,2.0,8.39999962,f,7.2,8.0,APROVADO
444537,57564813,5299d4aa1beb39ddaba0ff9427a90e26,92127264.0,3.0,7.0,f,7.2,8.0,APROVADO
444538,57564813,3be0a9d02f52ad9e368b82c93f60bb59,92127264.0,1.0,7.80000019,f,6.7,18.0,APROVADO POR NOTA
444539,57564813,3be0a9d02f52ad9e368b82c93f60bb59,92127264.0,2.0,6.30000019,f,6.7,18.0,APROVADO POR NOTA
444540,57564813,3be0a9d02f52ad9e368b82c93f60bb59,92127264.0,3.0,6.0,f,6.7,18.0,APROVADO POR NOTA
444550,57564813,f32c342b30e30053a2624f5d981385d1,92127264.0,3.0,6.5,f,5.0,6.0,APROVADO POR NOTA
444551,57564813,f32c342b30e30053a2624f5d981385d1,92127264.0,1.0,3.0999999,f,5.0,6.0,APROVADO POR NOTA
444552,57564813,f32c342b30e30053a2624f5d981385d1,92127264.0,2.0,5.30000019,f,5.0,6.0,APROVADO POR NOTA
444556,57564813,7a69539ac36db2d7ac503e47975f3034,92127264.0,1.0,7.0,f,6.1,9.0,APROVADO POR NOTA
444557,57564813,7a69539ac36db2d7ac503e47975f3034,92127264.0,2.0,3.79999995,f,6.1,9.0,APROVADO POR NOTA
444558,57564813,7a69539ac36db2d7ac503e47975f3034,92127264.0,3.0,7.5,f,6.1,9.0,APROVADO POR NOTA
444577,57564876,d7a45e0307b8dd09655b28676d9bdb53,92127264.0,1.0,10.0,f,9.4,11.0,APROVADO
444578,57564876,d7a45e0307b8dd09655b28676d9bdb53,92127264.0,2.0,10.0,f,9.4,11.0,APROVADO
444579,57564876,d7a45e0307b8dd09655b28676d9bdb53,92127264.0,3.0,8.10000038,f,9.4,11.0,APROVADO
444580,57564876,90dc160e68fd9a2b10d14af791aa4377,92127264.0,1.0,6.0,f,7.2,18.0,APROVADO
444581,57564876,90dc160e68fd9a2b10d14af791aa4377,92127264.0,2.0,8.0,f,7.2,18.0,APROVADO
444582,57564876,90dc160e68fd9a2b10d14af791aa4377,92127264.0,3.0,7.69999981,f,7.2,18.0,APROVADO
444583,57564876,03f682cb34ca1cd1bc10df04d8d2978f,92127264.0,1.0,0,f,0,0.0,TRANCADO
444584,57564876,03f682cb34ca1cd1bc10df04d8d2978f,92127264.0,2.0,0,f,0,0.0,TRANCADO
444585,57564876,03f682cb34ca1cd1bc10df04d8d2978f,92127264.0,3.0,0,f,0,0.0,TRANCADO
444586,57564876,f74e8d844ba3ad5aaa4cfb9a70abec8d,92127264.0,1.0,10.0,f,8.5,18.0,APROVADO
444587,57564876,f74e8d844ba3ad5aaa4cfb9a70abec8d,92127264.0,2.0,7.30000019,f,8.5,18.0,APROVADO
444588,57564876,f74e8d844ba3ad5aaa4cfb9a70abec8d,92127264.0,3.0,8.10000038,f,8.5,18.0,APROVADO
444589,57564876,7c139dcc64de273719e442da230891cd,92127264.0,1.0,9.5,f,5.2,39.0,REPROVADO POR NOTA E FALTA
444590,57564876,7c139dcc64de273719e442da230891cd,92127264.0,2.0,6.0,f,5.2,39.0,REPROVADO POR NOTA E FALTA
444591,57564876,7c139dcc64de273719e442da230891cd,92127264.0,3.0,0.0,f,5.2,39.0,REPROVADO POR NOTA E FALTA
444592,57564876,cff7c70087a7b4b87b5534c26264fbcb,92127264.0,1.0,6.5,f,7.5,9.0,APROVADO
444593,57564876,cff7c70087a7b4b87b5534c26264fbcb,92127264.0,2.0,7.30000019,f,7.5,9.0,APROVADO
444594,57564876,cff7c70087a7b4b87b5534c26264fbcb,92127264.0,3.0,8.60000038,f,7.5,9.0,APROVADO
444595,57564876,f8241da5c6b786e1253454b70ceed8ff,92127264.0,1.0,9.0,f,7.9,17.0,APROVADO
444596,57564876,f8241da5c6b786e1253454b70ceed8ff,92127264.0,2.0,7.0,f,7.9,17.0,APROVADO
444597,57564876,f8241da5c6b786e1253454b70ceed8ff,92127264.0,3.0,7.599999900000001,f,7.9,17.0,APROVADO
444601,57564876,b49b8b207a2d4bf9b21a01b73a0cdb29,92127264.0,1.0,10.0,f,9.3,13.0,APROVADO
444602,57564876,b49b8b207a2d4bf9b21a01b73a0cdb29,92127264.0,2.0,10.0,f,9.3,13.0,APROVADO
444603,57564876,b49b8b207a2d4bf9b21a01b73a0cdb29,92127264.0,3.0,8.0,f,9.3,13.0,APROVADO
444610,57564876,a0a597672742f11324d64601528a0257,92127264.0,1.0,10.0,f,9.4,11.0,APROVADO
444611,57564876,a0a597672742f11324d64601528a0257,92127264.0,2.0,9.30000019,f,9.4,11.0,APROVADO
444612,57564876,a0a597672742f11324d64601528a0257,92127264.0,3.0,8.89999962,f,9.4,11.0,APROVADO
444613,57564876,57291c544f94bd1910c37fb5aedf0ce4,92127264.0,1.0,0,f,0,0.0,TRANCADO
444614,57564876,57291c544f94bd1910c37fb5aedf0ce4,92127264.0,2.0,0,f,0,0.0,TRANCADO
444615,57564876,57291c544f94bd1910c37fb5aedf0ce4,92127264.0,3.0,0,f,0,0.0,TRANCADO
444616,57564876,1e30378e6116ffd948012d513a448944,92127264.0,1.0,8.0,f,7.9,18.0,APROVADO
444617,57564876,1e30378e6116ffd948012d513a448944,92127264.0,2.0,7.69999981,f,7.9,18.0,APROVADO
444618,57564876,1e30378e6116ffd948012d513a448944,92127264.0,3.0,7.900000099999999,f,7.9,18.0,APROVADO
444619,57564876,e22deea3b80f9f8e63dd256ba06a8831,92127264.0,1.0,0,f,0,0.0,TRANCADO
444620,57564876,e22deea3b80f9f8e63dd256ba06a8831,92127264.0,2.0,0,f,0,0.0,TRANCADO
444621,57564876,e22deea3b80f9f8e63dd256ba06a8831,92127264.0,3.0,0,f,0,0.0,TRANCADO
444622,57564852,9e23bf7be54e62a27cd40e83a4b8e854,92127264.0,1.0,6.30000019,f,6.8,2.0,APROVADO POR NOTA
444623,57564852,9e23bf7be54e62a27cd40e83a4b8e854,92127264.0,2.0,6.0,f,6.8,2.0,APROVADO POR NOTA
444624,57564852,9e23bf7be54e62a27cd40e83a4b8e854,92127264.0,3.0,8.10000038,f,6.8,2.0,APROVADO POR NOTA
444625,57564852,a0a89fb407d12afefeb585fbd0232e80,92127264.0,3.0,7.900000099999999,f,7.1,6.0,APROVADO
444626,57564852,a0a89fb407d12afefeb585fbd0232e80,92127264.0,1.0,6.5,f,7.1,6.0,APROVADO
444627,57564852,a0a89fb407d12afefeb585fbd0232e80,92127264.0,2.0,7.0,f,7.1,6.0,APROVADO
444628,57564852,738ebc6d7bd6c58acd2364c0c262e500,92127264.0,1.0,5.5999999,f,6.2,2.0,APROVADO POR NOTA
444629,57564852,738ebc6d7bd6c58acd2364c0c262e500,92127264.0,2.0,5.5999999,f,6.2,2.0,APROVADO POR NOTA
444630,57564852,738ebc6d7bd6c58acd2364c0c262e500,92127264.0,3.0,7.5,f,6.2,2.0,APROVADO POR NOTA
444631,57564852,a7aeb59e1b92828f2ec3bd5cb467ff1f,92127264.0,1.0,4.19999981,t,5.4,12.0,APROVADO POR NOTA
444632,57564852,a7aeb59e1b92828f2ec3bd5cb467ff1f,92127264.0,2.0,4.4000001,f,5.4,12.0,APROVADO POR NOTA
444633,57564852,a7aeb59e1b92828f2ec3bd5cb467ff1f,92127264.0,3.0,5.19999981,f,5.4,12.0,APROVADO POR NOTA
444634,57564852,d74b3e9757144bbf51198784155a6ade,92127264.0,1.0,5.5999999,f,6.7,2.0,APROVADO POR NOTA
444635,57564852,d74b3e9757144bbf51198784155a6ade,92127264.0,2.0,5.5999999,f,6.7,2.0,APROVADO POR NOTA
444636,57564852,d74b3e9757144bbf51198784155a6ade,92127264.0,3.0,8.89999962,f,6.7,2.0,APROVADO POR NOTA
444637,57564852,09c576ebed33d3a813eabe6d34f29efc,92127264.0,1.0,7.099999900000001,f,6.4,4.0,APROVADO POR NOTA
444638,57564852,09c576ebed33d3a813eabe6d34f29efc,92127264.0,2.0,4.5999999,f,6.4,4.0,APROVADO POR NOTA
444639,57564852,09c576ebed33d3a813eabe6d34f29efc,92127264.0,3.0,7.400000099999999,f,6.4,4.0,APROVADO POR NOTA
444640,57564852,b6cc911edff95b0ec029e398a63b3bd5,92127264.0,1.0,5.0999999,f,6.7,4.0,APROVADO POR NOTA
444641,57564852,b6cc911edff95b0ec029e398a63b3bd5,92127264.0,2.0,6.5,f,6.7,4.0,APROVADO POR NOTA
444642,57564852,b6cc911edff95b0ec029e398a63b3bd5,92127264.0,3.0,8.5,f,6.7,4.0,APROVADO POR NOTA
444643,57564852,e2110bf2897e3f51c6bdd0ff55607361,92127264.0,1.0,0.0,f,0.0,46.0,REPROVADO POR MÉDIA E POR FALTAS
444644,57564852,e2110bf2897e3f51c6bdd0ff55607361,92127264.0,2.0,0.0,f,0.0,46.0,REPROVADO POR MÉDIA E POR FALTAS
444645,57564852,e2110bf2897e3f51c6bdd0ff55607361,92127264.0,3.0,0.0,f,0.0,46.0,REPROVADO POR MÉDIA E POR FALTAS
444652,57564852,f47ace7fbb22012f488f24b9a2593db9,92127264.0,1.0,3.79999995,f,5.5,10.0,APROVADO POR NOTA
444653,57564852,f47ace7fbb22012f488f24b9a2593db9,92127264.0,2.0,3.5,t,5.5,10.0,APROVADO POR NOTA
444654,57564852,f47ace7fbb22012f488f24b9a2593db9,92127264.0,3.0,6.5,f,5.5,10.0,APROVADO POR NOTA
444655,57564852,1286821dee33ad4c8c3048282848f6e5,92127264.0,1.0,5.9000001,f,6.1,2.0,APROVADO POR NOTA
444656,57564852,1286821dee33ad4c8c3048282848f6e5,92127264.0,2.0,5.0999999,f,6.1,2.0,APROVADO POR NOTA
444657,57564852,1286821dee33ad4c8c3048282848f6e5,92127264.0,3.0,7.30000019,f,6.1,2.0,APROVADO POR NOTA
444664,57564852,515f232c90b19e1014be58aeb8b56266,92127264.0,1.0,5.4000001,f,6.2,14.0,APROVADO POR NOTA
444665,57564852,515f232c90b19e1014be58aeb8b56266,92127264.0,2.0,4.30000019,f,6.2,14.0,APROVADO POR NOTA
444666,57564852,515f232c90b19e1014be58aeb8b56266,92127264.0,3.0,8.89999962,f,6.2,14.0,APROVADO POR NOTA
444667,57564852,2bebbda0ca273a4be74009d7699de55f,92127264.0,1.0,8.19999981,f,7.3,8.0,APROVADO
444668,57564852,2bebbda0ca273a4be74009d7699de55f,92127264.0,2.0,4.4000001,f,7.3,8.0,APROVADO
444669,57564852,2bebbda0ca273a4be74009d7699de55f,92127264.0,3.0,9.19999981,f,7.3,8.0,APROVADO
444670,57564852,16bcf9f32c941fa63a6b0ae2cb03fdcf,92127264.0,1.0,6.0999999,f,6.0,10.0,APROVADO POR NOTA
444671,57564852,16bcf9f32c941fa63a6b0ae2cb03fdcf,92127264.0,2.0,4.5999999,f,6.0,10.0,APROVADO POR NOTA
444672,57564852,16bcf9f32c941fa63a6b0ae2cb03fdcf,92127264.0,3.0,7.400000099999999,f,6.0,10.0,APROVADO POR NOTA
444673,57564852,b0d6eae7ca3a052474157988f5874bbc,92127264.0,1.0,3.9000001,f,2.4,16.0,REPROVADO
444674,57564852,b0d6eae7ca3a052474157988f5874bbc,92127264.0,2.0,1.5,f,2.4,16.0,REPROVADO
444675,57564852,b0d6eae7ca3a052474157988f5874bbc,92127264.0,3.0,1.70000005,f,2.4,16.0,REPROVADO
444730,57564868,f23e5fa8c16da3a0b77a4ed738182750,92127264.0,1.0,2.0,f,0.7,0.0,REPROVADO
444731,57564868,f23e5fa8c16da3a0b77a4ed738182750,92127264.0,2.0,0.0,f,0.7,0.0,REPROVADO
444732,57564868,f23e5fa8c16da3a0b77a4ed738182750,92127264.0,3.0,0.0,f,0.7,0.0,REPROVADO
444733,57564868,3c3b91849365208aee8ffcf3625fe09e,92127264.0,1.0,10.0,f,8.8,0.0,APROVADO
444734,57564868,3c3b91849365208aee8ffcf3625fe09e,92127264.0,2.0,8.5,f,8.8,0.0,APROVADO
444735,57564868,3c3b91849365208aee8ffcf3625fe09e,92127264.0,3.0,8.0,f,8.8,0.0,APROVADO
444736,57564868,b1bba06612610bc63989a0a5ea14d3fc,92127264.0,1.0,8.0,f,7.3,0.0,APROVADO
444737,57564868,b1bba06612610bc63989a0a5ea14d3fc,92127264.0,2.0,0.800000012,t,7.3,0.0,APROVADO
444738,57564868,b1bba06612610bc63989a0a5ea14d3fc,92127264.0,3.0,10.0,f,7.3,0.0,APROVADO
444742,57564868,e1b01dddfefb34bbf9739d100d7f62bf,92127264.0,1.0,9.0,f,6.8,0.0,REPROVADO POR NOTA
444743,57564868,e1b01dddfefb34bbf9739d100d7f62bf,92127264.0,2.0,0.800000012,t,6.8,0.0,REPROVADO POR NOTA
444744,57564868,e1b01dddfefb34bbf9739d100d7f62bf,92127264.0,3.0,10.0,f,6.8,0.0,REPROVADO POR NOTA
444752,57564868,c7ca8f11be2854934d2ba04f1724cdbe,92127264.0,1.0,0.0,f,0.0,0.0,REPROVADO
444753,57564868,c7ca8f11be2854934d2ba04f1724cdbe,92127264.0,2.0,0.0,f,0.0,0.0,REPROVADO
444754,57564868,c7ca8f11be2854934d2ba04f1724cdbe,92127264.0,3.0,0.0,f,0.0,0.0,REPROVADO
444761,57564868,2dc7a467ad56c5907b742dcf36014a7d,92127264.0,1.0,0.0,f,0.0,0.0,REPROVADO
444762,57564868,2dc7a467ad56c5907b742dcf36014a7d,92127264.0,2.0,0.0,f,0.0,0.0,REPROVADO
444763,57564868,2dc7a467ad56c5907b742dcf36014a7d,92127264.0,3.0,0.0,f,0.0,0.0,REPROVADO
444764,57564868,541cd8aaef2a4bb55ff8f811707dffc0,92127264.0,1.0,0.5,f,0.2,0.0,REPROVADO
444765,57564868,541cd8aaef2a4bb55ff8f811707dffc0,92127264.0,2.0,0.0,f,0.2,0.0,REPROVADO
444766,57564868,541cd8aaef2a4bb55ff8f811707dffc0,92127264.0,3.0,0.0,f,0.2,0.0,REPROVADO
444770,57564868,9587f07b5bb20fc57f90e83d1b107a5b,92127264.0,1.0,0.0,f,0.0,0.0,REPROVADO
444771,57564868,9587f07b5bb20fc57f90e83d1b107a5b,92127264.0,2.0,0.0,f,0.0,0.0,REPROVADO
444772,57564868,9587f07b5bb20fc57f90e83d1b107a5b,92127264.0,3.0,0.0,f,0.0,0.0,REPROVADO
444773,57564868,841a4b19383a7b15a267e8f02035e7bc,92127264.0,1.0,8.0,f,7.2,0.0,APROVADO
444774,57564868,841a4b19383a7b15a267e8f02035e7bc,92127264.0,2.0,3.5,f,7.2,0.0,APROVADO
444775,57564868,841a4b19383a7b15a267e8f02035e7bc,92127264.0,3.0,10.0,f,7.2,0.0,APROVADO
444776,57564868,847e489b0b8c99c0edb33f2ccdff3608,92127264.0,1.0,10.0,f,8.5,0.0,APROVADO
444777,57564868,847e489b0b8c99c0edb33f2ccdff3608,92127264.0,2.0,5.5,f,8.5,0.0,APROVADO
444778,57564868,847e489b0b8c99c0edb33f2ccdff3608,92127264.0,3.0,10.0,f,8.5,0.0,APROVADO
444779,57564868,00451143ff85cced810a59ae7dcc61e6,92127264.0,1.0,9.0,f,7.4,0.0,APROVADO
444780,57564868,00451143ff85cced810a59ae7dcc61e6,92127264.0,2.0,5.0999999,f,7.4,0.0,APROVADO
444781,57564868,00451143ff85cced810a59ae7dcc61e6,92127264.0,3.0,8.0,f,7.4,0.0,APROVADO
444782,57564868,3d31284757c88aab09cda5503445c123,92127264.0,1.0,9.0,f,6.4,0.0,APROVADO POR NOTA
444783,57564868,3d31284757c88aab09cda5503445c123,92127264.0,2.0,7.30000019,f,6.4,0.0,APROVADO POR NOTA
444784,57564868,3d31284757c88aab09cda5503445c123,92127264.0,3.0,3.0,f,6.4,0.0,APROVADO POR NOTA
444785,57564868,4b11fb51905da447d0cefc76ce4f5f94,92127264.0,1.0,10.0,f,9.9,0.0,APROVADO
444786,57564868,4b11fb51905da447d0cefc76ce4f5f94,92127264.0,2.0,9.80000019,f,9.9,0.0,APROVADO
444787,57564868,4b11fb51905da447d0cefc76ce4f5f94,92127264.0,3.0,10.0,f,9.9,0.0,APROVADO
444788,57564868,c56988f88fee67b606647c582492ba07,92127264.0,1.0,0.5,f,0.2,0.0,REPROVADO
444789,57564868,c56988f88fee67b606647c582492ba07,92127264.0,2.0,0.0,f,0.2,0.0,REPROVADO
444790,57564868,c56988f88fee67b606647c582492ba07,92127264.0,3.0,0.0,f,0.2,0.0,REPROVADO
444791,57564868,9c54c4867526272627c2a33d79edf449,92127264.0,1.0,8.0,f,7.4,0.0,APROVADO
444792,57564868,9c54c4867526272627c2a33d79edf449,92127264.0,2.0,4.19999981,f,7.4,0.0,APROVADO
444793,57564868,9c54c4867526272627c2a33d79edf449,92127264.0,3.0,10.0,f,7.4,0.0,APROVADO
444794,57564868,bb08f985540d1d45c21123066e5203e3,92127264.0,1.0,0.5,t,6.4,0.0,APROVADO POR NOTA
444795,57564868,bb08f985540d1d45c21123066e5203e3,92127264.0,2.0,5.30000019,f,6.4,0.0,APROVADO POR NOTA
444796,57564868,bb08f985540d1d45c21123066e5203e3,92127264.0,3.0,10.0,f,6.4,0.0,APROVADO POR NOTA
444797,57564868,fc5ca0acc129fed92da264e586691f1b,92127264.0,1.0,10.0,f,9.2,0.0,APROVADO
444798,57564868,fc5ca0acc129fed92da264e586691f1b,92127264.0,2.0,7.5,f,9.2,0.0,APROVADO
444799,57564868,fc5ca0acc129fed92da264e586691f1b,92127264.0,3.0,10.0,f,9.2,0.0,APROVADO
444801,57564859,19e7a82ab8968f303fbde731b31c06c3,92127264.0,1.0,9.5,f,6.7,0.0,APROVADO POR NOTA
444802,57564859,19e7a82ab8968f303fbde731b31c06c3,92127264.0,2.0,5.30000019,f,6.7,0.0,APROVADO POR NOTA
444803,57564859,19e7a82ab8968f303fbde731b31c06c3,92127264.0,3.0,5.30000019,f,6.7,0.0,APROVADO POR NOTA
444804,57564859,1e93a5e40d72e66742db6dd1fecd8413,92127264.0,1.0,2.5,t,6.7,6.0,APROVADO POR NOTA
444805,57564859,1e93a5e40d72e66742db6dd1fecd8413,92127264.0,2.0,8.39999962,f,6.7,6.0,APROVADO POR NOTA
444806,57564859,1e93a5e40d72e66742db6dd1fecd8413,92127264.0,3.0,5.0999999,f,6.7,6.0,APROVADO POR NOTA
444807,57564859,28685e2715ef5bd4ccd928220187c670,92127264.0,1.0,6.0999999,f,5.9,0.0,APROVADO POR NOTA
444808,57564859,28685e2715ef5bd4ccd928220187c670,92127264.0,2.0,5.69999981,f,5.9,0.0,APROVADO POR NOTA
444809,57564859,28685e2715ef5bd4ccd928220187c670,92127264.0,3.0,6.0,f,5.9,0.0,APROVADO POR NOTA
444813,57564859,e268ca812a9daa1b587699e002bd7be5,92127264.0,1.0,1.39999998,f,0.5,0.0,REPROVADO
444814,57564859,e268ca812a9daa1b587699e002bd7be5,92127264.0,2.0,0.0,f,0.5,0.0,REPROVADO
444815,57564859,e268ca812a9daa1b587699e002bd7be5,92127264.0,3.0,0.0,f,0.5,0.0,REPROVADO
444816,57564859,3878dc0f1f55d1f6e658ee148ca776c6,92127264.0,1.0,3.79999995,f,1.9,0.0,REPROVADO
444817,57564859,3878dc0f1f55d1f6e658ee148ca776c6,92127264.0,2.0,2.0,f,1.9,0.0,REPROVADO
444818,57564859,3878dc0f1f55d1f6e658ee148ca776c6,92127264.0,3.0,0.0,f,1.9,0.0,REPROVADO
444819,57564859,b391443c0f08d3ec16f278f302189e44,92127264.0,1.0,7.19999981,f,7.7,0.0,APROVADO
444820,57564859,b391443c0f08d3ec16f278f302189e44,92127264.0,2.0,8.5,f,7.7,0.0,APROVADO
444821,57564859,b391443c0f08d3ec16f278f302189e44,92127264.0,3.0,7.5,f,7.7,0.0,APROVADO
444822,57564859,02880697d64d493a3c0651f1b71d0220,92127264.0,0,0,0,0,0,TRANCADO
444825,57564859,a14b755d6051d5b49c1f56a5493999a2,92127264.0,1.0,6.30000019,f,5.8,0.0,APROVADO POR NOTA
444826,57564859,a14b755d6051d5b49c1f56a5493999a2,92127264.0,2.0,6.30000019,f,5.8,0.0,APROVADO POR NOTA
444827,57564859,a14b755d6051d5b49c1f56a5493999a2,92127264.0,3.0,4.69999981,f,5.8,0.0,APROVADO POR NOTA
444828,57564859,ccfe06283d005ceefe56c324208b244c,92127264.0,1.0,6.0,f,6.2,0.0,APROVADO POR NOTA
444829,57564859,ccfe06283d005ceefe56c324208b244c,92127264.0,2.0,3.5,f,6.2,0.0,APROVADO POR NOTA
444830,57564859,ccfe06283d005ceefe56c324208b244c,92127264.0,3.0,9.0,f,6.2,0.0,APROVADO POR NOTA
444832,57564859,90c4526030b50e41e00bc3e3c0a3c396,92127264.0,1.0,6.19999981,f,6.5,0.0,APROVADO POR NOTA
444833,57564859,90c4526030b50e41e00bc3e3c0a3c396,92127264.0,2.0,7.0,f,6.5,0.0,APROVADO POR NOTA
444834,57564859,90c4526030b50e41e00bc3e3c0a3c396,92127264.0,3.0,6.4000001,f,6.5,0.0,APROVADO POR NOTA
444835,57564859,30eb9f908ea148ac43488d446fe4a837,92127264.0,1.0,9.30000019,f,7.6,0.0,APROVADO
444836,57564859,30eb9f908ea148ac43488d446fe4a837,92127264.0,2.0,6.30000019,f,7.6,0.0,APROVADO
444837,57564859,30eb9f908ea148ac43488d446fe4a837,92127264.0,3.0,7.19999981,f,7.6,0.0,APROVADO
444838,57564859,c2ff293de9a8f3ce1817a667fe700f64,92127264.0,1.0,1.0,f,0.3,0.0,REPROVADO
444839,57564859,c2ff293de9a8f3ce1817a667fe700f64,92127264.0,2.0,0.0,f,0.3,0.0,REPROVADO
444840,57564859,c2ff293de9a8f3ce1817a667fe700f64,92127264.0,3.0,0.0,f,0.3,0.0,REPROVADO
444841,57564859,a75256817d400d5e16bbe3708487cd35,92127264.0,1.0,5.80000019,f,6.4,0.0,APROVADO POR NOTA
444842,57564859,a75256817d400d5e16bbe3708487cd35,92127264.0,2.0,7.0,f,6.4,0.0,APROVADO POR NOTA
444843,57564859,a75256817d400d5e16bbe3708487cd35,92127264.0,3.0,6.4000001,f,6.4,0.0,APROVADO POR NOTA
444844,57564859,337456e02d9ba98811e329391b0dd2e6,92127264.0,1.0,3.20000005,t,5.0,11.0,APROVADO POR NOTA
444845,57564859,337456e02d9ba98811e329391b0dd2e6,92127264.0,2.0,5.5999999,f,5.0,11.0,APROVADO POR NOTA
444846,57564859,337456e02d9ba98811e329391b0dd2e6,92127264.0,3.0,4.5,f,5.0,11.0,APROVADO POR NOTA
444848,57564859,9632d5f4aa708c6f65db3e91b1e66b3a,92127264.0,1.0,1.29999995,f,0.4,0.0,REPROVADO
444849,57564859,9632d5f4aa708c6f65db3e91b1e66b3a,92127264.0,2.0,0.0,f,0.4,0.0,REPROVADO
444850,57564859,9632d5f4aa708c6f65db3e91b1e66b3a,92127264.0,3.0,0.0,f,0.4,0.0,REPROVADO
444875,57564859,0d478f6ba8a903dda7509aaaf4fc6858,92127264.0,0,0,0,0,0,TRANCADO
444877,57564859,a109022fb57e840c115b0f5bb04dc7f3,92127264.0,0,0,0,0,0,TRANCADO
444878,57564859,11ce638ad8a99119f42559a319c67b41,92127264.0,1.0,7.0,f,4.6,11.0,REPROVADO
444879,57564859,11ce638ad8a99119f42559a319c67b41,92127264.0,2.0,5.5,f,4.6,11.0,REPROVADO
444880,57564859,11ce638ad8a99119f42559a319c67b41,92127264.0,3.0,1.0,t,4.6,11.0,REPROVADO
444883,57564861,f23e5fa8c16da3a0b77a4ed738182750,92127264.0,1.0,3.70000005,f,5.5,18.0,APROVADO POR NOTA
444884,57564861,f23e5fa8c16da3a0b77a4ed738182750,92127264.0,2.0,4.30000019,f,5.5,18.0,APROVADO POR NOTA
444885,57564861,f23e5fa8c16da3a0b77a4ed738182750,92127264.0,3.0,8.5,f,5.5,18.0,APROVADO POR NOTA
444889,57564861,e71f0af009489a309cc39942acac97c0,92127264.0,1.0,3.0999999,t,6.2,25.0,APROVADO POR NOTA
444890,57564861,e71f0af009489a309cc39942acac97c0,92127264.0,2.0,4.0,f,6.2,25.0,APROVADO POR NOTA
444891,57564861,e71f0af009489a309cc39942acac97c0,92127264.0,3.0,6.69999981,f,6.2,25.0,APROVADO POR NOTA
444895,57564861,184dc7f5abb4797ae17d8f43d2108b34,92127264.0,1.0,7.19999981,f,6.5,24.0,APROVADO POR NOTA
444896,57564861,184dc7f5abb4797ae17d8f43d2108b34,92127264.0,2.0,5.4000001,f,6.5,24.0,APROVADO POR NOTA
444897,57564861,184dc7f5abb4797ae17d8f43d2108b34,92127264.0,3.0,7.0,f,6.5,24.0,APROVADO POR NOTA
444901,57564861,f8bd9385c1f1481d189651206ff59cd4,92127264.0,3.0,7.0,f,5.9,25.0,APROVADO POR NOTA
444902,57564861,f8bd9385c1f1481d189651206ff59cd4,92127264.0,1.0,3.20000005,f,5.9,25.0,APROVADO POR NOTA
444903,57564861,f8bd9385c1f1481d189651206ff59cd4,92127264.0,2.0,7.5,f,5.9,25.0,APROVADO POR NOTA
444904,57564861,6f3c5a2a8b8ce220b7fd4ec4769479d0,92127264.0,1.0,7.400000099999999,f,9.1,16.0,APROVADO
444905,57564861,6f3c5a2a8b8ce220b7fd4ec4769479d0,92127264.0,2.0,10.0,f,9.1,16.0,APROVADO
444906,57564861,6f3c5a2a8b8ce220b7fd4ec4769479d0,92127264.0,3.0,10.0,f,9.1,16.0,APROVADO
444910,57564861,c7ca8f11be2854934d2ba04f1724cdbe,92127264.0,1.0,4.0,f,4.5,24.0,REPROVADO
444911,57564861,c7ca8f11be2854934d2ba04f1724cdbe,92127264.0,2.0,3.5999999,f,4.5,24.0,REPROVADO
444912,57564861,c7ca8f11be2854934d2ba04f1724cdbe,92127264.0,3.0,6.0,f,4.5,24.0,REPROVADO
444913,57564861,a49b60d45d706c0e7a01c85e0fe3854e,92127264.0,1.0,4.5,f,5.0,25.0,APROVADO POR NOTA
444914,57564861,a49b60d45d706c0e7a01c85e0fe3854e,92127264.0,2.0,3.20000005,t,5.0,25.0,APROVADO POR NOTA
444915,57564861,a49b60d45d706c0e7a01c85e0fe3854e,92127264.0,3.0,3.5,f,5.0,25.0,APROVADO POR NOTA
444916,57564861,d876a255f2540137212a1df25b8c47bf,92127264.0,1.0,0.5,f,0.2,52.0,REPROVADO POR MÉDIA E POR FALTAS
444917,57564861,d876a255f2540137212a1df25b8c47bf,92127264.0,2.0,0.0,f,0.2,52.0,REPROVADO POR MÉDIA E POR FALTAS
444918,57564861,d876a255f2540137212a1df25b8c47bf,92127264.0,3.0,0.0,f,0.2,52.0,REPROVADO POR MÉDIA E POR FALTAS
444919,57564861,aeee701ac738fecb98159eefef6d6638,92127264.0,1.0,4.5,f,1.8,23.0,REPROVADO
444920,57564861,aeee701ac738fecb98159eefef6d6638,92127264.0,2.0,1.0,f,1.8,23.0,REPROVADO
444921,57564861,aeee701ac738fecb98159eefef6d6638,92127264.0,3.0,0.0,f,1.8,23.0,REPROVADO
444928,57564861,8b379f0c76fb7c008c9a2d15e566f156,92127264.0,1.0,0.699999988,f,0.9,23.0,REPROVADO
444929,57564861,8b379f0c76fb7c008c9a2d15e566f156,92127264.0,2.0,2.0,f,0.9,23.0,REPROVADO
444930,57564861,8b379f0c76fb7c008c9a2d15e566f156,92127264.0,3.0,0.0,f,0.9,23.0,REPROVADO
444931,57564861,e1b01dddfefb34bbf9739d100d7f62bf,92127264.0,1.0,4.5999999,f,1.5,30.0,REPROVADO POR MÉDIA E POR FALTAS
444932,57564861,e1b01dddfefb34bbf9739d100d7f62bf,92127264.0,2.0,0.0,f,1.5,30.0,REPROVADO POR MÉDIA E POR FALTAS
444933,57564861,e1b01dddfefb34bbf9739d100d7f62bf,92127264.0,3.0,0.0,f,1.5,30.0,REPROVADO POR MÉDIA E POR FALTAS
444934,57564861,08f00f60be208994947441f13c9e3ee1,92127264.0,1.0,6.0,f,6.0,23.0,APROVADO POR NOTA
444935,57564861,08f00f60be208994947441f13c9e3ee1,92127264.0,2.0,5.80000019,f,6.0,23.0,APROVADO POR NOTA
444936,57564861,08f00f60be208994947441f13c9e3ee1,92127264.0,3.0,6.30000019,f,6.0,23.0,APROVADO POR NOTA
445053,57565062,a2b5339caf4ea54ef4c904f25feb89ef,92127264.0,0,0,0,0,0,DESISTENCIA
445054,57565062,570cb04eb23871dd7b2eae6244b79378,92127264.0,1.0,9.69999981,f,9.7,0.0,APROVADO
445055,57565062,570cb04eb23871dd7b2eae6244b79378,92127264.0,2.0,9.69999981,f,9.7,0.0,APROVADO
445056,57565062,570cb04eb23871dd7b2eae6244b79378,92127264.0,3.0,9.69999981,f,9.7,0.0,APROVADO
445063,57565062,e793aa9d2b00b6830ee02eeb41f24dc2,92127264.0,1.0,5.0,f,5.0,0.0,APROVADO POR NOTA
445064,57565062,e793aa9d2b00b6830ee02eeb41f24dc2,92127264.0,2.0,5.0,f,5.0,0.0,APROVADO POR NOTA
445065,57565062,e793aa9d2b00b6830ee02eeb41f24dc2,92127264.0,3.0,5.0,f,5.0,0.0,APROVADO POR NOTA
445066,57565062,a2b5339caf4ea54ef4c904f25feb89ef,92127264.0,0,0,0,0,0,DESISTENCIA
445067,57565062,570cb04eb23871dd7b2eae6244b79378,92127264.0,1.0,9.69999981,f,9.7,0.0,APROVADO
445068,57565062,570cb04eb23871dd7b2eae6244b79378,92127264.0,2.0,9.69999981,f,9.7,0.0,APROVADO
445069,57565062,570cb04eb23871dd7b2eae6244b79378,92127264.0,3.0,9.69999981,f,9.7,0.0,APROVADO
445076,57565062,e793aa9d2b00b6830ee02eeb41f24dc2,92127264.0,1.0,5.0,f,5.0,0.0,APROVADO POR NOTA
445077,57565062,e793aa9d2b00b6830ee02eeb41f24dc2,92127264.0,2.0,5.0,f,5.0,0.0,APROVADO POR NOTA
445078,57565062,e793aa9d2b00b6830ee02eeb41f24dc2,92127264.0,3.0,5.0,f,5.0,0.0,APROVADO POR NOTA
445127,57565057,9b03275cfc98def4ebace9f3a04bdc7c,92127264.0,3.0,5.5,f,5.0,20.0,APROVADO POR NOTA
445128,57565057,9b03275cfc98def4ebace9f3a04bdc7c,92127264.0,1.0,4.5,f,5.0,20.0,APROVADO POR NOTA
445129,57565057,9b03275cfc98def4ebace9f3a04bdc7c,92127264.0,2.0,0.0,t,5.0,20.0,APROVADO POR NOTA
445130,57565057,77a188e6ffe37c8c56916b5669cc1fa8,92127264.0,0,0,0,0,0,DESISTENCIA
445131,57565057,a2b5339caf4ea54ef4c904f25feb89ef,92127264.0,1.0,3.5,f,1.2,50.0,REPROVADO POR MÉDIA E POR FALTAS
445132,57565057,a2b5339caf4ea54ef4c904f25feb89ef,92127264.0,2.0,0.0,f,1.2,50.0,REPROVADO POR MÉDIA E POR FALTAS
445133,57565057,a2b5339caf4ea54ef4c904f25feb89ef,92127264.0,3.0,0.0,f,1.2,50.0,REPROVADO POR MÉDIA E POR FALTAS
445134,57565057,beac1f49210679beb9b26a1636ed3ff3,92127264.0,1.0,2.5,f,1.3,48.0,REPROVADO POR MÉDIA E POR FALTAS
445135,57565057,beac1f49210679beb9b26a1636ed3ff3,92127264.0,2.0,1.5,f,1.3,48.0,REPROVADO POR MÉDIA E POR FALTAS
445136,57565057,beac1f49210679beb9b26a1636ed3ff3,92127264.0,3.0,0.0,f,1.3,48.0,REPROVADO POR MÉDIA E POR FALTAS
445137,57565057,94f27183387ba163815ccb077b676073,92127264.0,1.0,5.5,f,5.8,20.0,APROVADO POR NOTA
445138,57565057,94f27183387ba163815ccb077b676073,92127264.0,2.0,5.0,f,5.8,20.0,APROVADO POR NOTA
445139,57565057,94f27183387ba163815ccb077b676073,92127264.0,3.0,7.0,f,5.8,20.0,APROVADO POR NOTA
445140,57565057,212bde07a1ba6bc28727ceb5d9663bbb,92127264.0,1.0,3.5,f,2.5,28.0,REPROVADO POR MÉDIA E POR FALTAS
445141,57565057,212bde07a1ba6bc28727ceb5d9663bbb,92127264.0,2.0,0.0,f,2.5,28.0,REPROVADO POR MÉDIA E POR FALTAS
445142,57565057,212bde07a1ba6bc28727ceb5d9663bbb,92127264.0,3.0,4.0,f,2.5,28.0,REPROVADO POR MÉDIA E POR FALTAS
445250,57564869,ab2978dc1b698b43f07067994d2cb007,92127264.0,1.0,0.0,f,0.0,0.0,REPROVADO
445251,57564869,ab2978dc1b698b43f07067994d2cb007,92127264.0,2.0,0.0,f,0.0,0.0,REPROVADO
445252,57564869,ab2978dc1b698b43f07067994d2cb007,92127264.0,3.0,0.0,f,0.0,0.0,REPROVADO
445253,57564869,10b567bf355d0221626a487d9808dbe8,92127264.0,1.0,3.5,f,2.6,0.0,REPROVADO
445254,57564869,10b567bf355d0221626a487d9808dbe8,92127264.0,2.0,0.400000006,f,2.6,0.0,REPROVADO
445255,57564869,10b567bf355d0221626a487d9808dbe8,92127264.0,3.0,4.0,f,2.6,0.0,REPROVADO
445256,57564869,f23e5fa8c16da3a0b77a4ed738182750,92127264.0,0,0,0,0,0,DESISTENCIA
445257,57564869,3878dc0f1f55d1f6e658ee148ca776c6,92127264.0,1.0,9.0,f,5.6,0.0,APROVADO POR NOTA
445258,57564869,3878dc0f1f55d1f6e658ee148ca776c6,92127264.0,2.0,3.9000001,f,5.6,0.0,APROVADO POR NOTA
445259,57564869,3878dc0f1f55d1f6e658ee148ca776c6,92127264.0,3.0,4.0,f,5.6,0.0,APROVADO POR NOTA
445260,57564869,ccfe06283d005ceefe56c324208b244c,92127264.0,1.0,7.80000019,f,6.2,0.0,APROVADO POR NOTA
445261,57564869,ccfe06283d005ceefe56c324208b244c,92127264.0,2.0,3.79999995,f,6.2,0.0,APROVADO POR NOTA
445262,57564869,ccfe06283d005ceefe56c324208b244c,92127264.0,3.0,7.0,f,6.2,0.0,APROVADO POR NOTA
445263,57564869,c2ff293de9a8f3ce1817a667fe700f64,92127264.0,1.0,0.0,f,0.0,0.0,REPROVADO
445264,57564869,c2ff293de9a8f3ce1817a667fe700f64,92127264.0,2.0,0.0,f,0.0,0.0,REPROVADO
445265,57564869,c2ff293de9a8f3ce1817a667fe700f64,92127264.0,3.0,0.0,f,0.0,0.0,REPROVADO
445266,57564869,337456e02d9ba98811e329391b0dd2e6,92127264.0,1.0,1.0,f,0.3,0.0,REPROVADO
445267,57564869,337456e02d9ba98811e329391b0dd2e6,92127264.0,2.0,0.0,f,0.3,0.0,REPROVADO
445268,57564869,337456e02d9ba98811e329391b0dd2e6,92127264.0,3.0,0.0,f,0.3,0.0,REPROVADO
445270,57564869,28685e2715ef5bd4ccd928220187c670,92127264.0,1.0,7.0,f,3.1,0.0,REPROVADO
445271,57564869,28685e2715ef5bd4ccd928220187c670,92127264.0,2.0,2.4000001,f,3.1,0.0,REPROVADO
445272,57564869,28685e2715ef5bd4ccd928220187c670,92127264.0,3.0,0.0,f,3.1,0.0,REPROVADO
445276,57564869,61c12ee39c8672f3afd1488aef6dd956,92127264.0,0,0,0,0,0,DESISTENCIA
445277,57564869,7a4c4b293541c00f8352c2fa485b547c,92127264.0,1.0,8.5,f,3.0,0.0,REPROVADO
445278,57564869,7a4c4b293541c00f8352c2fa485b547c,92127264.0,2.0,0.5,f,3.0,0.0,REPROVADO
445279,57564869,7a4c4b293541c00f8352c2fa485b547c,92127264.0,3.0,0.0,f,3.0,0.0,REPROVADO
445280,57564869,11ce638ad8a99119f42559a319c67b41,92127264.0,1.0,7.0,f,5.0,0.0,REPROVADO POR NOTA
445281,57564869,11ce638ad8a99119f42559a319c67b41,92127264.0,2.0,0.0,f,5.0,0.0,REPROVADO POR NOTA
445282,57564869,11ce638ad8a99119f42559a319c67b41,92127264.0,3.0,8.0,f,5.0,0.0,REPROVADO POR NOTA
445283,57564869,263b538e5e0beb5b381cb30ac69e7856,92127264.0,1.0,0.0,f,0.1,0.0,REPROVADO
445284,57564869,263b538e5e0beb5b381cb30ac69e7856,92127264.0,2.0,0.300000012,f,0.1,0.0,REPROVADO
445285,57564869,263b538e5e0beb5b381cb30ac69e7856,92127264.0,3.0,0.0,f,0.1,0.0,REPROVADO
445292,57564869,bda163d2e9a749dea2cc351e36cd5eba,92127264.0,1.0,0.0,f,0.0,0.0,REPROVADO
445293,57564869,bda163d2e9a749dea2cc351e36cd5eba,92127264.0,2.0,0.0,f,0.0,0.0,REPROVADO
445294,57564869,bda163d2e9a749dea2cc351e36cd5eba,92127264.0,3.0,0.0,f,0.0,0.0,REPROVADO
445301,57564869,aba354be07deca8ed1bb96ebc9d7cba2,92127264.0,0,0,0,0,0,TRANCADO
445305,57564869,1e93a5e40d72e66742db6dd1fecd8413,92127264.0,1.0,2.0,f,0.7,0.0,REPROVADO
445306,57564869,1e93a5e40d72e66742db6dd1fecd8413,92127264.0,2.0,0.0,f,0.7,0.0,REPROVADO
445307,57564869,1e93a5e40d72e66742db6dd1fecd8413,92127264.0,3.0,0.0,f,0.7,0.0,REPROVADO
445312,57564869,1ea845bec856c74ecee4c9aa5150379a,92127264.0,1.0,1.5,f,0.5,0.0,REPROVADO
445313,57564869,1ea845bec856c74ecee4c9aa5150379a,92127264.0,2.0,0.0,f,0.5,0.0,REPROVADO
445314,57564869,1ea845bec856c74ecee4c9aa5150379a,92127264.0,3.0,0.0,f,0.5,0.0,REPROVADO
445319,57564869,0e38c468da1fafa776434dd187a12149,92127264.0,1.0,1.0,t,5.0,0.0,APROVADO POR NOTA
445320,57564869,0e38c468da1fafa776434dd187a12149,92127264.0,2.0,3.0,f,5.0,0.0,APROVADO POR NOTA
445321,57564869,0e38c468da1fafa776434dd187a12149,92127264.0,3.0,8.0,f,5.0,0.0,APROVADO POR NOTA
445322,57564869,0188fee9f69676d5d450513676ffa20f,92127264.0,1.0,6.5,f,5.2,0.0,APROVADO POR NOTA
445323,57564869,0188fee9f69676d5d450513676ffa20f,92127264.0,2.0,0.400000006,t,5.2,0.0,APROVADO POR NOTA
445324,57564869,0188fee9f69676d5d450513676ffa20f,92127264.0,3.0,4.0,f,5.2,0.0,APROVADO POR NOTA
445325,57564869,19e7a82ab8968f303fbde731b31c06c3,92127264.0,2.0,8.5,f,9.2,0.0,APROVADO
445326,57564869,19e7a82ab8968f303fbde731b31c06c3,92127264.0,3.0,10.0,f,9.2,0.0,APROVADO
445327,57564869,19e7a82ab8968f303fbde731b31c06c3,92127264.0,1.0,9.0,f,9.2,0.0,APROVADO
445437,57564858,7e0c9d37a5d96aaf03233f4f8cb31608,92127264.0,1.0,2.0,f,0.7,46.0,REPROVADO POR MÉDIA E POR FALTAS
445438,57564858,7e0c9d37a5d96aaf03233f4f8cb31608,92127264.0,2.0,0.0,f,0.7,46.0,REPROVADO POR MÉDIA E POR FALTAS
445439,57564858,7e0c9d37a5d96aaf03233f4f8cb31608,92127264.0,3.0,0.0,f,0.7,46.0,REPROVADO POR MÉDIA E POR FALTAS
445440,57564858,430325976024d5d1ef77afdcfaab016a,92127264.0,1.0,2.5,f,3.4,4.0,REPROVADO
445441,57564858,430325976024d5d1ef77afdcfaab016a,92127264.0,2.0,3.29999995,f,3.4,4.0,REPROVADO
445442,57564858,430325976024d5d1ef77afdcfaab016a,92127264.0,3.0,4.4000001,f,3.4,4.0,REPROVADO
445446,57564858,eddf85f8de16759001056bee8d4bf32b,92127264.0,1.0,7.599999900000001,f,5.7,10.0,APROVADO POR NOTA
445447,57564858,eddf85f8de16759001056bee8d4bf32b,92127264.0,2.0,4.4000001,f,5.7,10.0,APROVADO POR NOTA
445448,57564858,eddf85f8de16759001056bee8d4bf32b,92127264.0,3.0,5.0,f,5.7,10.0,APROVADO POR NOTA
445449,57564858,bb08f985540d1d45c21123066e5203e3,92127264.0,1.0,2.0,f,1.2,26.0,REPROVADO
445450,57564858,bb08f985540d1d45c21123066e5203e3,92127264.0,2.0,1.5,f,1.2,26.0,REPROVADO
445451,57564858,bb08f985540d1d45c21123066e5203e3,92127264.0,3.0,0.0,f,1.2,26.0,REPROVADO
445452,57564858,69fc0bfa31d311c26a130bf6bd37a5cd,92127264.0,1.0,2.0,f,2.4,12.0,REPROVADO
445453,57564858,69fc0bfa31d311c26a130bf6bd37a5cd,92127264.0,2.0,2.70000005,f,2.4,12.0,REPROVADO
445454,57564858,69fc0bfa31d311c26a130bf6bd37a5cd,92127264.0,3.0,2.4000001,f,2.4,12.0,REPROVADO
445455,57564858,f59c7673d9a33ed201ee68798b80304d,92127264.0,0,0,0,0,0,TRANCADO
445456,57564858,8a7b533bdb6d32e09a5a2712312be0ea,92127264.0,1.0,1.5,f,1.8,14.0,REPROVADO
445457,57564858,8a7b533bdb6d32e09a5a2712312be0ea,92127264.0,2.0,3.79999995,f,1.8,14.0,REPROVADO
445458,57564858,8a7b533bdb6d32e09a5a2712312be0ea,92127264.0,3.0,0.0,f,1.8,14.0,REPROVADO
445459,57564858,46fcfa469134e1d7294e54ec241ce9b2,92127264.0,1.0,1.10000002,f,0.4,71.0,REPROVADO POR MÉDIA E POR FALTAS
445460,57564858,46fcfa469134e1d7294e54ec241ce9b2,92127264.0,2.0,0.0,f,0.4,71.0,REPROVADO POR MÉDIA E POR FALTAS
445461,57564858,46fcfa469134e1d7294e54ec241ce9b2,92127264.0,3.0,0.0,f,0.4,71.0,REPROVADO POR MÉDIA E POR FALTAS
445462,57564858,8686cb9f0defc9fec6c7bf5fed40bda4,92127264.0,3.0,6.0999999,f,5.6,16.0,APROVADO POR NOTA
445463,57564858,8686cb9f0defc9fec6c7bf5fed40bda4,92127264.0,1.0,4.30000019,f,5.6,16.0,APROVADO POR NOTA
445464,57564858,8686cb9f0defc9fec6c7bf5fed40bda4,92127264.0,2.0,6.30000019,f,5.6,16.0,APROVADO POR NOTA
445465,57564858,c7f78ef4d6e39ad93441209267801600,92127264.0,1.0,8.10000038,f,7.0,16.0,APROVADO
445466,57564858,c7f78ef4d6e39ad93441209267801600,92127264.0,2.0,7.599999900000001,f,7.0,16.0,APROVADO
445467,57564858,c7f78ef4d6e39ad93441209267801600,92127264.0,3.0,5.19999981,f,7.0,16.0,APROVADO
445468,57564858,990a6d5b8c374d5302e2716f022cf495,92127264.0,1.0,3.4000001,f,1.3,14.0,REPROVADO
445469,57564858,990a6d5b8c374d5302e2716f022cf495,92127264.0,2.0,0.0,f,1.3,14.0,REPROVADO
445470,57564858,990a6d5b8c374d5302e2716f022cf495,92127264.0,3.0,0.400000006,f,1.3,14.0,REPROVADO
445471,57564858,3be0a9d02f52ad9e368b82c93f60bb59,92127264.0,1.0,2.29999995,t,5.0,25.0,APROVADO POR NOTA
445472,57564858,3be0a9d02f52ad9e368b82c93f60bb59,92127264.0,2.0,3.20000005,f,5.0,25.0,APROVADO POR NOTA
445473,57564858,3be0a9d02f52ad9e368b82c93f60bb59,92127264.0,3.0,3.4000001,f,5.0,25.0,APROVADO POR NOTA
445474,57564858,98dce2e1b2e4e013058b68ec163eb46f,92127264.0,1.0,3.0999999,f,1.0,70.0,REPROVADO POR MÉDIA E POR FALTAS
445475,57564858,98dce2e1b2e4e013058b68ec163eb46f,92127264.0,2.0,0.0,f,1.0,70.0,REPROVADO POR MÉDIA E POR FALTAS
445476,57564858,98dce2e1b2e4e013058b68ec163eb46f,92127264.0,3.0,0.0,f,1.0,70.0,REPROVADO POR MÉDIA E POR FALTAS
445477,57564858,64643cedb489d1f1c79849ae3d5b4835,92127264.0,3.0,0.0,f,0.4,54.0,REPROVADO POR MÉDIA E POR FALTAS
445478,57564858,64643cedb489d1f1c79849ae3d5b4835,92127264.0,1.0,1.29999995,f,0.4,54.0,REPROVADO POR MÉDIA E POR FALTAS
445479,57564858,64643cedb489d1f1c79849ae3d5b4835,92127264.0,2.0,0.0,f,0.4,54.0,REPROVADO POR MÉDIA E POR FALTAS
445480,57564858,3bfc72453ade08f822bb299ae199db21,92127264.0,0,0,0,0,0,TRANCADO
445484,57564858,e5f2810aa63e3d1d0472a76623334c72,92127264.0,1.0,0.5,f,1.5,32.0,REPROVADO POR MÉDIA E POR FALTAS
445485,57564858,e5f2810aa63e3d1d0472a76623334c72,92127264.0,2.0,3.5,f,1.5,32.0,REPROVADO POR MÉDIA E POR FALTAS
445486,57564858,e5f2810aa63e3d1d0472a76623334c72,92127264.0,3.0,0.5,f,1.5,32.0,REPROVADO POR MÉDIA E POR FALTAS
445487,57564858,b419813a078aae20633c5585127ede87,92127264.0,2.0,2.20000005,f,0.7,38.0,REPROVADO POR MÉDIA E POR FALTAS
445488,57564858,b419813a078aae20633c5585127ede87,92127264.0,3.0,0.0,f,0.7,38.0,REPROVADO POR MÉDIA E POR FALTAS
445489,57564858,b419813a078aae20633c5585127ede87,92127264.0,1.0,0.0,f,0.7,38.0,REPROVADO POR MÉDIA E POR FALTAS
445490,57564858,b7526a03c4edcc77987629a48ac76b64,92127264.0,1.0,2.20000005,f,0.9,51.0,REPROVADO POR MÉDIA E POR FALTAS
445491,57564858,b7526a03c4edcc77987629a48ac76b64,92127264.0,2.0,0.5,f,0.9,51.0,REPROVADO POR MÉDIA E POR FALTAS
445492,57564858,b7526a03c4edcc77987629a48ac76b64,92127264.0,3.0,0.0,f,0.9,51.0,REPROVADO POR MÉDIA E POR FALTAS
445496,57564858,7fe258d773987637116d18bf9ee966d6,92127264.0,1.0,3.79999995,f,1.3,25.0,REPROVADO
445497,57564858,7fe258d773987637116d18bf9ee966d6,92127264.0,2.0,0.0,f,1.3,25.0,REPROVADO
445498,57564858,7fe258d773987637116d18bf9ee966d6,92127264.0,3.0,0.0,f,1.3,25.0,REPROVADO
445601,57564863,e793aa9d2b00b6830ee02eeb41f24dc2,92127264.0,1.0,4.9000001,f,6.2,8.0,APROVADO POR NOTA
445602,57564863,e793aa9d2b00b6830ee02eeb41f24dc2,92127264.0,2.0,5.0,f,6.2,8.0,APROVADO POR NOTA
445603,57564863,e793aa9d2b00b6830ee02eeb41f24dc2,92127264.0,3.0,8.80000019,f,6.2,8.0,APROVADO POR NOTA
445604,57564863,c7f78ef4d6e39ad93441209267801600,92127264.0,1.0,2.5999999,t,7.5,10.0,APROVADO
445605,57564863,c7f78ef4d6e39ad93441209267801600,92127264.0,2.0,8.60000038,f,7.5,10.0,APROVADO
445606,57564863,c7f78ef4d6e39ad93441209267801600,92127264.0,3.0,8.80000019,f,7.5,10.0,APROVADO
445607,57564863,9684b8e9ace5dcd5c4c29bf4f21d2185,92127264.0,1.0,4.30000019,f,6.9,18.0,APROVADO POR NOTA
445608,57564863,9684b8e9ace5dcd5c4c29bf4f21d2185,92127264.0,2.0,9.10000038,f,6.9,18.0,APROVADO POR NOTA
445609,57564863,9684b8e9ace5dcd5c4c29bf4f21d2185,92127264.0,3.0,7.400000099999999,f,6.9,18.0,APROVADO POR NOTA
445611,57564863,665100eb5bacac5c89aff67cf93923b8,92127264.0,1.0,0,f,0,0.0,TRANCADO
445612,57564863,665100eb5bacac5c89aff67cf93923b8,92127264.0,2.0,0,f,0,0.0,TRANCADO
445613,57564863,665100eb5bacac5c89aff67cf93923b8,92127264.0,3.0,0,f,0,0.0,TRANCADO
445620,57564863,52e567da9dc48df1c9c4cca1d3857a71,92127264.0,0,0,0,0,0,DESISTENCIA
445621,57564863,97f43e2dc31d79073af85501a0e41c46,92127264.0,1.0,3.79999995,f,7.5,16.0,APROVADO
445622,57564863,97f43e2dc31d79073af85501a0e41c46,92127264.0,2.0,9.10000038,f,7.5,16.0,APROVADO
445623,57564863,97f43e2dc31d79073af85501a0e41c46,92127264.0,3.0,9.5,f,7.5,16.0,APROVADO
445625,57564863,a6828dd2dd4b8ff21c763f6d1f6f5e04,92127264.0,1.0,3.29999995,f,1.5,10.0,REPROVADO
445626,57564863,a6828dd2dd4b8ff21c763f6d1f6f5e04,92127264.0,2.0,1.29999995,f,1.5,10.0,REPROVADO
445627,57564863,a6828dd2dd4b8ff21c763f6d1f6f5e04,92127264.0,3.0,0.0,f,1.5,10.0,REPROVADO
445628,57564863,e5f2810aa63e3d1d0472a76623334c72,92127264.0,1.0,2.0,t,3.9,4.0,REPROVADO
445629,57564863,e5f2810aa63e3d1d0472a76623334c72,92127264.0,2.0,4.4000001,f,3.9,4.0,REPROVADO
445630,57564863,e5f2810aa63e3d1d0472a76623334c72,92127264.0,3.0,4.9000001,f,3.9,4.0,REPROVADO
445631,57564863,aad31258ef0f8e30cd3d4eea691a6c18,92127264.0,1.0,4.099999899999999,f,1.9,12.0,REPROVADO
445632,57564863,aad31258ef0f8e30cd3d4eea691a6c18,92127264.0,2.0,0.0,f,1.9,12.0,REPROVADO
445633,57564863,aad31258ef0f8e30cd3d4eea691a6c18,92127264.0,3.0,1.5,f,1.9,12.0,REPROVADO
445634,57564863,5abb887c45addf95db6b9eb77c9970ef,92127264.0,1.0,4.80000019,f,7.8,0.0,APROVADO
445635,57564863,5abb887c45addf95db6b9eb77c9970ef,92127264.0,2.0,9.10000038,f,7.8,0.0,APROVADO
445636,57564863,5abb887c45addf95db6b9eb77c9970ef,92127264.0,3.0,9.5,f,7.8,0.0,APROVADO
445637,57564863,906fb61db8d4c543d4f9e8d746e250b0,92127264.0,1.0,6.30000019,f,8.8,2.0,APROVADO
445638,57564863,906fb61db8d4c543d4f9e8d746e250b0,92127264.0,2.0,10.0,f,8.8,2.0,APROVADO
445639,57564863,906fb61db8d4c543d4f9e8d746e250b0,92127264.0,3.0,10.0,f,8.8,2.0,APROVADO
445640,57564863,1084bfe76dd5ef9187ef67922d26e66a,92127264.0,1.0,6.80000019,f,8.4,0.0,APROVADO
445641,57564863,1084bfe76dd5ef9187ef67922d26e66a,92127264.0,2.0,9.69999981,f,8.4,0.0,APROVADO
445642,57564863,1084bfe76dd5ef9187ef67922d26e66a,92127264.0,3.0,8.80000019,f,8.4,0.0,APROVADO
445643,57564863,b78957e87af0d1f30b901b13eb44a2eb,92127264.0,1.0,5.0999999,f,7.2,10.0,APROVADO
445644,57564863,b78957e87af0d1f30b901b13eb44a2eb,92127264.0,2.0,9.10000038,f,7.2,10.0,APROVADO
445645,57564863,b78957e87af0d1f30b901b13eb44a2eb,92127264.0,3.0,7.400000099999999,f,7.2,10.0,APROVADO
445646,57564863,dc71ff037f1e98823ef208155af16c47,92127264.0,1.0,7.0,f,7.9,8.0,APROVADO
445647,57564863,dc71ff037f1e98823ef208155af16c47,92127264.0,2.0,8.5,f,7.9,8.0,APROVADO
445648,57564863,dc71ff037f1e98823ef208155af16c47,92127264.0,3.0,8.10000038,f,7.9,8.0,APROVADO
445660,57564863,2dc7a467ad56c5907b742dcf36014a7d,92127264.0,1.0,0.0,f,0.0,66.0,REPROVADO POR MÉDIA E POR FALTAS
445661,57564863,2dc7a467ad56c5907b742dcf36014a7d,92127264.0,2.0,0.0,f,0.0,66.0,REPROVADO POR MÉDIA E POR FALTAS
445662,57564863,2dc7a467ad56c5907b742dcf36014a7d,92127264.0,3.0,0.0,f,0.0,66.0,REPROVADO POR MÉDIA E POR FALTAS
445669,57564863,4b8d2d354d7b7d558750e0e57e539de8,92127264.0,1.0,0.0,f,0.0,50.0,REPROVADO POR MÉDIA E POR FALTAS
445670,57564863,4b8d2d354d7b7d558750e0e57e539de8,92127264.0,2.0,0.0,f,0.0,50.0,REPROVADO POR MÉDIA E POR FALTAS
445671,57564863,4b8d2d354d7b7d558750e0e57e539de8,92127264.0,3.0,0.0,f,0.0,50.0,REPROVADO POR MÉDIA E POR FALTAS
445672,57564863,72dcd1fa143cad070004d10eee2545fd,92127264.0,1.0,0.0,f,0.0,8.0,REPROVADO
445673,57564863,72dcd1fa143cad070004d10eee2545fd,92127264.0,2.0,0.0,f,0.0,8.0,REPROVADO
445674,57564863,72dcd1fa143cad070004d10eee2545fd,92127264.0,3.0,0.0,f,0.0,8.0,REPROVADO
445685,57564863,8cf52a04b4b12e332f8a54264a52ba53,92127264.0,1.0,0.0,f,0.0,70.0,REPROVADO POR MÉDIA E POR FALTAS
445686,57564863,8cf52a04b4b12e332f8a54264a52ba53,92127264.0,2.0,0.0,f,0.0,70.0,REPROVADO POR MÉDIA E POR FALTAS
445687,57564863,8cf52a04b4b12e332f8a54264a52ba53,92127264.0,3.0,0.0,f,0.0,70.0,REPROVADO POR MÉDIA E POR FALTAS
445688,57564863,28685e2715ef5bd4ccd928220187c670,92127264.0,1.0,3.4000001,f,5.7,18.0,APROVADO POR NOTA
445689,57564863,28685e2715ef5bd4ccd928220187c670,92127264.0,2.0,5.0,f,5.7,18.0,APROVADO POR NOTA
445690,57564863,28685e2715ef5bd4ccd928220187c670,92127264.0,3.0,8.80000019,f,5.7,18.0,APROVADO POR NOTA
445691,57564863,b747baeb100d39e775e6b8bfc1661ead,92127264.0,1.0,2.4000001,f,0.8,8.0,REPROVADO
445692,57564863,b747baeb100d39e775e6b8bfc1661ead,92127264.0,2.0,0.0,f,0.8,8.0,REPROVADO
445693,57564863,b747baeb100d39e775e6b8bfc1661ead,92127264.0,3.0,0.0,f,0.8,8.0,REPROVADO
445700,57564863,b419813a078aae20633c5585127ede87,92127264.0,1.0,1.5,t,4.2,15.0,REPROVADO
445701,57564863,b419813a078aae20633c5585127ede87,92127264.0,2.0,4.19999981,f,4.2,15.0,REPROVADO
445702,57564863,b419813a078aae20633c5585127ede87,92127264.0,3.0,6.4000001,f,4.2,15.0,REPROVADO
445703,57564863,b1bba06612610bc63989a0a5ea14d3fc,92127264.0,1.0,2.0999999,f,0.7,16.0,REPROVADO
445704,57564863,b1bba06612610bc63989a0a5ea14d3fc,92127264.0,2.0,0.0,f,0.7,16.0,REPROVADO
445705,57564863,b1bba06612610bc63989a0a5ea14d3fc,92127264.0,3.0,0.0,f,0.7,16.0,REPROVADO
445706,57564863,52df7a26e3059a52241366146b904b01,92127264.0,1.0,1.79999995,f,0.8,20.0,REPROVADO
445707,57564863,52df7a26e3059a52241366146b904b01,92127264.0,2.0,0.0,f,0.8,20.0,REPROVADO
445708,57564863,52df7a26e3059a52241366146b904b01,92127264.0,3.0,0.5,f,0.8,20.0,REPROVADO
445710,57564863,1769378784613a7f89344897979d8d68,92127264.0,1.0,7.400000099999999,f,7.7,16.0,APROVADO
445711,57564863,1769378784613a7f89344897979d8d68,92127264.0,2.0,8.30000019,f,7.7,16.0,APROVADO
445712,57564863,1769378784613a7f89344897979d8d68,92127264.0,3.0,7.400000099999999,f,7.7,16.0,APROVADO
445764,57565214,3fca4ed1d677f18128430e1d5dd87147,92127264.0,1.0,4.5,f,5.5,0.0,APROVADO POR NOTA
445765,57565214,3fca4ed1d677f18128430e1d5dd87147,92127264.0,2.0,5.0,f,5.5,0.0,APROVADO POR NOTA
445766,57565214,3fca4ed1d677f18128430e1d5dd87147,92127264.0,3.0,7.0,f,5.5,0.0,APROVADO POR NOTA
445767,57565214,4fd6a063993d07c7d11474faed256e52,92127264.0,1.0,10.0,f,9.3,0.0,APROVADO
445768,57565214,4fd6a063993d07c7d11474faed256e52,92127264.0,2.0,9.0,f,9.3,0.0,APROVADO
445769,57565214,4fd6a063993d07c7d11474faed256e52,92127264.0,3.0,9.0,f,9.3,0.0,APROVADO
445770,57565214,46c6360b365290a1404a5c8ffd59f9e1,92127264.0,1.0,3.5,f,5.3,0.0,APROVADO POR NOTA
445771,57565214,46c6360b365290a1404a5c8ffd59f9e1,92127264.0,2.0,5.0,f,5.3,0.0,APROVADO POR NOTA
445772,57565214,46c6360b365290a1404a5c8ffd59f9e1,92127264.0,3.0,7.5,f,5.3,0.0,APROVADO POR NOTA
445773,57565214,05961a2da16bb50207b1c3df6a9a6382,92127264.0,1.0,7.5,f,7.7,0.0,APROVADO
445774,57565214,05961a2da16bb50207b1c3df6a9a6382,92127264.0,2.0,8.0,f,7.7,0.0,APROVADO
445775,57565214,05961a2da16bb50207b1c3df6a9a6382,92127264.0,3.0,7.5,f,7.7,0.0,APROVADO
445776,57565214,b0f86d842b61525819f34d4d9a1c5dd9,92127264.0,1.0,5.5,f,6.7,0.0,APROVADO POR NOTA
445777,57565214,b0f86d842b61525819f34d4d9a1c5dd9,92127264.0,2.0,7.0,f,6.7,0.0,APROVADO POR NOTA
445778,57565214,b0f86d842b61525819f34d4d9a1c5dd9,92127264.0,3.0,7.5,f,6.7,0.0,APROVADO POR NOTA
445779,57565214,fb144904845e9bf1305e59854eea140a,92127264.0,1.0,7.0,f,6.7,0.0,APROVADO POR NOTA
445780,57565214,fb144904845e9bf1305e59854eea140a,92127264.0,2.0,6.0,f,6.7,0.0,APROVADO POR NOTA
445781,57565214,fb144904845e9bf1305e59854eea140a,92127264.0,3.0,7.0,f,6.7,0.0,APROVADO POR NOTA
445782,57565214,36e2211c6c16fa38f1e7fef99b10d22f,92127264.0,1.0,6.5,f,6.7,0.0,APROVADO POR NOTA
445783,57565214,36e2211c6c16fa38f1e7fef99b10d22f,92127264.0,2.0,6.0,f,6.7,0.0,APROVADO POR NOTA
445784,57565214,36e2211c6c16fa38f1e7fef99b10d22f,92127264.0,3.0,7.5,f,6.7,0.0,APROVADO POR NOTA
445785,57565214,ea02749010f507f3e6b03a52b1ca9d4c,92127264.0,1.0,10.0,f,9.5,0.0,APROVADO
445786,57565214,ea02749010f507f3e6b03a52b1ca9d4c,92127264.0,2.0,9.5,f,9.5,0.0,APROVADO
445787,57565214,ea02749010f507f3e6b03a52b1ca9d4c,92127264.0,3.0,9.0,f,9.5,0.0,APROVADO
445788,57565214,edd7f9f8daa51ac6f4b967368277c8f1,92127264.0,1.0,5.5,f,6.5,0.0,APROVADO POR NOTA
445789,57565214,edd7f9f8daa51ac6f4b967368277c8f1,92127264.0,2.0,6.5,f,6.5,0.0,APROVADO POR NOTA
445790,57565214,edd7f9f8daa51ac6f4b967368277c8f1,92127264.0,3.0,7.5,f,6.5,0.0,APROVADO POR NOTA
445791,57565214,2e76987f8d1ad80d26cfb6d1b5bde22f,92127264.0,1.0,10.0,f,9.3,0.0,APROVADO
445792,57565214,2e76987f8d1ad80d26cfb6d1b5bde22f,92127264.0,2.0,9.0,f,9.3,0.0,APROVADO
445793,57565214,2e76987f8d1ad80d26cfb6d1b5bde22f,92127264.0,3.0,9.0,f,9.3,0.0,APROVADO
445794,57565214,8617548982a251170019500fbe5ebea9,92127264.0,2.0,5.0,f,6.2,0.0,APROVADO POR NOTA
445795,57565214,8617548982a251170019500fbe5ebea9,92127264.0,3.0,7.0,f,6.2,0.0,APROVADO POR NOTA
445796,57565214,8617548982a251170019500fbe5ebea9,92127264.0,1.0,6.5,f,6.2,0.0,APROVADO POR NOTA
445797,57565214,daee292530a6b180685cd6cfd22c6496,92127264.0,0,0,0,0,0,DESISTENCIA
445798,57565214,167735b0595253fe5cb241a54e0f8b1b,92127264.0,1.0,6.0,f,6.3,0.0,APROVADO POR NOTA
445799,57565214,167735b0595253fe5cb241a54e0f8b1b,92127264.0,2.0,5.5,f,6.3,0.0,APROVADO POR NOTA
445800,57565214,167735b0595253fe5cb241a54e0f8b1b,92127264.0,3.0,7.5,f,6.3,0.0,APROVADO POR NOTA
445801,57565214,24639ba86aa8be3527cfd77ff6d44994,92127264.0,1.0,6.5,f,6.7,0.0,APROVADO POR NOTA
445802,57565214,24639ba86aa8be3527cfd77ff6d44994,92127264.0,2.0,6.0,f,6.7,0.0,APROVADO POR NOTA
445803,57565214,24639ba86aa8be3527cfd77ff6d44994,92127264.0,3.0,7.5,f,6.7,0.0,APROVADO POR NOTA
445804,57565214,9c57bdb46f6361e82f72a395800fc231,92127264.0,1.0,10.0,f,9.2,0.0,APROVADO
445805,57565214,9c57bdb46f6361e82f72a395800fc231,92127264.0,2.0,9.0,f,9.2,0.0,APROVADO
445806,57565214,9c57bdb46f6361e82f72a395800fc231,92127264.0,3.0,8.5,f,9.2,0.0,APROVADO
445807,57565214,abba494a3f964a7fe18164c54b70c90c,92127264.0,1.0,4.5,f,5.5,0.0,APROVADO POR NOTA
445808,57565214,abba494a3f964a7fe18164c54b70c90c,92127264.0,2.0,5.0,f,5.5,0.0,APROVADO POR NOTA
445809,57565214,abba494a3f964a7fe18164c54b70c90c,92127264.0,3.0,7.0,f,5.5,0.0,APROVADO POR NOTA
445810,57565214,ec5e51b4607323f4496b70d8272de235,92127264.0,1.0,5.0,f,6.0,0.0,APROVADO POR NOTA
445811,57565214,ec5e51b4607323f4496b70d8272de235,92127264.0,2.0,5.5,f,6.0,0.0,APROVADO POR NOTA
445812,57565214,ec5e51b4607323f4496b70d8272de235,92127264.0,3.0,7.5,f,6.0,0.0,APROVADO POR NOTA
445816,57565214,882b1f91339374b8c05d0dde314844bb,92127264.0,0,0,0,0,0,DESISTENCIA
445817,57565214,5e00d1e6f59bcd87426d99fd4204d107,92127264.0,2.0,10.0,f,9.7,0.0,APROVADO
445818,57565214,5e00d1e6f59bcd87426d99fd4204d107,92127264.0,1.0,10.0,f,9.7,0.0,APROVADO
445819,57565214,5e00d1e6f59bcd87426d99fd4204d107,92127264.0,3.0,9.0,f,9.7,0.0,APROVADO
445821,57565214,b3fb23e81fbfd6af258ff3e998ff6fdc,92127264.0,1.0,0.0,f,0.0,0.0,REPROVADO
445822,57565214,b3fb23e81fbfd6af258ff3e998ff6fdc,92127264.0,2.0,0.0,f,0.0,0.0,REPROVADO
445823,57565214,b3fb23e81fbfd6af258ff3e998ff6fdc,92127264.0,3.0,0.0,f,0.0,0.0,REPROVADO
445824,57565214,114537ce7c2e383762ba7b3a72b2a042,92127264.0,1.0,7.5,f,7.8,0.0,APROVADO
445825,57565214,114537ce7c2e383762ba7b3a72b2a042,92127264.0,2.0,8.0,f,7.8,0.0,APROVADO
445826,57565214,114537ce7c2e383762ba7b3a72b2a042,92127264.0,3.0,8.0,f,7.8,0.0,APROVADO
445827,57565214,b9d78b8844b65d48bbe2a0132df6b529,92127264.0,1.0,7.5,f,7.5,0.0,APROVADO
445828,57565214,b9d78b8844b65d48bbe2a0132df6b529,92127264.0,2.0,7.0,f,7.5,0.0,APROVADO
445829,57565214,b9d78b8844b65d48bbe2a0132df6b529,92127264.0,3.0,8.0,f,7.5,0.0,APROVADO
445830,57565214,90dc160e68fd9a2b10d14af791aa4377,92127264.0,1.0,8.5,f,8.5,0.0,APROVADO
445831,57565214,90dc160e68fd9a2b10d14af791aa4377,92127264.0,2.0,9.0,f,8.5,0.0,APROVADO
445832,57565214,90dc160e68fd9a2b10d14af791aa4377,92127264.0,3.0,8.0,f,8.5,0.0,APROVADO
445834,57565214,03f682cb34ca1cd1bc10df04d8d2978f,92127264.0,1.0,6.5,f,6.7,0.0,APROVADO POR NOTA
445835,57565214,03f682cb34ca1cd1bc10df04d8d2978f,92127264.0,2.0,6.0,f,6.7,0.0,APROVADO POR NOTA
445836,57565214,03f682cb34ca1cd1bc10df04d8d2978f,92127264.0,3.0,7.5,f,6.7,0.0,APROVADO POR NOTA
445837,57565214,3d31284757c88aab09cda5503445c123,92127264.0,0,0,0,0,0,DESISTENCIA
445838,57565214,c489d858cf4a29692b4abcc492756c08,92127264.0,1.0,4.5,f,5.5,0.0,APROVADO POR NOTA
445839,57565214,c489d858cf4a29692b4abcc492756c08,92127264.0,2.0,4.5,f,5.5,0.0,APROVADO POR NOTA
445840,57565214,c489d858cf4a29692b4abcc492756c08,92127264.0,3.0,7.5,f,5.5,0.0,APROVADO POR NOTA
445842,57565214,cc98fbab3c297d4cf44db9f59c571374,92127264.0,1.0,6.0,f,6.3,0.0,APROVADO POR NOTA
445843,57565214,cc98fbab3c297d4cf44db9f59c571374,92127264.0,2.0,5.5,f,6.3,0.0,APROVADO POR NOTA
445844,57565214,cc98fbab3c297d4cf44db9f59c571374,92127264.0,3.0,7.5,f,6.3,0.0,APROVADO POR NOTA
445845,57565214,7ae8cbf93b9997bb46729aa23898bb4b,92127264.0,1.0,4.0,f,5.3,0.0,APROVADO POR NOTA
445846,57565214,7ae8cbf93b9997bb46729aa23898bb4b,92127264.0,2.0,4.5,f,5.3,0.0,APROVADO POR NOTA
445847,57565214,7ae8cbf93b9997bb46729aa23898bb4b,92127264.0,3.0,7.5,f,5.3,0.0,APROVADO POR NOTA
445848,57565214,da026a8c8f3487ecdc037844ea4689b0,92127264.0,2.0,9.5,f,9.5,0.0,APROVADO
445849,57565214,da026a8c8f3487ecdc037844ea4689b0,92127264.0,3.0,9.0,f,9.5,0.0,APROVADO
445850,57565214,da026a8c8f3487ecdc037844ea4689b0,92127264.0,1.0,10.0,f,9.5,0.0,APROVADO
445851,57565214,981f0362a343d04121314aa4a422c161,92127264.0,1.0,6.0,f,6.7,0.0,APROVADO POR NOTA
445852,57565214,981f0362a343d04121314aa4a422c161,92127264.0,2.0,6.5,f,6.7,0.0,APROVADO POR NOTA
445853,57565214,981f0362a343d04121314aa4a422c161,92127264.0,3.0,7.5,f,6.7,0.0,APROVADO POR NOTA
445854,57565214,726fb2164f8230c8d42ac37c3f966ff1,92127264.0,1.0,4.5,f,5.5,0.0,APROVADO POR NOTA
445855,57565214,726fb2164f8230c8d42ac37c3f966ff1,92127264.0,2.0,4.5,f,5.5,0.0,APROVADO POR NOTA
445856,57565214,726fb2164f8230c8d42ac37c3f966ff1,92127264.0,3.0,7.5,f,5.5,0.0,APROVADO POR NOTA
445857,57565214,1ea6bf7d93eef7b8078104dff5d4987b,92127264.0,1.0,7.0,f,7.3,0.0,APROVADO
445858,57565214,1ea6bf7d93eef7b8078104dff5d4987b,92127264.0,2.0,7.5,f,7.3,0.0,APROVADO
445859,57565214,1ea6bf7d93eef7b8078104dff5d4987b,92127264.0,3.0,7.5,f,7.3,0.0,APROVADO
445861,57565214,ca69b87b9e96e1432c90759482ccc08e,92127264.0,1.0,7.0,f,7.0,0.0,APROVADO
445862,57565214,ca69b87b9e96e1432c90759482ccc08e,92127264.0,2.0,6.5,f,7.0,0.0,APROVADO
445863,57565214,ca69b87b9e96e1432c90759482ccc08e,92127264.0,3.0,7.5,f,7.0,0.0,APROVADO
445866,57565214,9fe6433f39109d1e42a84b9ac780c4fc,92127264.0,1.0,4.5,f,5.3,0.0,APROVADO POR NOTA
445867,57565214,9fe6433f39109d1e42a84b9ac780c4fc,92127264.0,2.0,4.5,f,5.3,0.0,APROVADO POR NOTA
445868,57565214,9fe6433f39109d1e42a84b9ac780c4fc,92127264.0,3.0,7.0,f,5.3,0.0,APROVADO POR NOTA
445869,57565214,9dbf21795736ba4eaaa2f6932b76cbcf,92127264.0,1.0,3.0,f,5.8,0.0,APROVADO POR NOTA
445870,57565214,9dbf21795736ba4eaaa2f6932b76cbcf,92127264.0,2.0,6.5,f,5.8,0.0,APROVADO POR NOTA
445871,57565214,9dbf21795736ba4eaaa2f6932b76cbcf,92127264.0,3.0,8.0,f,5.8,0.0,APROVADO POR NOTA
445872,57565214,4e6ba21f267f58a5673ed53b55ce4093,92127264.0,1.0,10.0,f,9.3,0.0,APROVADO
445873,57565214,4e6ba21f267f58a5673ed53b55ce4093,92127264.0,2.0,9.0,f,9.3,0.0,APROVADO
445874,57565214,4e6ba21f267f58a5673ed53b55ce4093,92127264.0,3.0,9.0,f,9.3,0.0,APROVADO
445875,57565214,e22deea3b80f9f8e63dd256ba06a8831,92127264.0,1.0,9.5,f,9.0,0.0,APROVADO
445876,57565214,e22deea3b80f9f8e63dd256ba06a8831,92127264.0,2.0,9.0,f,9.0,0.0,APROVADO
445877,57565214,e22deea3b80f9f8e63dd256ba06a8831,92127264.0,3.0,8.5,f,9.0,0.0,APROVADO
445878,57564857,665100eb5bacac5c89aff67cf93923b8,92127264.0,1.0,6.0,f,5.8,26.0,APROVADO POR NOTA
445879,57564857,665100eb5bacac5c89aff67cf93923b8,92127264.0,2.0,7.099999900000001,f,5.8,26.0,APROVADO POR NOTA
445880,57564857,665100eb5bacac5c89aff67cf93923b8,92127264.0,3.0,2.5999999,t,5.8,26.0,APROVADO POR NOTA
445881,57564857,b0d6eae7ca3a052474157988f5874bbc,92127264.0,1.0,5.0,f,5.3,24.0,APROVADO POR NOTA
445882,57564857,b0d6eae7ca3a052474157988f5874bbc,92127264.0,2.0,5.0,f,5.3,24.0,APROVADO POR NOTA
445883,57564857,b0d6eae7ca3a052474157988f5874bbc,92127264.0,3.0,5.80000019,f,5.3,24.0,APROVADO POR NOTA
445884,57564857,72dcd1fa143cad070004d10eee2545fd,92127264.0,1.0,4.5,f,1.5,18.0,REPROVADO
445885,57564857,72dcd1fa143cad070004d10eee2545fd,92127264.0,2.0,0.0,f,1.5,18.0,REPROVADO
445886,57564857,72dcd1fa143cad070004d10eee2545fd,92127264.0,3.0,0.0,f,1.5,18.0,REPROVADO
445887,57564857,cb9da9e190b42ad22dea7f31955a025f,92127264.0,1.0,4.19999981,f,1.4,54.0,REPROVADO POR MÉDIA E POR FALTAS
445888,57564857,cb9da9e190b42ad22dea7f31955a025f,92127264.0,2.0,0.0,f,1.4,54.0,REPROVADO POR MÉDIA E POR FALTAS
445889,57564857,cb9da9e190b42ad22dea7f31955a025f,92127264.0,3.0,0.0,f,1.4,54.0,REPROVADO POR MÉDIA E POR FALTAS
445890,57564857,9c54c4867526272627c2a33d79edf449,92127264.0,1.0,2.0999999,f,1.4,46.0,REPROVADO POR MÉDIA E POR FALTAS
445891,57564857,9c54c4867526272627c2a33d79edf449,92127264.0,2.0,2.0,f,1.4,46.0,REPROVADO POR MÉDIA E POR FALTAS
445892,57564857,9c54c4867526272627c2a33d79edf449,92127264.0,3.0,0.0,f,1.4,46.0,REPROVADO POR MÉDIA E POR FALTAS
445897,57564857,b1bba06612610bc63989a0a5ea14d3fc,92127264.0,1.0,5.4000001,f,4.3,22.0,REPROVADO
445898,57564857,b1bba06612610bc63989a0a5ea14d3fc,92127264.0,2.0,3.79999995,f,4.3,22.0,REPROVADO
445899,57564857,b1bba06612610bc63989a0a5ea14d3fc,92127264.0,3.0,0.400000006,t,4.3,22.0,REPROVADO
445900,57564857,7a4c4b293541c00f8352c2fa485b547c,92127264.0,1.0,7.0,f,5.3,18.0,REPROVADO POR NOTA
445901,57564857,7a4c4b293541c00f8352c2fa485b547c,92127264.0,2.0,7.599999900000001,f,5.3,18.0,REPROVADO POR NOTA
445902,57564857,7a4c4b293541c00f8352c2fa485b547c,92127264.0,3.0,0.800000012,t,5.3,18.0,REPROVADO POR NOTA
445903,57564857,70ab5bf4ea48b0305dac34a3b6ca9a30,92127264.0,1.0,9.69999981,f,8.4,12.0,APROVADO
445904,57564857,70ab5bf4ea48b0305dac34a3b6ca9a30,92127264.0,2.0,9.80000019,f,8.4,12.0,APROVADO
445905,57564857,70ab5bf4ea48b0305dac34a3b6ca9a30,92127264.0,3.0,5.5999999,f,8.4,12.0,APROVADO
445912,57564857,d265fb9f34d7bb9e54794f1ae76f21f0,92127264.0,1.0,0,f,0,0.0,TRANCADO
445913,57564857,d265fb9f34d7bb9e54794f1ae76f21f0,92127264.0,2.0,0,f,0,0.0,TRANCADO
445914,57564857,d265fb9f34d7bb9e54794f1ae76f21f0,92127264.0,3.0,0,f,0,0.0,TRANCADO
445915,57564857,a8d5ecfa0ebc8c6499461c0cf211114c,92127264.0,1.0,4.80000019,f,1.6,58.0,REPROVADO POR MÉDIA E POR FALTAS
445916,57564857,a8d5ecfa0ebc8c6499461c0cf211114c,92127264.0,2.0,0.0,f,1.6,58.0,REPROVADO POR MÉDIA E POR FALTAS
445917,57564857,a8d5ecfa0ebc8c6499461c0cf211114c,92127264.0,3.0,0.0,f,1.6,58.0,REPROVADO POR MÉDIA E POR FALTAS
445918,57564857,432e6fa6191228bfe54ab1b03b3789a8,92127264.0,1.0,2.79999995,f,0.9,42.0,REPROVADO POR MÉDIA E POR FALTAS
445919,57564857,432e6fa6191228bfe54ab1b03b3789a8,92127264.0,2.0,0.0,f,0.9,42.0,REPROVADO POR MÉDIA E POR FALTAS
445920,57564857,432e6fa6191228bfe54ab1b03b3789a8,92127264.0,3.0,0.0,f,0.9,42.0,REPROVADO POR MÉDIA E POR FALTAS
445921,57564857,841a4b19383a7b15a267e8f02035e7bc,92127264.0,1.0,4.5,f,1.5,20.0,REPROVADO
445922,57564857,841a4b19383a7b15a267e8f02035e7bc,92127264.0,2.0,0.0,f,1.5,20.0,REPROVADO
445923,57564857,841a4b19383a7b15a267e8f02035e7bc,92127264.0,3.0,0.0,f,1.5,20.0,REPROVADO
445930,57564857,9587f07b5bb20fc57f90e83d1b107a5b,92127264.0,1.0,0.0,f,0.0,76.0,REPROVADO POR MÉDIA E POR FALTAS
445931,57564857,9587f07b5bb20fc57f90e83d1b107a5b,92127264.0,2.0,0.0,f,0.0,76.0,REPROVADO POR MÉDIA E POR FALTAS
445932,57564857,9587f07b5bb20fc57f90e83d1b107a5b,92127264.0,3.0,0.0,f,0.0,76.0,REPROVADO POR MÉDIA E POR FALTAS
445937,57564857,b747baeb100d39e775e6b8bfc1661ead,92127264.0,1.0,7.0,f,6.8,2.0,APROVADO POR NOTA
445938,57564857,b747baeb100d39e775e6b8bfc1661ead,92127264.0,2.0,6.30000019,f,6.8,2.0,APROVADO POR NOTA
445939,57564857,b747baeb100d39e775e6b8bfc1661ead,92127264.0,3.0,7.19999981,f,6.8,2.0,APROVADO POR NOTA
445940,57564857,c56988f88fee67b606647c582492ba07,92127264.0,1.0,2.5,f,1.0,54.0,REPROVADO POR MÉDIA E POR FALTAS
445941,57564857,c56988f88fee67b606647c582492ba07,92127264.0,2.0,0.5,f,1.0,54.0,REPROVADO POR MÉDIA E POR FALTAS
445942,57564857,c56988f88fee67b606647c582492ba07,92127264.0,3.0,0.0,f,1.0,54.0,REPROVADO POR MÉDIA E POR FALTAS
445943,57564857,26f01fd04f5b620248135bd79c00ab4d,92127264.0,1.0,3.5,f,1.2,50.0,REPROVADO POR MÉDIA E POR FALTAS
445944,57564857,26f01fd04f5b620248135bd79c00ab4d,92127264.0,2.0,0.0,f,1.2,50.0,REPROVADO POR MÉDIA E POR FALTAS
445945,57564857,26f01fd04f5b620248135bd79c00ab4d,92127264.0,3.0,0.0,f,1.2,50.0,REPROVADO POR MÉDIA E POR FALTAS
445946,57564857,1deed8f21a895fa8446751ffd0b079f6,92127264.0,1.0,2.79999995,f,0.9,34.0,REPROVADO POR MÉDIA E POR FALTAS
445947,57564857,1deed8f21a895fa8446751ffd0b079f6,92127264.0,2.0,0.0,f,0.9,34.0,REPROVADO POR MÉDIA E POR FALTAS
445948,57564857,1deed8f21a895fa8446751ffd0b079f6,92127264.0,3.0,0.0,f,0.9,34.0,REPROVADO POR MÉDIA E POR FALTAS
445949,57564857,2e8fbcbafb4985ec387775a0466a76cd,92127264.0,1.0,3.20000005,f,1.1,42.0,REPROVADO POR MÉDIA E POR FALTAS
445950,57564857,2e8fbcbafb4985ec387775a0466a76cd,92127264.0,2.0,0.0,f,1.1,42.0,REPROVADO POR MÉDIA E POR FALTAS
445951,57564857,2e8fbcbafb4985ec387775a0466a76cd,92127264.0,3.0,0.0,f,1.1,42.0,REPROVADO POR MÉDIA E POR FALTAS
445952,57564857,6d3bd1cc430fb7ed07bc6081aa6ada21,92127264.0,1.0,2.4000001,f,1.9,24.0,REPROVADO
445953,57564857,6d3bd1cc430fb7ed07bc6081aa6ada21,92127264.0,2.0,2.79999995,f,1.9,24.0,REPROVADO
445954,57564857,6d3bd1cc430fb7ed07bc6081aa6ada21,92127264.0,3.0,0.600000024,f,1.9,24.0,REPROVADO
445955,57564857,507b78920cea669978080e478577ae3a,92127264.0,1.0,8.10000038,f,8.4,2.0,APROVADO
445956,57564857,507b78920cea669978080e478577ae3a,92127264.0,2.0,10.0,f,8.4,2.0,APROVADO
445957,57564857,507b78920cea669978080e478577ae3a,92127264.0,3.0,7.0,f,8.4,2.0,APROVADO
445961,57564857,847e489b0b8c99c0edb33f2ccdff3608,92127264.0,1.0,8.39999962,f,6.9,10.0,APROVADO POR NOTA
445962,57564857,847e489b0b8c99c0edb33f2ccdff3608,92127264.0,2.0,5.80000019,f,6.9,10.0,APROVADO POR NOTA
445963,57564857,847e489b0b8c99c0edb33f2ccdff3608,92127264.0,3.0,6.4000001,f,6.9,10.0,APROVADO POR NOTA
445964,57564857,5f104921a4144c61381f27ed8566675b,92127264.0,2.0,7.5,f,5.7,4.0,APROVADO POR NOTA
445965,57564857,5f104921a4144c61381f27ed8566675b,92127264.0,3.0,4.30000019,f,5.7,4.0,APROVADO POR NOTA
445966,57564857,5f104921a4144c61381f27ed8566675b,92127264.0,1.0,5.19999981,f,5.7,4.0,APROVADO POR NOTA
446175,57564844,43f0333c0ceb67c5e5fb58f15aec56e1,92127264.0,1.0,9.5,f,6.4,6.0,APROVADO POR NOTA
446176,57564844,43f0333c0ceb67c5e5fb58f15aec56e1,92127264.0,2.0,5.30000019,f,6.4,6.0,APROVADO POR NOTA
446177,57564844,43f0333c0ceb67c5e5fb58f15aec56e1,92127264.0,3.0,4.30000019,f,6.4,6.0,APROVADO POR NOTA
446178,57564844,8dca625c4aeef2641364d784bcef00c5,92127264.0,1.0,10.0,f,7.7,6.0,APROVADO
446179,57564844,8dca625c4aeef2641364d784bcef00c5,92127264.0,2.0,8.30000019,f,7.7,6.0,APROVADO
446180,57564844,8dca625c4aeef2641364d784bcef00c5,92127264.0,3.0,4.80000019,f,7.7,6.0,APROVADO
446181,57564844,fc5ca0acc129fed92da264e586691f1b,92127264.0,1.0,9.0,f,6.6,6.0,APROVADO POR NOTA
446182,57564844,fc5ca0acc129fed92da264e586691f1b,92127264.0,2.0,5.80000019,f,6.6,6.0,APROVADO POR NOTA
446183,57564844,fc5ca0acc129fed92da264e586691f1b,92127264.0,3.0,4.9000001,f,6.6,6.0,APROVADO POR NOTA
446184,57564844,6caf49fdb54c8eefcef753a4f29e68e0,92127264.0,1.0,6.0,f,3.0,6.0,REPROVADO
446185,57564844,6caf49fdb54c8eefcef753a4f29e68e0,92127264.0,2.0,2.5999999,f,3.0,6.0,REPROVADO
446186,57564844,6caf49fdb54c8eefcef753a4f29e68e0,92127264.0,3.0,0.5,f,3.0,6.0,REPROVADO
446187,57564844,cbf9dc31ed9483b7c110416da9620d31,92127264.0,1.0,6.5,f,2.2,34.0,REPROVADO POR MÉDIA E POR FALTAS
446188,57564844,cbf9dc31ed9483b7c110416da9620d31,92127264.0,2.0,0.0,f,2.2,34.0,REPROVADO POR MÉDIA E POR FALTAS
446189,57564844,cbf9dc31ed9483b7c110416da9620d31,92127264.0,3.0,0.0,f,2.2,34.0,REPROVADO POR MÉDIA E POR FALTAS
446193,57564844,e53b28b055415073c4fcf1fdaac1e675,92127264.0,1.0,5.0,f,2.9,0.0,REPROVADO
446194,57564844,e53b28b055415073c4fcf1fdaac1e675,92127264.0,2.0,2.29999995,f,2.9,0.0,REPROVADO
446195,57564844,e53b28b055415073c4fcf1fdaac1e675,92127264.0,3.0,1.5,f,2.9,0.0,REPROVADO
446196,57564844,ee01661785b2af90f559ed136ed97acb,92127264.0,1.0,9.5,f,4.2,12.0,REPROVADO
446197,57564844,ee01661785b2af90f559ed136ed97acb,92127264.0,2.0,1.29999995,f,4.2,12.0,REPROVADO
446198,57564844,ee01661785b2af90f559ed136ed97acb,92127264.0,3.0,0.5,t,4.2,12.0,REPROVADO
446199,57564844,500e6edfd4aae0cc92d0931f52794a07,92127264.0,1.0,7.5,f,3.1,12.0,REPROVADO
446200,57564844,500e6edfd4aae0cc92d0931f52794a07,92127264.0,2.0,1.89999998,f,3.1,12.0,REPROVADO
446201,57564844,500e6edfd4aae0cc92d0931f52794a07,92127264.0,3.0,0.0,f,3.1,12.0,REPROVADO
446202,57564844,159926c5f19d6b9565385e9e16d6f438,92127264.0,1.0,10.0,f,8.7,8.0,APROVADO
446203,57564844,159926c5f19d6b9565385e9e16d6f438,92127264.0,2.0,6.19999981,f,8.7,8.0,APROVADO
446204,57564844,159926c5f19d6b9565385e9e16d6f438,92127264.0,3.0,10.0,f,8.7,8.0,APROVADO
446205,57564844,3c3b91849365208aee8ffcf3625fe09e,92127264.0,1.0,8.0,f,8.5,4.0,APROVADO
446206,57564844,3c3b91849365208aee8ffcf3625fe09e,92127264.0,2.0,8.60000038,f,8.5,4.0,APROVADO
446207,57564844,3c3b91849365208aee8ffcf3625fe09e,92127264.0,3.0,9.0,f,8.5,4.0,APROVADO
446208,57564844,8cc613a1edbaeb06e2787b81d2280b14,92127264.0,1.0,8.0,f,3.1,2.0,REPROVADO
446209,57564844,8cc613a1edbaeb06e2787b81d2280b14,92127264.0,2.0,1.39999998,f,3.1,2.0,REPROVADO
446210,57564844,8cc613a1edbaeb06e2787b81d2280b14,92127264.0,3.0,0.0,f,3.1,2.0,REPROVADO
446211,57564844,1084bfe76dd5ef9187ef67922d26e66a,92127264.0,1.0,9.5,f,5.9,2.0,APROVADO POR NOTA
446212,57564844,1084bfe76dd5ef9187ef67922d26e66a,92127264.0,2.0,5.0,f,5.9,2.0,APROVADO POR NOTA
446213,57564844,1084bfe76dd5ef9187ef67922d26e66a,92127264.0,3.0,3.0999999,f,5.9,2.0,APROVADO POR NOTA
446214,57564844,9684b8e9ace5dcd5c4c29bf4f21d2185,92127264.0,1.0,6.5,f,5.5,6.0,APROVADO POR NOTA
446215,57564844,9684b8e9ace5dcd5c4c29bf4f21d2185,92127264.0,2.0,3.0999999,t,5.5,6.0,APROVADO POR NOTA
446216,57564844,9684b8e9ace5dcd5c4c29bf4f21d2185,92127264.0,3.0,4.80000019,f,5.5,6.0,APROVADO POR NOTA
446217,57564844,8cf52a04b4b12e332f8a54264a52ba53,92127264.0,1.0,6.5,f,2.2,34.0,REPROVADO POR MÉDIA E POR FALTAS
446218,57564844,8cf52a04b4b12e332f8a54264a52ba53,92127264.0,2.0,0.0,f,2.2,34.0,REPROVADO POR MÉDIA E POR FALTAS
446219,57564844,8cf52a04b4b12e332f8a54264a52ba53,92127264.0,3.0,0.0,f,2.2,34.0,REPROVADO POR MÉDIA E POR FALTAS
446232,57564844,178a14533e1aa728380a4a2ad795842a,92127264.0,0,0,0,0,0,DESISTENCIA
446233,57564844,9f9cb2c52de7733782ab559ac58fd464,92127264.0,1.0,1.0,f,0.8,14.0,REPROVADO
446234,57564844,9f9cb2c52de7733782ab559ac58fd464,92127264.0,2.0,1.5,f,0.8,14.0,REPROVADO
446235,57564844,9f9cb2c52de7733782ab559ac58fd464,92127264.0,3.0,0.0,f,0.8,14.0,REPROVADO
446236,57564844,5abb887c45addf95db6b9eb77c9970ef,92127264.0,1.0,10.0,f,7.5,10.0,APROVADO
446237,57564844,5abb887c45addf95db6b9eb77c9970ef,92127264.0,2.0,4.0,f,7.5,10.0,APROVADO
446238,57564844,5abb887c45addf95db6b9eb77c9970ef,92127264.0,3.0,8.39999962,f,7.5,10.0,APROVADO
446239,57564844,10e449bd1f9b4f668d87b03921b9acad,92127264.0,1.0,5.5,f,7.0,0.0,APROVADO
446240,57564844,10e449bd1f9b4f668d87b03921b9acad,92127264.0,2.0,8.5,f,7.0,0.0,APROVADO
446241,57564844,10e449bd1f9b4f668d87b03921b9acad,92127264.0,3.0,7.099999900000001,f,7.0,0.0,APROVADO
446242,57564844,6175bb41ff32f3c576f591ead25109e7,92127264.0,1.0,6.5,f,5.3,2.0,APROVADO POR NOTA
446243,57564844,6175bb41ff32f3c576f591ead25109e7,92127264.0,2.0,5.0,f,5.3,2.0,APROVADO POR NOTA
446244,57564844,6175bb41ff32f3c576f591ead25109e7,92127264.0,3.0,1.5,t,5.3,2.0,APROVADO POR NOTA
446245,57564844,a94a4705a3a0c2eb89e2897c6e76cf74,92127264.0,1.0,6.5,f,5.7,6.0,APROVADO POR NOTA
446246,57564844,a94a4705a3a0c2eb89e2897c6e76cf74,92127264.0,2.0,5.5999999,f,5.7,6.0,APROVADO POR NOTA
446247,57564844,a94a4705a3a0c2eb89e2897c6e76cf74,92127264.0,3.0,4.9000001,f,5.7,6.0,APROVADO POR NOTA
446248,57564844,c4ecfa54d2066d83df1a9e8bacf6113b,92127264.0,1.0,8.0,f,3.2,22.0,REPROVADO
446249,57564844,c4ecfa54d2066d83df1a9e8bacf6113b,92127264.0,2.0,1.60000002,f,3.2,22.0,REPROVADO
446250,57564844,c4ecfa54d2066d83df1a9e8bacf6113b,92127264.0,3.0,0.0,f,3.2,22.0,REPROVADO
446251,57564844,a7f137d43e7d464f44e3c234ef986f70,92127264.0,1.0,6.0,f,4.1,4.0,REPROVADO
446252,57564844,a7f137d43e7d464f44e3c234ef986f70,92127264.0,2.0,2.4000001,f,4.1,4.0,REPROVADO
446253,57564844,a7f137d43e7d464f44e3c234ef986f70,92127264.0,3.0,1.70000005,t,4.1,4.0,REPROVADO
446254,57564844,b78957e87af0d1f30b901b13eb44a2eb,92127264.0,1.0,10.0,f,9.5,2.0,APROVADO
446255,57564844,b78957e87af0d1f30b901b13eb44a2eb,92127264.0,2.0,9.5,f,9.5,2.0,APROVADO
446256,57564844,b78957e87af0d1f30b901b13eb44a2eb,92127264.0,3.0,8.89999962,f,9.5,2.0,APROVADO
446257,57564844,38ceb42ec7122ddfb2dcf670bf47be08,92127264.0,1.0,7.0,f,5.4,19.0,APROVADO POR NOTA
446258,57564844,38ceb42ec7122ddfb2dcf670bf47be08,92127264.0,2.0,4.0,f,5.4,19.0,APROVADO POR NOTA
446259,57564844,38ceb42ec7122ddfb2dcf670bf47be08,92127264.0,3.0,3.4000001,t,5.4,19.0,APROVADO POR NOTA
446260,57564844,cb61f93d6145ddb7d4a4e28b7fe33225,92127264.0,1.0,6.0,f,5.5,0.0,APROVADO POR NOTA
446261,57564844,cb61f93d6145ddb7d4a4e28b7fe33225,92127264.0,2.0,6.0999999,f,5.5,0.0,APROVADO POR NOTA
446262,57564844,cb61f93d6145ddb7d4a4e28b7fe33225,92127264.0,3.0,4.5,f,5.5,0.0,APROVADO POR NOTA
446263,57564844,43f0333c0ceb67c5e5fb58f15aec56e1,92127264.0,1.0,9.5,f,6.4,6.0,APROVADO POR NOTA
446264,57564844,43f0333c0ceb67c5e5fb58f15aec56e1,92127264.0,2.0,5.30000019,f,6.4,6.0,APROVADO POR NOTA
446265,57564844,43f0333c0ceb67c5e5fb58f15aec56e1,92127264.0,3.0,4.30000019,f,6.4,6.0,APROVADO POR NOTA
446266,57564844,8dca625c4aeef2641364d784bcef00c5,92127264.0,1.0,10.0,f,7.7,6.0,APROVADO
446267,57564844,8dca625c4aeef2641364d784bcef00c5,92127264.0,2.0,8.30000019,f,7.7,6.0,APROVADO
446268,57564844,8dca625c4aeef2641364d784bcef00c5,92127264.0,3.0,4.80000019,f,7.7,6.0,APROVADO
446269,57564844,fc5ca0acc129fed92da264e586691f1b,92127264.0,1.0,9.0,f,6.6,6.0,APROVADO POR NOTA
446270,57564844,fc5ca0acc129fed92da264e586691f1b,92127264.0,2.0,5.80000019,f,6.6,6.0,APROVADO POR NOTA
446271,57564844,fc5ca0acc129fed92da264e586691f1b,92127264.0,3.0,4.9000001,f,6.6,6.0,APROVADO POR NOTA
446272,57564844,6caf49fdb54c8eefcef753a4f29e68e0,92127264.0,1.0,6.0,f,3.0,6.0,REPROVADO
446273,57564844,6caf49fdb54c8eefcef753a4f29e68e0,92127264.0,2.0,2.5999999,f,3.0,6.0,REPROVADO
446274,57564844,6caf49fdb54c8eefcef753a4f29e68e0,92127264.0,3.0,0.5,f,3.0,6.0,REPROVADO
446275,57564844,cbf9dc31ed9483b7c110416da9620d31,92127264.0,1.0,6.5,f,2.2,34.0,REPROVADO POR MÉDIA E POR FALTAS
446276,57564844,cbf9dc31ed9483b7c110416da9620d31,92127264.0,2.0,0.0,f,2.2,34.0,REPROVADO POR MÉDIA E POR FALTAS
446277,57564844,cbf9dc31ed9483b7c110416da9620d31,92127264.0,3.0,0.0,f,2.2,34.0,REPROVADO POR MÉDIA E POR FALTAS
446281,57564844,e53b28b055415073c4fcf1fdaac1e675,92127264.0,1.0,5.0,f,2.9,0.0,REPROVADO
446282,57564844,e53b28b055415073c4fcf1fdaac1e675,92127264.0,2.0,2.29999995,f,2.9,0.0,REPROVADO
446283,57564844,e53b28b055415073c4fcf1fdaac1e675,92127264.0,3.0,1.5,f,2.9,0.0,REPROVADO
446284,57564844,ee01661785b2af90f559ed136ed97acb,92127264.0,1.0,9.5,f,4.2,12.0,REPROVADO
446285,57564844,ee01661785b2af90f559ed136ed97acb,92127264.0,2.0,1.29999995,f,4.2,12.0,REPROVADO
446286,57564844,ee01661785b2af90f559ed136ed97acb,92127264.0,3.0,0.5,t,4.2,12.0,REPROVADO
446287,57564844,500e6edfd4aae0cc92d0931f52794a07,92127264.0,1.0,7.5,f,3.1,12.0,REPROVADO
446288,57564844,500e6edfd4aae0cc92d0931f52794a07,92127264.0,2.0,1.89999998,f,3.1,12.0,REPROVADO
446289,57564844,500e6edfd4aae0cc92d0931f52794a07,92127264.0,3.0,0.0,f,3.1,12.0,REPROVADO
446290,57564844,159926c5f19d6b9565385e9e16d6f438,92127264.0,1.0,10.0,f,8.7,8.0,APROVADO
446291,57564844,159926c5f19d6b9565385e9e16d6f438,92127264.0,2.0,6.19999981,f,8.7,8.0,APROVADO
446292,57564844,159926c5f19d6b9565385e9e16d6f438,92127264.0,3.0,10.0,f,8.7,8.0,APROVADO
446293,57564844,3c3b91849365208aee8ffcf3625fe09e,92127264.0,1.0,8.0,f,8.5,4.0,APROVADO
446294,57564844,3c3b91849365208aee8ffcf3625fe09e,92127264.0,2.0,8.60000038,f,8.5,4.0,APROVADO
446295,57564844,3c3b91849365208aee8ffcf3625fe09e,92127264.0,3.0,9.0,f,8.5,4.0,APROVADO
446296,57564844,8cc613a1edbaeb06e2787b81d2280b14,92127264.0,1.0,8.0,f,3.1,2.0,REPROVADO
446297,57564844,8cc613a1edbaeb06e2787b81d2280b14,92127264.0,2.0,1.39999998,f,3.1,2.0,REPROVADO
446298,57564844,8cc613a1edbaeb06e2787b81d2280b14,92127264.0,3.0,0.0,f,3.1,2.0,REPROVADO
446299,57564844,1084bfe76dd5ef9187ef67922d26e66a,92127264.0,1.0,9.5,f,5.9,2.0,APROVADO POR NOTA
446300,57564844,1084bfe76dd5ef9187ef67922d26e66a,92127264.0,2.0,5.0,f,5.9,2.0,APROVADO POR NOTA
446301,57564844,1084bfe76dd5ef9187ef67922d26e66a,92127264.0,3.0,3.0999999,f,5.9,2.0,APROVADO POR NOTA
446302,57564844,9684b8e9ace5dcd5c4c29bf4f21d2185,92127264.0,1.0,6.5,f,5.5,6.0,APROVADO POR NOTA
446303,57564844,9684b8e9ace5dcd5c4c29bf4f21d2185,92127264.0,2.0,3.0999999,t,5.5,6.0,APROVADO POR NOTA
446304,57564844,9684b8e9ace5dcd5c4c29bf4f21d2185,92127264.0,3.0,4.80000019,f,5.5,6.0,APROVADO POR NOTA
446305,57564844,8cf52a04b4b12e332f8a54264a52ba53,92127264.0,1.0,6.5,f,2.2,34.0,REPROVADO POR MÉDIA E POR FALTAS
446306,57564844,8cf52a04b4b12e332f8a54264a52ba53,92127264.0,2.0,0.0,f,2.2,34.0,REPROVADO POR MÉDIA E POR FALTAS
446307,57564844,8cf52a04b4b12e332f8a54264a52ba53,92127264.0,3.0,0.0,f,2.2,34.0,REPROVADO POR MÉDIA E POR FALTAS
446320,57564844,178a14533e1aa728380a4a2ad795842a,92127264.0,0,0,0,0,0,DESISTENCIA
446321,57564844,9f9cb2c52de7733782ab559ac58fd464,92127264.0,1.0,1.0,f,0.8,14.0,REPROVADO
446322,57564844,9f9cb2c52de7733782ab559ac58fd464,92127264.0,2.0,1.5,f,0.8,14.0,REPROVADO
446323,57564844,9f9cb2c52de7733782ab559ac58fd464,92127264.0,3.0,0.0,f,0.8,14.0,REPROVADO
446324,57564844,5abb887c45addf95db6b9eb77c9970ef,92127264.0,1.0,10.0,f,7.5,10.0,APROVADO
446325,57564844,5abb887c45addf95db6b9eb77c9970ef,92127264.0,2.0,4.0,f,7.5,10.0,APROVADO
446326,57564844,5abb887c45addf95db6b9eb77c9970ef,92127264.0,3.0,8.39999962,f,7.5,10.0,APROVADO
446327,57564844,10e449bd1f9b4f668d87b03921b9acad,92127264.0,1.0,5.5,f,7.0,0.0,APROVADO
446328,57564844,10e449bd1f9b4f668d87b03921b9acad,92127264.0,2.0,8.5,f,7.0,0.0,APROVADO
446329,57564844,10e449bd1f9b4f668d87b03921b9acad,92127264.0,3.0,7.099999900000001,f,7.0,0.0,APROVADO
446330,57564844,6175bb41ff32f3c576f591ead25109e7,92127264.0,1.0,6.5,f,5.3,2.0,APROVADO POR NOTA
446331,57564844,6175bb41ff32f3c576f591ead25109e7,92127264.0,2.0,5.0,f,5.3,2.0,APROVADO POR NOTA
446332,57564844,6175bb41ff32f3c576f591ead25109e7,92127264.0,3.0,1.5,t,5.3,2.0,APROVADO POR NOTA
446333,57564844,a94a4705a3a0c2eb89e2897c6e76cf74,92127264.0,1.0,6.5,f,5.7,6.0,APROVADO POR NOTA
446334,57564844,a94a4705a3a0c2eb89e2897c6e76cf74,92127264.0,2.0,5.5999999,f,5.7,6.0,APROVADO POR NOTA
446335,57564844,a94a4705a3a0c2eb89e2897c6e76cf74,92127264.0,3.0,4.9000001,f,5.7,6.0,APROVADO POR NOTA
446336,57564844,c4ecfa54d2066d83df1a9e8bacf6113b,92127264.0,1.0,8.0,f,3.2,22.0,REPROVADO
446337,57564844,c4ecfa54d2066d83df1a9e8bacf6113b,92127264.0,2.0,1.60000002,f,3.2,22.0,REPROVADO
446338,57564844,c4ecfa54d2066d83df1a9e8bacf6113b,92127264.0,3.0,0.0,f,3.2,22.0,REPROVADO
446339,57564844,a7f137d43e7d464f44e3c234ef986f70,92127264.0,1.0,6.0,f,4.1,4.0,REPROVADO
446340,57564844,a7f137d43e7d464f44e3c234ef986f70,92127264.0,2.0,2.4000001,f,4.1,4.0,REPROVADO
446341,57564844,a7f137d43e7d464f44e3c234ef986f70,92127264.0,3.0,1.70000005,t,4.1,4.0,REPROVADO
446342,57564844,b78957e87af0d1f30b901b13eb44a2eb,92127264.0,1.0,10.0,f,9.5,2.0,APROVADO
446343,57564844,b78957e87af0d1f30b901b13eb44a2eb,92127264.0,2.0,9.5,f,9.5,2.0,APROVADO
446344,57564844,b78957e87af0d1f30b901b13eb44a2eb,92127264.0,3.0,8.89999962,f,9.5,2.0,APROVADO
446345,57564844,38ceb42ec7122ddfb2dcf670bf47be08,92127264.0,1.0,7.0,f,5.4,19.0,APROVADO POR NOTA
446346,57564844,38ceb42ec7122ddfb2dcf670bf47be08,92127264.0,2.0,4.0,f,5.4,19.0,APROVADO POR NOTA
446347,57564844,38ceb42ec7122ddfb2dcf670bf47be08,92127264.0,3.0,3.4000001,t,5.4,19.0,APROVADO POR NOTA
446348,57564844,cb61f93d6145ddb7d4a4e28b7fe33225,92127264.0,1.0,6.0,f,5.5,0.0,APROVADO POR NOTA
446349,57564844,cb61f93d6145ddb7d4a4e28b7fe33225,92127264.0,2.0,6.0999999,f,5.5,0.0,APROVADO POR NOTA
446350,57564844,cb61f93d6145ddb7d4a4e28b7fe33225,92127264.0,3.0,4.5,f,5.5,0.0,APROVADO POR NOTA
447086,57564820,b6cc911edff95b0ec029e398a63b3bd5,92127264.0,1.0,10.0,f,9.2,12.0,APROVADO
447087,57564820,b6cc911edff95b0ec029e398a63b3bd5,92127264.0,2.0,7.5,f,9.2,12.0,APROVADO
447088,57564820,b6cc911edff95b0ec029e398a63b3bd5,92127264.0,3.0,10.0,f,9.2,12.0,APROVADO
447089,57564820,69fc0bfa31d311c26a130bf6bd37a5cd,92127264.0,1.0,7.5,f,5.8,8.0,APROVADO POR NOTA
447090,57564820,69fc0bfa31d311c26a130bf6bd37a5cd,92127264.0,2.0,6.0,f,5.8,8.0,APROVADO POR NOTA
447091,57564820,69fc0bfa31d311c26a130bf6bd37a5cd,92127264.0,3.0,4.0,f,5.8,8.0,APROVADO POR NOTA
447095,57564820,520429428d98dac9b5c94168677d77bd,92127264.0,1.0,7.69999981,f,8.2,8.0,APROVADO
447096,57564820,520429428d98dac9b5c94168677d77bd,92127264.0,2.0,9.5,f,8.2,8.0,APROVADO
447097,57564820,520429428d98dac9b5c94168677d77bd,92127264.0,3.0,7.5,f,8.2,8.0,APROVADO
447098,57564820,d6c068dc1fa2742b5855a144bcc4f788,92127264.0,1.0,10.0,f,10.0,8.0,APROVADO
447099,57564820,d6c068dc1fa2742b5855a144bcc4f788,92127264.0,2.0,10.0,f,10.0,8.0,APROVADO
447100,57564820,d6c068dc1fa2742b5855a144bcc4f788,92127264.0,3.0,10.0,f,10.0,8.0,APROVADO
447101,57564820,f23e5fa8c16da3a0b77a4ed738182750,92127264.0,0,0,0,0,0,DESISTENCIA
447102,57564820,1769378784613a7f89344897979d8d68,92127264.0,1.0,6.19999981,f,5.4,16.0,APROVADO POR NOTA
447103,57564820,1769378784613a7f89344897979d8d68,92127264.0,2.0,7.0,f,5.4,16.0,APROVADO POR NOTA
447104,57564820,1769378784613a7f89344897979d8d68,92127264.0,3.0,3.0,f,5.4,16.0,APROVADO POR NOTA
447108,57564820,3be0a9d02f52ad9e368b82c93f60bb59,92127264.0,0,0,0,0,0,DESISTENCIA
447112,57564820,7a4c4b293541c00f8352c2fa485b547c,92127264.0,1.0,9.80000019,f,9.8,11.0,APROVADO
447113,57564820,7a4c4b293541c00f8352c2fa485b547c,92127264.0,2.0,9.5,f,9.8,11.0,APROVADO
447114,57564820,7a4c4b293541c00f8352c2fa485b547c,92127264.0,3.0,10.0,f,9.8,11.0,APROVADO
447115,57564820,7a69539ac36db2d7ac503e47975f3034,92127264.0,1.0,10.0,f,7.7,10.0,APROVADO
447116,57564820,7a69539ac36db2d7ac503e47975f3034,92127264.0,2.0,5.5,f,7.7,10.0,APROVADO
447117,57564820,7a69539ac36db2d7ac503e47975f3034,92127264.0,3.0,7.5,f,7.7,10.0,APROVADO
447118,57564820,7fe258d773987637116d18bf9ee966d6,92127264.0,1.0,6.30000019,f,5.0,8.0,APROVADO POR NOTA
447119,57564820,7fe258d773987637116d18bf9ee966d6,92127264.0,2.0,3.0,f,5.0,8.0,APROVADO POR NOTA
447120,57564820,7fe258d773987637116d18bf9ee966d6,92127264.0,3.0,2.0,t,5.0,8.0,APROVADO POR NOTA
451040,57564842,5625c20186d9be50433092f3269db96a,92127264.0,1.0,8.80000019,f,8.5,2.0,APROVADO
451041,57564842,5625c20186d9be50433092f3269db96a,92127264.0,2.0,7.69999981,f,8.5,2.0,APROVADO
451042,57564842,5625c20186d9be50433092f3269db96a,92127264.0,3.0,9.0,f,8.5,2.0,APROVADO
451043,57564842,a0a89fb407d12afefeb585fbd0232e80,92127264.0,1.0,7.599999900000001,f,7.3,10.0,APROVADO
451044,57564842,a0a89fb407d12afefeb585fbd0232e80,92127264.0,2.0,4.30000019,f,7.3,10.0,APROVADO
451045,57564842,a0a89fb407d12afefeb585fbd0232e80,92127264.0,3.0,10.0,f,7.3,10.0,APROVADO
451046,57564842,738ebc6d7bd6c58acd2364c0c262e500,92127264.0,1.0,5.9000001,f,6.4,4.0,APROVADO POR NOTA
451047,57564842,738ebc6d7bd6c58acd2364c0c262e500,92127264.0,2.0,3.9000001,f,6.4,4.0,APROVADO POR NOTA
451048,57564842,738ebc6d7bd6c58acd2364c0c262e500,92127264.0,3.0,9.39999962,f,6.4,4.0,APROVADO POR NOTA
451049,57564842,ec63873c3581433d75701a854ead2a46,92127264.0,1.0,3.20000005,f,4.4,14.0,REPROVADO
451050,57564842,ec63873c3581433d75701a854ead2a46,92127264.0,2.0,3.0,f,4.4,14.0,REPROVADO
451051,57564842,ec63873c3581433d75701a854ead2a46,92127264.0,3.0,6.900000099999999,f,4.4,14.0,REPROVADO
451052,57564842,7fe258d773987637116d18bf9ee966d6,92127264.0,1.0,3.0,f,4.3,12.0,REPROVADO
451053,57564842,7fe258d773987637116d18bf9ee966d6,92127264.0,2.0,1.39999998,t,4.3,12.0,REPROVADO
451054,57564842,7fe258d773987637116d18bf9ee966d6,92127264.0,3.0,8.5,f,4.3,12.0,REPROVADO
451055,57564842,81b3bf9f2b3b99b358a853e77c69d338,92127264.0,1.0,6.30000019,f,6.4,20.0,APROVADO POR NOTA
451056,57564842,81b3bf9f2b3b99b358a853e77c69d338,92127264.0,2.0,4.4000001,f,6.4,20.0,APROVADO POR NOTA
451057,57564842,81b3bf9f2b3b99b358a853e77c69d338,92127264.0,3.0,8.39999962,f,6.4,20.0,APROVADO POR NOTA
451058,57564842,e5f2810aa63e3d1d0472a76623334c72,92127264.0,1.0,3.29999995,f,5.0,10.0,APROVADO POR NOTA
451059,57564842,e5f2810aa63e3d1d0472a76623334c72,92127264.0,2.0,3.29999995,f,5.0,10.0,APROVADO POR NOTA
451060,57564842,e5f2810aa63e3d1d0472a76623334c72,92127264.0,3.0,8.30000019,f,5.0,10.0,APROVADO POR NOTA
451061,57564842,ba5fefd9bd218063b6484ba2916d3bf0,92127264.0,1.0,9.10000038,f,8.4,0.0,APROVADO
451062,57564842,ba5fefd9bd218063b6484ba2916d3bf0,92127264.0,2.0,7.099999900000001,f,8.4,0.0,APROVADO
451063,57564842,ba5fefd9bd218063b6484ba2916d3bf0,92127264.0,3.0,9.0,f,8.4,0.0,APROVADO
451064,57564842,dc71ff037f1e98823ef208155af16c47,92127264.0,1.0,6.0,f,5.5,16.0,APROVADO POR NOTA
451065,57564842,dc71ff037f1e98823ef208155af16c47,92127264.0,2.0,3.4000001,f,5.5,16.0,APROVADO POR NOTA
451066,57564842,dc71ff037f1e98823ef208155af16c47,92127264.0,3.0,7.19999981,f,5.5,16.0,APROVADO POR NOTA
451073,57564842,1286821dee33ad4c8c3048282848f6e5,92127264.0,1.0,7.900000099999999,f,7.3,2.0,APROVADO
451074,57564842,1286821dee33ad4c8c3048282848f6e5,92127264.0,2.0,6.19999981,f,7.3,2.0,APROVADO
451075,57564842,1286821dee33ad4c8c3048282848f6e5,92127264.0,3.0,7.69999981,f,7.3,2.0,APROVADO
451076,57564842,aeee701ac738fecb98159eefef6d6638,92127264.0,1.0,2.29999995,f,0.8,53.0,REPROVADO POR MÉDIA E POR FALTAS
451077,57564842,aeee701ac738fecb98159eefef6d6638,92127264.0,2.0,0.0,f,0.8,53.0,REPROVADO POR MÉDIA E POR FALTAS
451078,57564842,aeee701ac738fecb98159eefef6d6638,92127264.0,3.0,0.0,f,0.8,53.0,REPROVADO POR MÉDIA E POR FALTAS
451079,57564842,b419813a078aae20633c5585127ede87,92127264.0,1.0,4.80000019,f,4.8,20.0,REPROVADO
451080,57564842,b419813a078aae20633c5585127ede87,92127264.0,2.0,0.0,t,4.8,20.0,REPROVADO
451081,57564842,b419813a078aae20633c5585127ede87,92127264.0,3.0,8.5,f,4.8,20.0,REPROVADO
451082,57564842,b7526a03c4edcc77987629a48ac76b64,92127264.0,1.0,2.70000005,f,4.5,18.0,REPROVADO
451083,57564842,b7526a03c4edcc77987629a48ac76b64,92127264.0,2.0,2.29999995,f,4.5,18.0,REPROVADO
451084,57564842,b7526a03c4edcc77987629a48ac76b64,92127264.0,3.0,8.39999962,f,4.5,18.0,REPROVADO
451085,57564842,2bebbda0ca273a4be74009d7699de55f,92127264.0,1.0,9.60000038,f,8.0,14.0,APROVADO
451086,57564842,2bebbda0ca273a4be74009d7699de55f,92127264.0,2.0,5.0,f,8.0,14.0,APROVADO
451087,57564842,2bebbda0ca273a4be74009d7699de55f,92127264.0,3.0,9.39999962,f,8.0,14.0,APROVADO
451088,57564842,deef0a878b7ac3d6e642ed295a0e739e,92127264.0,1.0,9.30000019,f,7.7,4.0,APROVADO
451089,57564842,deef0a878b7ac3d6e642ed295a0e739e,92127264.0,2.0,6.0999999,f,7.7,4.0,APROVADO
451090,57564842,deef0a878b7ac3d6e642ed295a0e739e,92127264.0,3.0,7.80000019,f,7.7,4.0,APROVADO
451094,57564842,b0d6eae7ca3a052474157988f5874bbc,92127264.0,1.0,0.5,f,0.2,50.0,REPROVADO POR MÉDIA E POR FALTAS
451095,57564842,b0d6eae7ca3a052474157988f5874bbc,92127264.0,2.0,0.0,f,0.2,50.0,REPROVADO POR MÉDIA E POR FALTAS
451096,57564842,b0d6eae7ca3a052474157988f5874bbc,92127264.0,3.0,0.0,f,0.2,50.0,REPROVADO POR MÉDIA E POR FALTAS
453433,57568481,67a7d8d14b772580587d3409b1d352e7,92127264.0,1.0,7.5,f,5.8,0.0,APROVADO POR NOTA
453434,57568481,67a7d8d14b772580587d3409b1d352e7,92127264.0,2.0,6.30000019,f,5.8,0.0,APROVADO POR NOTA
453435,57568481,67a7d8d14b772580587d3409b1d352e7,92127264.0,3.0,3.5,f,5.8,0.0,APROVADO POR NOTA
462533,57564867,8cc613a1edbaeb06e2787b81d2280b14,92127264.0,1.0,6.0,f,6.7,0.0,APROVADO POR NOTA
462534,57564867,8cc613a1edbaeb06e2787b81d2280b14,92127264.0,2.0,6.5,f,6.7,0.0,APROVADO POR NOTA
462535,57564867,8cc613a1edbaeb06e2787b81d2280b14,92127264.0,3.0,7.5,f,6.7,0.0,APROVADO POR NOTA
462536,57564867,cb61f93d6145ddb7d4a4e28b7fe33225,92127264.0,1.0,7.0,f,7.2,0.0,APROVADO
462537,57564867,cb61f93d6145ddb7d4a4e28b7fe33225,92127264.0,2.0,6.5,f,7.2,0.0,APROVADO
462538,57564867,cb61f93d6145ddb7d4a4e28b7fe33225,92127264.0,3.0,8.0,f,7.2,0.0,APROVADO
462540,57564867,a7f137d43e7d464f44e3c234ef986f70,92127264.0,1.0,5.0,f,6.0,0.0,APROVADO POR NOTA
462541,57564867,a7f137d43e7d464f44e3c234ef986f70,92127264.0,2.0,5.5,f,6.0,0.0,APROVADO POR NOTA
462542,57564867,a7f137d43e7d464f44e3c234ef986f70,92127264.0,3.0,7.5,f,6.0,0.0,APROVADO POR NOTA
462543,57564867,e53b28b055415073c4fcf1fdaac1e675,92127264.0,1.0,7.0,f,7.5,0.0,APROVADO
462544,57564867,e53b28b055415073c4fcf1fdaac1e675,92127264.0,2.0,7.5,f,7.5,0.0,APROVADO
462545,57564867,e53b28b055415073c4fcf1fdaac1e675,92127264.0,3.0,8.0,f,7.5,0.0,APROVADO
462546,57564867,cbf9dc31ed9483b7c110416da9620d31,92127264.0,1.0,5.0,f,6.0,0.0,APROVADO POR NOTA
462547,57564867,cbf9dc31ed9483b7c110416da9620d31,92127264.0,2.0,5.5,f,6.0,0.0,APROVADO POR NOTA
462548,57564867,cbf9dc31ed9483b7c110416da9620d31,92127264.0,3.0,7.5,f,6.0,0.0,APROVADO POR NOTA
462549,57564867,8cf52a04b4b12e332f8a54264a52ba53,92127264.0,1.0,3.5,f,5.3,0.0,APROVADO POR NOTA
462550,57564867,8cf52a04b4b12e332f8a54264a52ba53,92127264.0,2.0,5.0,f,5.3,0.0,APROVADO POR NOTA
462551,57564867,8cf52a04b4b12e332f8a54264a52ba53,92127264.0,3.0,7.5,f,5.3,0.0,APROVADO POR NOTA
462552,57564867,c4ecfa54d2066d83df1a9e8bacf6113b,92127264.0,1.0,5.5,f,6.3,0.0,APROVADO POR NOTA
462553,57564867,c4ecfa54d2066d83df1a9e8bacf6113b,92127264.0,2.0,6.0,f,6.3,0.0,APROVADO POR NOTA
462554,57564867,c4ecfa54d2066d83df1a9e8bacf6113b,92127264.0,3.0,7.5,f,6.3,0.0,APROVADO POR NOTA
462555,57564867,52df7a26e3059a52241366146b904b01,92127264.0,1.0,6.0,f,6.8,0.0,APROVADO POR NOTA
462556,57564867,52df7a26e3059a52241366146b904b01,92127264.0,2.0,6.5,f,6.8,0.0,APROVADO POR NOTA
462557,57564867,52df7a26e3059a52241366146b904b01,92127264.0,3.0,8.0,f,6.8,0.0,APROVADO POR NOTA
462560,57564867,cb9da9e190b42ad22dea7f31955a025f,92127264.0,1.0,6.0,f,6.5,0.0,APROVADO POR NOTA
462561,57564867,cb9da9e190b42ad22dea7f31955a025f,92127264.0,2.0,6.0,f,6.5,0.0,APROVADO POR NOTA
462562,57564867,cb9da9e190b42ad22dea7f31955a025f,92127264.0,3.0,7.5,f,6.5,0.0,APROVADO POR NOTA
462564,57564867,500e6edfd4aae0cc92d0931f52794a07,92127264.0,1.0,4.0,f,5.5,0.0,APROVADO POR NOTA
462565,57564867,500e6edfd4aae0cc92d0931f52794a07,92127264.0,2.0,5.0,f,5.5,0.0,APROVADO POR NOTA
462566,57564867,500e6edfd4aae0cc92d0931f52794a07,92127264.0,3.0,7.5,f,5.5,0.0,APROVADO POR NOTA
462567,57564867,6175bb41ff32f3c576f591ead25109e7,92127264.0,1.0,6.0,f,6.3,0.0,APROVADO POR NOTA
462568,57564867,6175bb41ff32f3c576f591ead25109e7,92127264.0,2.0,5.5,f,6.3,0.0,APROVADO POR NOTA
462569,57564867,6175bb41ff32f3c576f591ead25109e7,92127264.0,3.0,7.5,f,6.3,0.0,APROVADO POR NOTA
462570,57564867,ee01661785b2af90f559ed136ed97acb,92127264.0,1.0,6.0,f,6.7,0.0,APROVADO POR NOTA
462571,57564867,ee01661785b2af90f559ed136ed97acb,92127264.0,2.0,6.5,f,6.7,0.0,APROVADO POR NOTA
462572,57564867,ee01661785b2af90f559ed136ed97acb,92127264.0,3.0,7.5,f,6.7,0.0,APROVADO POR NOTA
462574,57564867,1deed8f21a895fa8446751ffd0b079f6,92127264.0,1.0,3.5,f,5.5,0.0,APROVADO POR NOTA
462575,57564867,1deed8f21a895fa8446751ffd0b079f6,92127264.0,2.0,5.5,f,5.5,0.0,APROVADO POR NOTA
462576,57564867,1deed8f21a895fa8446751ffd0b079f6,92127264.0,3.0,7.5,f,5.5,0.0,APROVADO POR NOTA
462577,57564867,70ab5bf4ea48b0305dac34a3b6ca9a30,92127264.0,1.0,8.0,f,7.8,0.0,APROVADO
462578,57564867,70ab5bf4ea48b0305dac34a3b6ca9a30,92127264.0,2.0,7.5,f,7.8,0.0,APROVADO
462579,57564867,70ab5bf4ea48b0305dac34a3b6ca9a30,92127264.0,3.0,8.0,f,7.8,0.0,APROVADO
462580,57564867,43f0333c0ceb67c5e5fb58f15aec56e1,92127264.0,1.0,8.0,f,8.0,0.0,APROVADO
462581,57564867,43f0333c0ceb67c5e5fb58f15aec56e1,92127264.0,2.0,8.0,f,8.0,0.0,APROVADO
462582,57564867,43f0333c0ceb67c5e5fb58f15aec56e1,92127264.0,3.0,8.0,f,8.0,0.0,APROVADO
462583,57564867,8dca625c4aeef2641364d784bcef00c5,92127264.0,1.0,8.0,f,7.8,0.0,APROVADO
462584,57564867,8dca625c4aeef2641364d784bcef00c5,92127264.0,2.0,7.5,f,7.8,0.0,APROVADO
462585,57564867,8dca625c4aeef2641364d784bcef00c5,92127264.0,3.0,8.0,f,7.8,0.0,APROVADO
462586,57564867,507b78920cea669978080e478577ae3a,92127264.0,1.0,9.5,f,9.0,0.0,APROVADO
462587,57564867,507b78920cea669978080e478577ae3a,92127264.0,2.0,9.0,f,9.0,0.0,APROVADO
462588,57564867,507b78920cea669978080e478577ae3a,92127264.0,3.0,8.5,f,9.0,0.0,APROVADO
462589,57564867,10e449bd1f9b4f668d87b03921b9acad,92127264.0,1.0,7.0,f,7.5,0.0,APROVADO
462590,57564867,10e449bd1f9b4f668d87b03921b9acad,92127264.0,2.0,7.5,f,7.5,0.0,APROVADO
462591,57564867,10e449bd1f9b4f668d87b03921b9acad,92127264.0,3.0,8.0,f,7.5,0.0,APROVADO
462592,57564867,3b30d3da12ab2aac03ba0858e6c0dc02,92127264.0,1.0,8.0,f,8.2,0.0,APROVADO
462593,57564867,3b30d3da12ab2aac03ba0858e6c0dc02,92127264.0,2.0,8.0,f,8.2,0.0,APROVADO
462594,57564867,3b30d3da12ab2aac03ba0858e6c0dc02,92127264.0,3.0,8.5,f,8.2,0.0,APROVADO
462599,57564867,6d3bd1cc430fb7ed07bc6081aa6ada21,92127264.0,1.0,6.0,f,6.7,0.0,APROVADO POR NOTA
462600,57564867,6d3bd1cc430fb7ed07bc6081aa6ada21,92127264.0,2.0,6.5,f,6.7,0.0,APROVADO POR NOTA
462601,57564867,6d3bd1cc430fb7ed07bc6081aa6ada21,92127264.0,3.0,7.5,f,6.7,0.0,APROVADO POR NOTA
462604,57564867,a8d5ecfa0ebc8c6499461c0cf211114c,92127264.0,1.0,6.0,f,6.8,0.0,APROVADO POR NOTA
462605,57564867,a8d5ecfa0ebc8c6499461c0cf211114c,92127264.0,2.0,7.0,f,6.8,0.0,APROVADO POR NOTA
462606,57564867,a8d5ecfa0ebc8c6499461c0cf211114c,92127264.0,3.0,7.5,f,6.8,0.0,APROVADO POR NOTA
462611,57564867,9f9cb2c52de7733782ab559ac58fd464,92127264.0,1.0,6.0,f,6.7,0.0,APROVADO POR NOTA
462612,57564867,9f9cb2c52de7733782ab559ac58fd464,92127264.0,2.0,6.5,f,6.7,0.0,APROVADO POR NOTA
462613,57564867,9f9cb2c52de7733782ab559ac58fd464,92127264.0,3.0,7.5,f,6.7,0.0,APROVADO POR NOTA
462615,57564867,432e6fa6191228bfe54ab1b03b3789a8,92127264.0,1.0,3.5,f,5.2,0.0,APROVADO POR NOTA
462616,57564867,432e6fa6191228bfe54ab1b03b3789a8,92127264.0,2.0,4.5,f,5.2,0.0,APROVADO POR NOTA
462617,57564867,432e6fa6191228bfe54ab1b03b3789a8,92127264.0,3.0,7.5,f,5.2,0.0,APROVADO POR NOTA
462626,57564867,38ceb42ec7122ddfb2dcf670bf47be08,92127264.0,1.0,5.0,f,5.8,0.0,APROVADO POR NOTA
462627,57564867,38ceb42ec7122ddfb2dcf670bf47be08,92127264.0,2.0,5.0,f,5.8,0.0,APROVADO POR NOTA
462628,57564867,38ceb42ec7122ddfb2dcf670bf47be08,92127264.0,3.0,7.5,f,5.8,0.0,APROVADO POR NOTA
462633,57564867,a94a4705a3a0c2eb89e2897c6e76cf74,92127264.0,1.0,5.0,f,6.2,0.0,APROVADO POR NOTA
462634,57564867,a94a4705a3a0c2eb89e2897c6e76cf74,92127264.0,2.0,6.0,f,6.2,0.0,APROVADO POR NOTA
462635,57564867,a94a4705a3a0c2eb89e2897c6e76cf74,92127264.0,3.0,7.5,f,6.2,0.0,APROVADO POR NOTA
462636,57564867,6caf49fdb54c8eefcef753a4f29e68e0,92127264.0,1.0,5.0,f,6.0,0.0,APROVADO POR NOTA
462637,57564867,6caf49fdb54c8eefcef753a4f29e68e0,92127264.0,2.0,5.5,f,6.0,0.0,APROVADO POR NOTA
462638,57564867,6caf49fdb54c8eefcef753a4f29e68e0,92127264.0,3.0,7.5,f,6.0,0.0,APROVADO POR NOTA
462639,57564867,159926c5f19d6b9565385e9e16d6f438,92127264.0,1.0,7.0,f,7.2,0.0,APROVADO
462640,57564867,159926c5f19d6b9565385e9e16d6f438,92127264.0,2.0,6.5,f,7.2,0.0,APROVADO
462641,57564867,159926c5f19d6b9565385e9e16d6f438,92127264.0,3.0,8.0,f,7.2,0.0,APROVADO
462642,57564867,5f104921a4144c61381f27ed8566675b,92127264.0,1.0,5.0,f,6.0,0.0,APROVADO POR NOTA
462643,57564867,5f104921a4144c61381f27ed8566675b,92127264.0,2.0,5.5,f,6.0,0.0,APROVADO POR NOTA
462644,57564867,5f104921a4144c61381f27ed8566675b,92127264.0,3.0,7.5,f,6.0,0.0,APROVADO POR NOTA
462645,57564867,b78957e87af0d1f30b901b13eb44a2eb,92127264.0,2.0,6.0,f,6.5,0.0,APROVADO POR NOTA
462646,57564867,b78957e87af0d1f30b901b13eb44a2eb,92127264.0,3.0,6.5,f,6.5,0.0,APROVADO POR NOTA
462647,57564867,b78957e87af0d1f30b901b13eb44a2eb,92127264.0,1.0,7.0,f,6.5,0.0,APROVADO POR NOTA
462650,57564867,2e8fbcbafb4985ec387775a0466a76cd,92127264.0,1.0,5.5,f,1.8,0.0,REPROVADO
462651,57564867,2e8fbcbafb4985ec387775a0466a76cd,92127264.0,2.0,0.0,f,1.8,0.0,REPROVADO
462652,57564867,2e8fbcbafb4985ec387775a0466a76cd,92127264.0,3.0,0.0,f,1.8,0.0,REPROVADO
462653,57564867,5abb887c45addf95db6b9eb77c9970ef,92127264.0,1.0,10.0,f,9.3,0.0,APROVADO
462654,57564867,5abb887c45addf95db6b9eb77c9970ef,92127264.0,2.0,9.5,f,9.3,0.0,APROVADO
462655,57564867,5abb887c45addf95db6b9eb77c9970ef,92127264.0,3.0,8.5,f,9.3,0.0,APROVADO
462987,57564840,184dc7f5abb4797ae17d8f43d2108b34,92127264.0,1.0,10.0,f,8.6,0.0,APROVADO
462988,57564840,184dc7f5abb4797ae17d8f43d2108b34,92127264.0,2.0,7.0,f,8.6,0.0,APROVADO
462989,57564840,184dc7f5abb4797ae17d8f43d2108b34,92127264.0,3.0,8.80000019,f,8.6,0.0,APROVADO
462990,57564840,b391443c0f08d3ec16f278f302189e44,92127264.0,1.0,9.69999981,f,7.9,0.0,APROVADO
462991,57564840,b391443c0f08d3ec16f278f302189e44,92127264.0,2.0,7.0,f,7.9,0.0,APROVADO
462992,57564840,b391443c0f08d3ec16f278f302189e44,92127264.0,3.0,6.900000099999999,f,7.9,0.0,APROVADO
462993,57564840,0d478f6ba8a903dda7509aaaf4fc6858,92127264.0,1.0,10.0,f,8.7,0.0,APROVADO
462994,57564840,0d478f6ba8a903dda7509aaaf4fc6858,92127264.0,2.0,7.5,f,8.7,0.0,APROVADO
462995,57564840,0d478f6ba8a903dda7509aaaf4fc6858,92127264.0,3.0,8.69999981,f,8.7,0.0,APROVADO
462996,57564840,1e30378e6116ffd948012d513a448944,92127264.0,1.0,8.39999962,f,5.0,0.0,APROVADO POR NOTA
462997,57564840,1e30378e6116ffd948012d513a448944,92127264.0,2.0,3.4000001,f,5.0,0.0,APROVADO POR NOTA
462998,57564840,1e30378e6116ffd948012d513a448944,92127264.0,3.0,3.0999999,f,5.0,0.0,APROVADO POR NOTA
462999,57564840,90c4526030b50e41e00bc3e3c0a3c396,92127264.0,1.0,10.0,f,6.9,0.0,APROVADO POR NOTA
463000,57564840,90c4526030b50e41e00bc3e3c0a3c396,92127264.0,2.0,4.0,f,6.9,0.0,APROVADO POR NOTA
463001,57564840,90c4526030b50e41e00bc3e3c0a3c396,92127264.0,3.0,6.599999900000001,f,6.9,0.0,APROVADO POR NOTA
463002,57564840,a14b755d6051d5b49c1f56a5493999a2,92127264.0,1.0,10.0,f,9.6,0.0,APROVADO
463003,57564840,a14b755d6051d5b49c1f56a5493999a2,92127264.0,2.0,9.5,f,9.6,0.0,APROVADO
463004,57564840,a14b755d6051d5b49c1f56a5493999a2,92127264.0,3.0,9.19999981,f,9.6,0.0,APROVADO
463008,57564840,d7a45e0307b8dd09655b28676d9bdb53,92127264.0,1.0,4.0,f,3.7,18.0,REPROVADO POR MÉDIA E POR FALTAS
463009,57564840,d7a45e0307b8dd09655b28676d9bdb53,92127264.0,2.0,4.0,f,3.7,18.0,REPROVADO POR MÉDIA E POR FALTAS
463010,57564840,d7a45e0307b8dd09655b28676d9bdb53,92127264.0,3.0,3.20000005,f,3.7,18.0,REPROVADO POR MÉDIA E POR FALTAS
463012,57564840,a75256817d400d5e16bbe3708487cd35,92127264.0,1.0,10.0,f,8.1,0.0,APROVADO
463013,57564840,a75256817d400d5e16bbe3708487cd35,92127264.0,2.0,6.0,f,8.1,0.0,APROVADO
463014,57564840,a75256817d400d5e16bbe3708487cd35,92127264.0,3.0,8.19999981,f,8.1,0.0,APROVADO
463016,57564840,c41d56b9bc26904ee21d5f8ccef01fec,92127264.0,1.0,10.0,f,7.1,0.0,APROVADO
463017,57564840,c41d56b9bc26904ee21d5f8ccef01fec,92127264.0,2.0,2.0,f,7.1,0.0,APROVADO
463018,57564840,c41d56b9bc26904ee21d5f8ccef01fec,92127264.0,3.0,9.19999981,f,7.1,0.0,APROVADO
463019,57564840,3878dc0f1f55d1f6e658ee148ca776c6,92127264.0,1.0,10.0,f,9.8,0.0,APROVADO
463020,57564840,3878dc0f1f55d1f6e658ee148ca776c6,92127264.0,2.0,9.5,f,9.8,0.0,APROVADO
463021,57564840,3878dc0f1f55d1f6e658ee148ca776c6,92127264.0,3.0,10.0,f,9.8,0.0,APROVADO
463038,57564840,3c72c5d2a530bec1c2d75fc07904f377,92127264.0,1.0,9.80000019,f,8.2,0.0,APROVADO
463039,57564840,3c72c5d2a530bec1c2d75fc07904f377,92127264.0,2.0,6.5,f,8.2,0.0,APROVADO
463040,57564840,3c72c5d2a530bec1c2d75fc07904f377,92127264.0,3.0,8.19999981,f,8.2,0.0,APROVADO
463042,57564840,1e93a5e40d72e66742db6dd1fecd8413,92127264.0,1.0,10.0,f,7.0,0.0,APROVADO
463043,57564840,1e93a5e40d72e66742db6dd1fecd8413,92127264.0,2.0,1.0,f,7.0,0.0,APROVADO
463044,57564840,1e93a5e40d72e66742db6dd1fecd8413,92127264.0,3.0,10.0,f,7.0,0.0,APROVADO
463046,57564840,11ce638ad8a99119f42559a319c67b41,92127264.0,1.0,7.0,f,8.1,0.0,APROVADO
463047,57564840,11ce638ad8a99119f42559a319c67b41,92127264.0,2.0,8.5,f,8.1,0.0,APROVADO
463048,57564840,11ce638ad8a99119f42559a319c67b41,92127264.0,3.0,8.69999981,f,8.1,0.0,APROVADO
463049,57564840,19e7a82ab8968f303fbde731b31c06c3,92127264.0,1.0,9.5,f,9.7,0.0,APROVADO
463050,57564840,19e7a82ab8968f303fbde731b31c06c3,92127264.0,2.0,9.5,f,9.7,0.0,APROVADO
463051,57564840,19e7a82ab8968f303fbde731b31c06c3,92127264.0,3.0,10.0,f,9.7,0.0,APROVADO
463297,57563953,3ddb9c081afb4b8812c882120a42f807,92127264.0,1.0,0.0,f,0.0,0.0,REPROVADO
463298,57563953,3ddb9c081afb4b8812c882120a42f807,92127264.0,2.0,0.0,f,0.0,0.0,REPROVADO
463299,57563953,3ddb9c081afb4b8812c882120a42f807,92127264.0,3.0,0.0,f,0.0,0.0,REPROVADO
466741,57566719,0188fee9f69676d5d450513676ffa20f,92127264.0,1.0,8.5,f,7.8,6.0,APROVADO
466742,57566719,0188fee9f69676d5d450513676ffa20f,92127264.0,2.0,7.5,f,7.8,6.0,APROVADO
466743,57566719,0188fee9f69676d5d450513676ffa20f,92127264.0,3.0,7.5,f,7.8,6.0,APROVADO
466754,57566719,2dc7771e870b008c111aa85ad59f1f66,92127264.0,1.0,7.0,f,8.0,8.0,APROVADO
466755,57566719,2dc7771e870b008c111aa85ad59f1f66,92127264.0,2.0,7.0,f,8.0,8.0,APROVADO
466756,57566719,2dc7771e870b008c111aa85ad59f1f66,92127264.0,3.0,10.0,f,8.0,8.0,APROVADO
466757,57566719,2297eebcbf4008c925c4056c12bb3b27,92127264.0,1.0,10.0,f,9.0,2.0,APROVADO
466758,57566719,2297eebcbf4008c925c4056c12bb3b27,92127264.0,2.0,7.0,f,9.0,2.0,APROVADO
466759,57566719,2297eebcbf4008c925c4056c12bb3b27,92127264.0,3.0,10.0,f,9.0,2.0,APROVADO
466772,57566719,212bde07a1ba6bc28727ceb5d9663bbb,92127264.0,1.0,8.5,f,5.8,6.0,APROVADO POR NOTA
466773,57566719,212bde07a1ba6bc28727ceb5d9663bbb,92127264.0,2.0,4.0,f,5.8,6.0,APROVADO POR NOTA
466774,57566719,212bde07a1ba6bc28727ceb5d9663bbb,92127264.0,3.0,5.0,f,5.8,6.0,APROVADO POR NOTA
466782,57566719,0188fee9f69676d5d450513676ffa20f,92127264.0,1.0,8.5,f,7.8,6.0,APROVADO
466783,57566719,0188fee9f69676d5d450513676ffa20f,92127264.0,2.0,7.5,f,7.8,6.0,APROVADO
466784,57566719,0188fee9f69676d5d450513676ffa20f,92127264.0,3.0,7.5,f,7.8,6.0,APROVADO
466795,57566719,2dc7771e870b008c111aa85ad59f1f66,92127264.0,1.0,7.0,f,8.0,8.0,APROVADO
466796,57566719,2dc7771e870b008c111aa85ad59f1f66,92127264.0,2.0,7.0,f,8.0,8.0,APROVADO
466797,57566719,2dc7771e870b008c111aa85ad59f1f66,92127264.0,3.0,10.0,f,8.0,8.0,APROVADO
466798,57566719,2297eebcbf4008c925c4056c12bb3b27,92127264.0,1.0,10.0,f,9.0,2.0,APROVADO
466799,57566719,2297eebcbf4008c925c4056c12bb3b27,92127264.0,2.0,7.0,f,9.0,2.0,APROVADO
466800,57566719,2297eebcbf4008c925c4056c12bb3b27,92127264.0,3.0,10.0,f,9.0,2.0,APROVADO
466813,57566719,212bde07a1ba6bc28727ceb5d9663bbb,92127264.0,1.0,8.5,f,5.8,6.0,APROVADO POR NOTA
466814,57566719,212bde07a1ba6bc28727ceb5d9663bbb,92127264.0,2.0,4.0,f,5.8,6.0,APROVADO POR NOTA
466815,57566719,212bde07a1ba6bc28727ceb5d9663bbb,92127264.0,3.0,5.0,f,5.8,6.0,APROVADO POR NOTA
469182,57567565,a4aa5cbcc579bd9b2ce70c7590ee4b04,92127264.0,1.0,6.5,f,6.4,2.0,APROVADO POR NOTA
469183,57567565,a4aa5cbcc579bd9b2ce70c7590ee4b04,92127264.0,2.0,7.0,f,6.4,2.0,APROVADO POR NOTA
469184,57567565,a4aa5cbcc579bd9b2ce70c7590ee4b04,92127264.0,3.0,5.69999981,f,6.4,2.0,APROVADO POR NOTA
469185,57567565,a7aeb59e1b92828f2ec3bd5cb467ff1f,92127264.0,1.0,7.5,f,6.8,0.0,APROVADO POR NOTA
469186,57567565,a7aeb59e1b92828f2ec3bd5cb467ff1f,92127264.0,2.0,7.0,f,6.8,0.0,APROVADO POR NOTA
469187,57567565,a7aeb59e1b92828f2ec3bd5cb467ff1f,92127264.0,3.0,6.0,f,6.8,0.0,APROVADO POR NOTA
469189,57567565,4ca2aab5bc166799ef07328772683e6d,92127264.0,3.0,4.69999981,f,5.6,0.0,APROVADO POR NOTA
469190,57567565,4ca2aab5bc166799ef07328772683e6d,92127264.0,1.0,6.5,f,5.6,0.0,APROVADO POR NOTA
469191,57567565,4ca2aab5bc166799ef07328772683e6d,92127264.0,2.0,5.5,f,5.6,0.0,APROVADO POR NOTA
469193,57567565,7a4c4b293541c00f8352c2fa485b547c,92127264.0,1.0,7.0,f,5.7,4.0,APROVADO POR NOTA
469194,57567565,7a4c4b293541c00f8352c2fa485b547c,92127264.0,2.0,4.5,f,5.7,4.0,APROVADO POR NOTA
469195,57567565,7a4c4b293541c00f8352c2fa485b547c,92127264.0,3.0,5.69999981,f,5.7,4.0,APROVADO POR NOTA
469196,57567565,ba5fefd9bd218063b6484ba2916d3bf0,92127264.0,1.0,8.0,f,7.8,2.0,APROVADO
469197,57567565,ba5fefd9bd218063b6484ba2916d3bf0,92127264.0,2.0,8.0,f,7.8,2.0,APROVADO
469198,57567565,ba5fefd9bd218063b6484ba2916d3bf0,92127264.0,3.0,7.5,f,7.8,2.0,APROVADO
469199,57567565,deef0a878b7ac3d6e642ed295a0e739e,92127264.0,1.0,7.5,f,6.6,0.0,APROVADO POR NOTA
469200,57567565,deef0a878b7ac3d6e642ed295a0e739e,92127264.0,2.0,7.0,f,6.6,0.0,APROVADO POR NOTA
469201,57567565,deef0a878b7ac3d6e642ed295a0e739e,92127264.0,3.0,5.19999981,f,6.6,0.0,APROVADO POR NOTA
469203,57567565,3b48300bd7aff535ce9d374f07552021,92127264.0,1.0,6.0,f,6.5,0.0,APROVADO POR NOTA
469204,57567565,3b48300bd7aff535ce9d374f07552021,92127264.0,2.0,6.5,f,6.5,0.0,APROVADO POR NOTA
469205,57567565,3b48300bd7aff535ce9d374f07552021,92127264.0,3.0,7.0,f,6.5,0.0,APROVADO POR NOTA
469206,57567565,c1d4e7afda2dc570f6d8319b0f511f8b,92127264.0,1.0,7.30000019,f,6.8,4.0,APROVADO POR NOTA
469207,57567565,c1d4e7afda2dc570f6d8319b0f511f8b,92127264.0,2.0,8.0,f,6.8,4.0,APROVADO POR NOTA
469208,57567565,c1d4e7afda2dc570f6d8319b0f511f8b,92127264.0,3.0,5.19999981,f,6.8,4.0,APROVADO POR NOTA
469209,57567565,5625c20186d9be50433092f3269db96a,92127264.0,1.0,8.0,f,6.9,4.0,APROVADO POR NOTA
469210,57567565,5625c20186d9be50433092f3269db96a,92127264.0,2.0,6.0,f,6.9,4.0,APROVADO POR NOTA
469211,57567565,5625c20186d9be50433092f3269db96a,92127264.0,3.0,6.69999981,f,6.9,4.0,APROVADO POR NOTA
469214,57567565,30d0cedb660531d7e84ad5a93c554d0f,92127264.0,1.0,6.5,f,5.5,4.0,APROVADO POR NOTA
469215,57567565,30d0cedb660531d7e84ad5a93c554d0f,92127264.0,2.0,3.79999995,f,5.5,4.0,APROVADO POR NOTA
469216,57567565,30d0cedb660531d7e84ad5a93c554d0f,92127264.0,3.0,6.19999981,f,5.5,4.0,APROVADO POR NOTA
469217,57567565,515f232c90b19e1014be58aeb8b56266,92127264.0,1.0,6.0,f,7.2,2.0,APROVADO
469218,57567565,515f232c90b19e1014be58aeb8b56266,92127264.0,2.0,8.0,f,7.2,2.0,APROVADO
469219,57567565,515f232c90b19e1014be58aeb8b56266,92127264.0,3.0,7.69999981,f,7.2,2.0,APROVADO
470132,57566671,4b11fb51905da447d0cefc76ce4f5f94,92127264.0,0,0,0,0,0,DESISTENCIA
473066,57571383,52df7a26e3059a52241366146b904b01,92127264.0,1.0,3.5999999,f,1.9,18.0,REPROVADO
473067,57571383,52df7a26e3059a52241366146b904b01,92127264.0,2.0,2.0,f,1.9,18.0,REPROVADO
473068,57571383,52df7a26e3059a52241366146b904b01,92127264.0,3.0,0.0,f,1.9,18.0,REPROVADO
473069,57571383,4b8d2d354d7b7d558750e0e57e539de8,92127264.0,1.0,0.0,f,0.0,68.0,REPROVADO POR MÉDIA E POR FALTAS
473070,57571383,4b8d2d354d7b7d558750e0e57e539de8,92127264.0,2.0,0.0,f,0.0,68.0,REPROVADO POR MÉDIA E POR FALTAS
473071,57571383,4b8d2d354d7b7d558750e0e57e539de8,92127264.0,3.0,0.0,f,0.0,68.0,REPROVADO POR MÉDIA E POR FALTAS
473072,57571383,8b379f0c76fb7c008c9a2d15e566f156,92127264.0,1.0,1.70000005,f,1.5,26.0,REPROVADO POR MÉDIA E POR FALTAS
473073,57571383,8b379f0c76fb7c008c9a2d15e566f156,92127264.0,2.0,2.9000001,f,1.5,26.0,REPROVADO POR MÉDIA E POR FALTAS
473074,57571383,8b379f0c76fb7c008c9a2d15e566f156,92127264.0,3.0,0.0,f,1.5,26.0,REPROVADO POR MÉDIA E POR FALTAS
473075,57571383,b747baeb100d39e775e6b8bfc1661ead,92127264.0,1.0,1.79999995,f,0.8,16.0,REPROVADO
473076,57571383,b747baeb100d39e775e6b8bfc1661ead,92127264.0,2.0,0.699999988,f,0.8,16.0,REPROVADO
473077,57571383,b747baeb100d39e775e6b8bfc1661ead,92127264.0,3.0,0.0,f,0.8,16.0,REPROVADO
477253,57565146,61c12ee39c8672f3afd1488aef6dd956,92127264.0,0,0,0,0,0,DESISTENCIA
477257,57565146,d8be9b11939c60ef800896b9f5dd29dd,92127264.0,0,0,0,0,0,DESISTENCIA
477258,57565146,f8241da5c6b786e1253454b70ceed8ff,92127264.0,1.0,4.80000019,f,3.1,42.0,REPROVADO POR MÉDIA E POR FALTAS
477259,57565146,f8241da5c6b786e1253454b70ceed8ff,92127264.0,2.0,1.89999998,f,3.1,42.0,REPROVADO POR MÉDIA E POR FALTAS
477260,57565146,f8241da5c6b786e1253454b70ceed8ff,92127264.0,3.0,2.5999999,f,3.1,42.0,REPROVADO POR MÉDIA E POR FALTAS
477264,57565146,3be0a9d02f52ad9e368b82c93f60bb59,92127264.0,1.0,4.5,f,5.1,20.0,APROVADO POR NOTA
477265,57565146,3be0a9d02f52ad9e368b82c93f60bb59,92127264.0,2.0,5.30000019,f,5.1,20.0,APROVADO POR NOTA
477266,57565146,3be0a9d02f52ad9e368b82c93f60bb59,92127264.0,3.0,5.5,f,5.1,20.0,APROVADO POR NOTA
477271,57565146,515f232c90b19e1014be58aeb8b56266,92127264.0,1.0,5.30000019,f,7.7,20.0,APROVADO
477272,57565146,515f232c90b19e1014be58aeb8b56266,92127264.0,2.0,8.5,f,7.7,20.0,APROVADO
477273,57565146,515f232c90b19e1014be58aeb8b56266,92127264.0,3.0,9.19999981,f,7.7,20.0,APROVADO
477274,57565146,a0a597672742f11324d64601528a0257,92127264.0,3.0,10.0,f,8.0,20.0,APROVADO
477275,57565146,a0a597672742f11324d64601528a0257,92127264.0,1.0,8.5,f,8.0,20.0,APROVADO
477276,57565146,a0a597672742f11324d64601528a0257,92127264.0,2.0,5.4000001,f,8.0,20.0,APROVADO
477277,57565146,08f00f60be208994947441f13c9e3ee1,92127264.0,1.0,0,f,0,0,TRANCADO
477278,57565146,08f00f60be208994947441f13c9e3ee1,92127264.0,2.0,0,f,0,0,TRANCADO
477279,57565146,08f00f60be208994947441f13c9e3ee1,92127264.0,3.0,0,f,0,0,TRANCADO
490360,57565214,3fca4ed1d677f18128430e1d5dd87147,92127264.0,1.0,4.5,f,5.5,0.0,APROVADO POR NOTA
490361,57565214,3fca4ed1d677f18128430e1d5dd87147,92127264.0,2.0,5.0,f,5.5,0.0,APROVADO POR NOTA
490362,57565214,3fca4ed1d677f18128430e1d5dd87147,92127264.0,3.0,7.0,f,5.5,0.0,APROVADO POR NOTA
490363,57565214,4fd6a063993d07c7d11474faed256e52,92127264.0,1.0,10.0,f,9.3,0.0,APROVADO
490364,57565214,4fd6a063993d07c7d11474faed256e52,92127264.0,2.0,9.0,f,9.3,0.0,APROVADO
490365,57565214,4fd6a063993d07c7d11474faed256e52,92127264.0,3.0,9.0,f,9.3,0.0,APROVADO
490366,57565214,46c6360b365290a1404a5c8ffd59f9e1,92127264.0,1.0,3.5,f,5.3,0.0,APROVADO POR NOTA
490367,57565214,46c6360b365290a1404a5c8ffd59f9e1,92127264.0,2.0,5.0,f,5.3,0.0,APROVADO POR NOTA
490368,57565214,46c6360b365290a1404a5c8ffd59f9e1,92127264.0,3.0,7.5,f,5.3,0.0,APROVADO POR NOTA
490369,57565214,05961a2da16bb50207b1c3df6a9a6382,92127264.0,1.0,7.5,f,7.7,0.0,APROVADO
490370,57565214,05961a2da16bb50207b1c3df6a9a6382,92127264.0,2.0,8.0,f,7.7,0.0,APROVADO
490371,57565214,05961a2da16bb50207b1c3df6a9a6382,92127264.0,3.0,7.5,f,7.7,0.0,APROVADO
490372,57565214,b0f86d842b61525819f34d4d9a1c5dd9,92127264.0,1.0,5.5,f,6.7,0.0,APROVADO POR NOTA
490373,57565214,b0f86d842b61525819f34d4d9a1c5dd9,92127264.0,2.0,7.0,f,6.7,0.0,APROVADO POR NOTA
490374,57565214,b0f86d842b61525819f34d4d9a1c5dd9,92127264.0,3.0,7.5,f,6.7,0.0,APROVADO POR NOTA
490375,57565214,fb144904845e9bf1305e59854eea140a,92127264.0,1.0,7.0,f,6.7,0.0,APROVADO POR NOTA
490376,57565214,fb144904845e9bf1305e59854eea140a,92127264.0,2.0,6.0,f,6.7,0.0,APROVADO POR NOTA
490377,57565214,fb144904845e9bf1305e59854eea140a,92127264.0,3.0,7.0,f,6.7,0.0,APROVADO POR NOTA
490378,57565214,36e2211c6c16fa38f1e7fef99b10d22f,92127264.0,1.0,6.5,f,6.7,0.0,APROVADO POR NOTA
490379,57565214,36e2211c6c16fa38f1e7fef99b10d22f,92127264.0,2.0,6.0,f,6.7,0.0,APROVADO POR NOTA
490380,57565214,36e2211c6c16fa38f1e7fef99b10d22f,92127264.0,3.0,7.5,f,6.7,0.0,APROVADO POR NOTA
490381,57565214,ea02749010f507f3e6b03a52b1ca9d4c,92127264.0,1.0,10.0,f,9.5,0.0,APROVADO
490382,57565214,ea02749010f507f3e6b03a52b1ca9d4c,92127264.0,2.0,9.5,f,9.5,0.0,APROVADO
490383,57565214,ea02749010f507f3e6b03a52b1ca9d4c,92127264.0,3.0,9.0,f,9.5,0.0,APROVADO
490384,57565214,edd7f9f8daa51ac6f4b967368277c8f1,92127264.0,1.0,5.5,f,6.5,0.0,APROVADO POR NOTA
490385,57565214,edd7f9f8daa51ac6f4b967368277c8f1,92127264.0,2.0,6.5,f,6.5,0.0,APROVADO POR NOTA
490386,57565214,edd7f9f8daa51ac6f4b967368277c8f1,92127264.0,3.0,7.5,f,6.5,0.0,APROVADO POR NOTA
490387,57565214,2e76987f8d1ad80d26cfb6d1b5bde22f,92127264.0,1.0,10.0,f,9.3,0.0,APROVADO
490388,57565214,2e76987f8d1ad80d26cfb6d1b5bde22f,92127264.0,2.0,9.0,f,9.3,0.0,APROVADO
490389,57565214,2e76987f8d1ad80d26cfb6d1b5bde22f,92127264.0,3.0,9.0,f,9.3,0.0,APROVADO
490390,57565214,8617548982a251170019500fbe5ebea9,92127264.0,2.0,5.0,f,6.2,0.0,APROVADO POR NOTA
490391,57565214,8617548982a251170019500fbe5ebea9,92127264.0,3.0,7.0,f,6.2,0.0,APROVADO POR NOTA
490392,57565214,8617548982a251170019500fbe5ebea9,92127264.0,1.0,6.5,f,6.2,0.0,APROVADO POR NOTA
490393,57565214,daee292530a6b180685cd6cfd22c6496,92127264.0,0,0,0,0,0,DESISTENCIA
490394,57565214,167735b0595253fe5cb241a54e0f8b1b,92127264.0,1.0,6.0,f,6.3,0.0,APROVADO POR NOTA
490395,57565214,167735b0595253fe5cb241a54e0f8b1b,92127264.0,2.0,5.5,f,6.3,0.0,APROVADO POR NOTA
490396,57565214,167735b0595253fe5cb241a54e0f8b1b,92127264.0,3.0,7.5,f,6.3,0.0,APROVADO POR NOTA
490397,57565214,24639ba86aa8be3527cfd77ff6d44994,92127264.0,1.0,6.5,f,6.7,0.0,APROVADO POR NOTA
490398,57565214,24639ba86aa8be3527cfd77ff6d44994,92127264.0,2.0,6.0,f,6.7,0.0,APROVADO POR NOTA
490399,57565214,24639ba86aa8be3527cfd77ff6d44994,92127264.0,3.0,7.5,f,6.7,0.0,APROVADO POR NOTA
490400,57565214,9c57bdb46f6361e82f72a395800fc231,92127264.0,1.0,10.0,f,9.2,0.0,APROVADO
490401,57565214,9c57bdb46f6361e82f72a395800fc231,92127264.0,2.0,9.0,f,9.2,0.0,APROVADO
490402,57565214,9c57bdb46f6361e82f72a395800fc231,92127264.0,3.0,8.5,f,9.2,0.0,APROVADO
490403,57565214,abba494a3f964a7fe18164c54b70c90c,92127264.0,1.0,4.5,f,5.5,0.0,APROVADO POR NOTA
490404,57565214,abba494a3f964a7fe18164c54b70c90c,92127264.0,2.0,5.0,f,5.5,0.0,APROVADO POR NOTA
490405,57565214,abba494a3f964a7fe18164c54b70c90c,92127264.0,3.0,7.0,f,5.5,0.0,APROVADO POR NOTA
490406,57565214,ec5e51b4607323f4496b70d8272de235,92127264.0,1.0,5.0,f,6.0,0.0,APROVADO POR NOTA
490407,57565214,ec5e51b4607323f4496b70d8272de235,92127264.0,2.0,5.5,f,6.0,0.0,APROVADO POR NOTA
490408,57565214,ec5e51b4607323f4496b70d8272de235,92127264.0,3.0,7.5,f,6.0,0.0,APROVADO POR NOTA
490412,57565214,882b1f91339374b8c05d0dde314844bb,92127264.0,0,0,0,0,0,DESISTENCIA
490413,57565214,5e00d1e6f59bcd87426d99fd4204d107,92127264.0,2.0,10.0,f,9.7,0.0,APROVADO
490414,57565214,5e00d1e6f59bcd87426d99fd4204d107,92127264.0,1.0,10.0,f,9.7,0.0,APROVADO
490415,57565214,5e00d1e6f59bcd87426d99fd4204d107,92127264.0,3.0,9.0,f,9.7,0.0,APROVADO
490417,57565214,b3fb23e81fbfd6af258ff3e998ff6fdc,92127264.0,1.0,0.0,f,0.0,0.0,REPROVADO
490418,57565214,b3fb23e81fbfd6af258ff3e998ff6fdc,92127264.0,2.0,0.0,f,0.0,0.0,REPROVADO
490419,57565214,b3fb23e81fbfd6af258ff3e998ff6fdc,92127264.0,3.0,0.0,f,0.0,0.0,REPROVADO
490420,57565214,114537ce7c2e383762ba7b3a72b2a042,92127264.0,1.0,7.5,f,7.8,0.0,APROVADO
490421,57565214,114537ce7c2e383762ba7b3a72b2a042,92127264.0,2.0,8.0,f,7.8,0.0,APROVADO
490422,57565214,114537ce7c2e383762ba7b3a72b2a042,92127264.0,3.0,8.0,f,7.8,0.0,APROVADO
490423,57565214,b9d78b8844b65d48bbe2a0132df6b529,92127264.0,1.0,7.5,f,7.5,0.0,APROVADO
490424,57565214,b9d78b8844b65d48bbe2a0132df6b529,92127264.0,2.0,7.0,f,7.5,0.0,APROVADO
490425,57565214,b9d78b8844b65d48bbe2a0132df6b529,92127264.0,3.0,8.0,f,7.5,0.0,APROVADO
490426,57565214,90dc160e68fd9a2b10d14af791aa4377,92127264.0,1.0,8.5,f,8.5,0.0,APROVADO
490427,57565214,90dc160e68fd9a2b10d14af791aa4377,92127264.0,2.0,9.0,f,8.5,0.0,APROVADO
490428,57565214,90dc160e68fd9a2b10d14af791aa4377,92127264.0,3.0,8.0,f,8.5,0.0,APROVADO
490430,57565214,03f682cb34ca1cd1bc10df04d8d2978f,92127264.0,1.0,6.5,f,6.7,0.0,APROVADO POR NOTA
490431,57565214,03f682cb34ca1cd1bc10df04d8d2978f,92127264.0,2.0,6.0,f,6.7,0.0,APROVADO POR NOTA
490432,57565214,03f682cb34ca1cd1bc10df04d8d2978f,92127264.0,3.0,7.5,f,6.7,0.0,APROVADO POR NOTA
490433,57565214,3d31284757c88aab09cda5503445c123,92127264.0,0,0,0,0,0,DESISTENCIA
490434,57565214,c489d858cf4a29692b4abcc492756c08,92127264.0,1.0,4.5,f,5.5,0.0,APROVADO POR NOTA
490435,57565214,c489d858cf4a29692b4abcc492756c08,92127264.0,2.0,4.5,f,5.5,0.0,APROVADO POR NOTA
490436,57565214,c489d858cf4a29692b4abcc492756c08,92127264.0,3.0,7.5,f,5.5,0.0,APROVADO POR NOTA
490438,57565214,cc98fbab3c297d4cf44db9f59c571374,92127264.0,1.0,6.0,f,6.3,0.0,APROVADO POR NOTA
490439,57565214,cc98fbab3c297d4cf44db9f59c571374,92127264.0,2.0,5.5,f,6.3,0.0,APROVADO POR NOTA
490440,57565214,cc98fbab3c297d4cf44db9f59c571374,92127264.0,3.0,7.5,f,6.3,0.0,APROVADO POR NOTA
490441,57565214,7ae8cbf93b9997bb46729aa23898bb4b,92127264.0,1.0,4.0,f,5.3,0.0,APROVADO POR NOTA
490442,57565214,7ae8cbf93b9997bb46729aa23898bb4b,92127264.0,2.0,4.5,f,5.3,0.0,APROVADO POR NOTA
490443,57565214,7ae8cbf93b9997bb46729aa23898bb4b,92127264.0,3.0,7.5,f,5.3,0.0,APROVADO POR NOTA
490444,57565214,da026a8c8f3487ecdc037844ea4689b0,92127264.0,2.0,9.5,f,9.5,0.0,APROVADO
490445,57565214,da026a8c8f3487ecdc037844ea4689b0,92127264.0,3.0,9.0,f,9.5,0.0,APROVADO
490446,57565214,da026a8c8f3487ecdc037844ea4689b0,92127264.0,1.0,10.0,f,9.5,0.0,APROVADO
490447,57565214,981f0362a343d04121314aa4a422c161,92127264.0,1.0,6.0,f,6.7,0.0,APROVADO POR NOTA
490448,57565214,981f0362a343d04121314aa4a422c161,92127264.0,2.0,6.5,f,6.7,0.0,APROVADO POR NOTA
490449,57565214,981f0362a343d04121314aa4a422c161,92127264.0,3.0,7.5,f,6.7,0.0,APROVADO POR NOTA
490450,57565214,726fb2164f8230c8d42ac37c3f966ff1,92127264.0,1.0,4.5,f,5.5,0.0,APROVADO POR NOTA
490451,57565214,726fb2164f8230c8d42ac37c3f966ff1,92127264.0,2.0,4.5,f,5.5,0.0,APROVADO POR NOTA
490452,57565214,726fb2164f8230c8d42ac37c3f966ff1,92127264.0,3.0,7.5,f,5.5,0.0,APROVADO POR NOTA
490453,57565214,1ea6bf7d93eef7b8078104dff5d4987b,92127264.0,1.0,7.0,f,7.3,0.0,APROVADO
490454,57565214,1ea6bf7d93eef7b8078104dff5d4987b,92127264.0,2.0,7.5,f,7.3,0.0,APROVADO
490455,57565214,1ea6bf7d93eef7b8078104dff5d4987b,92127264.0,3.0,7.5,f,7.3,0.0,APROVADO
490457,57565214,ca69b87b9e96e1432c90759482ccc08e,92127264.0,1.0,7.0,f,7.0,0.0,APROVADO
490458,57565214,ca69b87b9e96e1432c90759482ccc08e,92127264.0,2.0,6.5,f,7.0,0.0,APROVADO
490459,57565214,ca69b87b9e96e1432c90759482ccc08e,92127264.0,3.0,7.5,f,7.0,0.0,APROVADO
490462,57565214,9fe6433f39109d1e42a84b9ac780c4fc,92127264.0,1.0,4.5,f,5.3,0.0,APROVADO POR NOTA
490463,57565214,9fe6433f39109d1e42a84b9ac780c4fc,92127264.0,2.0,4.5,f,5.3,0.0,APROVADO POR NOTA
490464,57565214,9fe6433f39109d1e42a84b9ac780c4fc,92127264.0,3.0,7.0,f,5.3,0.0,APROVADO POR NOTA
490465,57565214,9dbf21795736ba4eaaa2f6932b76cbcf,92127264.0,1.0,3.0,f,5.8,0.0,APROVADO POR NOTA
490466,57565214,9dbf21795736ba4eaaa2f6932b76cbcf,92127264.0,2.0,6.5,f,5.8,0.0,APROVADO POR NOTA
490467,57565214,9dbf21795736ba4eaaa2f6932b76cbcf,92127264.0,3.0,8.0,f,5.8,0.0,APROVADO POR NOTA
490468,57565214,4e6ba21f267f58a5673ed53b55ce4093,92127264.0,1.0,10.0,f,9.3,0.0,APROVADO
490469,57565214,4e6ba21f267f58a5673ed53b55ce4093,92127264.0,2.0,9.0,f,9.3,0.0,APROVADO
490470,57565214,4e6ba21f267f58a5673ed53b55ce4093,92127264.0,3.0,9.0,f,9.3,0.0,APROVADO
490471,57565214,e22deea3b80f9f8e63dd256ba06a8831,92127264.0,1.0,9.5,f,9.0,0.0,APROVADO
490472,57565214,e22deea3b80f9f8e63dd256ba06a8831,92127264.0,2.0,9.0,f,9.0,0.0,APROVADO
490473,57565214,e22deea3b80f9f8e63dd256ba06a8831,92127264.0,3.0,8.5,f,9.0,0.0,APROVADO
490683,57565211,3fca4ed1d677f18128430e1d5dd87147,92127264.0,2.0,6.69999981,f,6.6,0.0,APROVADO POR NOTA
490684,57565211,3fca4ed1d677f18128430e1d5dd87147,92127264.0,1.0,6.5,f,6.6,0.0,APROVADO POR NOTA
490685,57565211,9c57bdb46f6361e82f72a395800fc231,92127264.0,1.0,6.80000019,f,7.4,0.0,APROVADO
490686,57565211,9c57bdb46f6361e82f72a395800fc231,92127264.0,2.0,8.0,f,7.4,0.0,APROVADO
490687,57565211,2e76987f8d1ad80d26cfb6d1b5bde22f,92127264.0,1.0,6.69999981,f,7.0,4.0,APROVADO
490688,57565211,2e76987f8d1ad80d26cfb6d1b5bde22f,92127264.0,2.0,7.30000019,f,7.0,4.0,APROVADO
490689,57565211,fb144904845e9bf1305e59854eea140a,92127264.0,1.0,6.5,f,5.8,4.0,APROVADO POR NOTA
490690,57565211,fb144904845e9bf1305e59854eea140a,92127264.0,2.0,5.0999999,f,5.8,4.0,APROVADO POR NOTA
490691,57565211,abba494a3f964a7fe18164c54b70c90c,92127264.0,1.0,8.69999981,f,8.9,6.0,APROVADO
490692,57565211,abba494a3f964a7fe18164c54b70c90c,92127264.0,2.0,2.0,t,8.9,6.0,APROVADO
490694,57565211,c489d858cf4a29692b4abcc492756c08,92127264.0,1.0,8.60000038,f,8.7,4.0,APROVADO
490695,57565211,c489d858cf4a29692b4abcc492756c08,92127264.0,2.0,8.80000019,f,8.7,4.0,APROVADO
490696,57565211,3d31284757c88aab09cda5503445c123,92127264.0,0,0,0,0,0,DESISTENCIA
490698,57565211,7ae8cbf93b9997bb46729aa23898bb4b,92127264.0,1.0,7.30000019,f,6.6,8.0,APROVADO POR NOTA
490699,57565211,7ae8cbf93b9997bb46729aa23898bb4b,92127264.0,2.0,5.80000019,f,6.6,8.0,APROVADO POR NOTA
490700,57565211,52df7a26e3059a52241366146b904b01,92127264.0,0,0,0,0,0,DESISTENCIA
490701,57565211,9fe6433f39109d1e42a84b9ac780c4fc,92127264.0,1.0,9.10000038,f,9.2,0.0,APROVADO
490702,57565211,9fe6433f39109d1e42a84b9ac780c4fc,92127264.0,2.0,9.30000019,f,9.2,0.0,APROVADO
490703,57565211,b3fb23e81fbfd6af258ff3e998ff6fdc,92127264.0,1.0,0.0,f,0.0,32.0,REPROVADO POR MÉDIA E POR FALTAS
490704,57565211,b3fb23e81fbfd6af258ff3e998ff6fdc,92127264.0,2.0,0.0,f,0.0,32.0,REPROVADO POR MÉDIA E POR FALTAS
490710,57565211,882b1f91339374b8c05d0dde314844bb,92127264.0,0,0,0,0,0,DESISTENCIA
490715,57565211,03f682cb34ca1cd1bc10df04d8d2978f,92127264.0,1.0,8.60000038,f,8.7,6.0,APROVADO
490716,57565211,03f682cb34ca1cd1bc10df04d8d2978f,92127264.0,2.0,8.69999981,f,8.7,6.0,APROVADO
490717,57565211,114537ce7c2e383762ba7b3a72b2a042,92127264.0,1.0,8.30000019,f,8.2,4.0,APROVADO
490718,57565211,114537ce7c2e383762ba7b3a72b2a042,92127264.0,2.0,8.0,f,8.2,4.0,APROVADO
490721,57565211,46c6360b365290a1404a5c8ffd59f9e1,92127264.0,1.0,7.69999981,f,8.4,2.0,APROVADO
490722,57565211,46c6360b365290a1404a5c8ffd59f9e1,92127264.0,2.0,9.10000038,f,8.4,2.0,APROVADO
490723,57565211,ac620fb39d8330e64c0370054567b312,92127264.0,1.0,8.60000038,f,9.0,8.0,APROVADO
490724,57565211,ac620fb39d8330e64c0370054567b312,92127264.0,2.0,9.39999962,f,9.0,8.0,APROVADO
490725,57565211,daee292530a6b180685cd6cfd22c6496,92127264.0,0,0,0,0,0,DESISTENCIA
490726,57565211,da026a8c8f3487ecdc037844ea4689b0,92127264.0,1.0,7.900000099999999,f,8.2,6.0,APROVADO
490727,57565211,da026a8c8f3487ecdc037844ea4689b0,92127264.0,2.0,8.39999962,f,8.2,6.0,APROVADO
490729,57565211,cc98fbab3c297d4cf44db9f59c571374,92127264.0,1.0,7.80000019,f,8.0,8.0,APROVADO
490730,57565211,cc98fbab3c297d4cf44db9f59c571374,92127264.0,2.0,8.19999981,f,8.0,8.0,APROVADO
490731,57565211,8617548982a251170019500fbe5ebea9,92127264.0,1.0,6.5,f,3.6,12.0,REPROVADO POR MÉDIA E POR FALTAS
490732,57565211,8617548982a251170019500fbe5ebea9,92127264.0,2.0,0.600000024,f,3.6,12.0,REPROVADO POR MÉDIA E POR FALTAS
490733,57565211,726fb2164f8230c8d42ac37c3f966ff1,92127264.0,1.0,7.30000019,f,7.5,4.0,APROVADO
490734,57565211,726fb2164f8230c8d42ac37c3f966ff1,92127264.0,2.0,7.69999981,f,7.5,4.0,APROVADO
490735,57565211,167735b0595253fe5cb241a54e0f8b1b,92127264.0,1.0,5.19999981,f,6.6,2.0,APROVADO POR NOTA
490736,57565211,167735b0595253fe5cb241a54e0f8b1b,92127264.0,2.0,8.0,f,6.6,2.0,APROVADO POR NOTA
490737,57565211,ea02749010f507f3e6b03a52b1ca9d4c,92127264.0,1.0,6.30000019,f,7.1,2.0,APROVADO
490738,57565211,ea02749010f507f3e6b03a52b1ca9d4c,92127264.0,2.0,7.900000099999999,f,7.1,2.0,APROVADO
490739,57565211,1ea6bf7d93eef7b8078104dff5d4987b,92127264.0,1.0,9.10000038,f,8.7,4.0,APROVADO
490740,57565211,1ea6bf7d93eef7b8078104dff5d4987b,92127264.0,2.0,8.19999981,f,8.7,4.0,APROVADO
490741,57565211,9dbf21795736ba4eaaa2f6932b76cbcf,92127264.0,1.0,5.4000001,f,6.5,8.0,APROVADO POR NOTA
490742,57565211,9dbf21795736ba4eaaa2f6932b76cbcf,92127264.0,2.0,7.599999900000001,f,6.5,8.0,APROVADO POR NOTA
490744,57565211,b0f86d842b61525819f34d4d9a1c5dd9,92127264.0,2.0,6.0,f,6.0,2.0,APROVADO POR NOTA
490745,57565211,b0f86d842b61525819f34d4d9a1c5dd9,92127264.0,1.0,6.0,f,6.0,2.0,APROVADO POR NOTA
490746,57565211,ec5e51b4607323f4496b70d8272de235,92127264.0,1.0,8.69999981,f,8.8,0.0,APROVADO
490747,57565211,ec5e51b4607323f4496b70d8272de235,92127264.0,2.0,8.89999962,f,8.8,0.0,APROVADO
490748,57565211,933ee3520c93c46b4aa33282a87d4fa4,92127264.0,0,0,0,0,0,DESISTENCIA
490750,57565211,4fd6a063993d07c7d11474faed256e52,92127264.0,1.0,7.0,f,7.4,6.0,APROVADO
490751,57565211,4fd6a063993d07c7d11474faed256e52,92127264.0,2.0,7.69999981,f,7.4,6.0,APROVADO
490753,57565211,8f05e8b42b1b78495761199759d2a6a5,92127264.0,1.0,8.69999981,f,9.0,8.0,APROVADO
490754,57565211,8f05e8b42b1b78495761199759d2a6a5,92127264.0,2.0,9.30000019,f,9.0,8.0,APROVADO
490757,57565220,29c131e1fa5dc358c33cf9868d079ca1,92127264.0,1.0,9.0,f,9.3,6.0,APROVADO
490758,57565220,29c131e1fa5dc358c33cf9868d079ca1,92127264.0,2.0,9.60000038,f,9.3,6.0,APROVADO
490759,57565220,35a41fdcd22b22af9e0ac8a565a8246a,92127264.0,1.0,7.099999900000001,f,6.7,0.0,APROVADO POR NOTA
490760,57565220,35a41fdcd22b22af9e0ac8a565a8246a,92127264.0,2.0,6.30000019,f,6.7,0.0,APROVADO POR NOTA
490761,57565220,eddf85f8de16759001056bee8d4bf32b,92127264.0,0,0,0,0,0,DESISTENCIA
490762,57565220,daee292530a6b180685cd6cfd22c6496,92127264.0,1.0,3.5,f,3.4,2.0,REPROVADO
490763,57565220,daee292530a6b180685cd6cfd22c6496,92127264.0,2.0,3.0999999,t,3.4,2.0,REPROVADO
490773,57565220,882b1f91339374b8c05d0dde314844bb,92127264.0,1.0,9.69999981,f,9.8,6.0,APROVADO
490774,57565220,882b1f91339374b8c05d0dde314844bb,92127264.0,2.0,9.80000019,f,9.8,6.0,APROVADO
490775,57565220,d876a255f2540137212a1df25b8c47bf,92127264.0,1.0,0.0,f,0.0,36.0,REPROVADO POR MÉDIA E POR FALTAS
490776,57565220,d876a255f2540137212a1df25b8c47bf,92127264.0,2.0,0.0,f,0.0,36.0,REPROVADO POR MÉDIA E POR FALTAS
490778,57565220,10b567bf355d0221626a487d9808dbe8,92127264.0,1.0,3.20000005,f,4.0,8.0,REPROVADO
490779,57565220,10b567bf355d0221626a487d9808dbe8,92127264.0,2.0,4.80000019,f,4.0,8.0,REPROVADO
490979,57565207,90dc160e68fd9a2b10d14af791aa4377,92127264.0,1.0,7.19999981,f,7.1,0.0,APROVADO
490980,57565207,90dc160e68fd9a2b10d14af791aa4377,92127264.0,2.0,7.0,f,7.1,0.0,APROVADO
490981,57565207,46c6360b365290a1404a5c8ffd59f9e1,92127264.0,1.0,7.099999900000001,f,6.7,0.0,APROVADO POR NOTA
490982,57565207,46c6360b365290a1404a5c8ffd59f9e1,92127264.0,2.0,6.19999981,f,6.7,0.0,APROVADO POR NOTA
490983,57565207,05961a2da16bb50207b1c3df6a9a6382,92127264.0,1.0,8.0,f,7.5,0.0,APROVADO
490984,57565207,05961a2da16bb50207b1c3df6a9a6382,92127264.0,2.0,6.900000099999999,f,7.5,0.0,APROVADO
490985,57565207,ec5e51b4607323f4496b70d8272de235,92127264.0,1.0,7.69999981,f,7.1,0.0,APROVADO
490986,57565207,ec5e51b4607323f4496b70d8272de235,92127264.0,2.0,6.5,f,7.1,0.0,APROVADO
490987,57565207,abba494a3f964a7fe18164c54b70c90c,92127264.0,1.0,8.5,f,7.9,0.0,APROVADO
490988,57565207,abba494a3f964a7fe18164c54b70c90c,92127264.0,2.0,7.19999981,f,7.9,0.0,APROVADO
490989,57565207,167735b0595253fe5cb241a54e0f8b1b,92127264.0,1.0,5.69999981,f,5.3,0.0,APROVADO POR NOTA
490990,57565207,167735b0595253fe5cb241a54e0f8b1b,92127264.0,2.0,4.9000001,f,5.3,0.0,APROVADO POR NOTA
490991,57565207,ea02749010f507f3e6b03a52b1ca9d4c,92127264.0,1.0,6.4000001,f,5.4,0.0,APROVADO POR NOTA
490992,57565207,ea02749010f507f3e6b03a52b1ca9d4c,92127264.0,2.0,4.4000001,f,5.4,0.0,APROVADO POR NOTA
490993,57565207,edd7f9f8daa51ac6f4b967368277c8f1,92127264.0,1.0,7.19999981,f,7.3,0.0,APROVADO
490994,57565207,edd7f9f8daa51ac6f4b967368277c8f1,92127264.0,2.0,7.400000099999999,f,7.3,0.0,APROVADO
490995,57565207,7ae8cbf93b9997bb46729aa23898bb4b,92127264.0,1.0,7.599999900000001,f,6.7,0.0,APROVADO POR NOTA
490996,57565207,7ae8cbf93b9997bb46729aa23898bb4b,92127264.0,2.0,5.69999981,f,6.7,0.0,APROVADO POR NOTA
490997,57565207,da026a8c8f3487ecdc037844ea4689b0,92127264.0,1.0,6.69999981,f,5.2,0.0,APROVADO POR NOTA
490998,57565207,da026a8c8f3487ecdc037844ea4689b0,92127264.0,2.0,3.70000005,f,5.2,0.0,APROVADO POR NOTA
490999,57565207,981f0362a343d04121314aa4a422c161,92127264.0,1.0,6.900000099999999,f,6.6,0.0,APROVADO POR NOTA
491000,57565207,981f0362a343d04121314aa4a422c161,92127264.0,2.0,6.19999981,f,6.6,0.0,APROVADO POR NOTA
491001,57565207,ca69b87b9e96e1432c90759482ccc08e,92127264.0,1.0,9.30000019,f,8.9,0.0,APROVADO
491002,57565207,ca69b87b9e96e1432c90759482ccc08e,92127264.0,2.0,8.5,f,8.9,0.0,APROVADO
491003,57565207,933ee3520c93c46b4aa33282a87d4fa4,92127264.0,0,0,0,0,0,DESISTENCIA
491004,57565207,c489d858cf4a29692b4abcc492756c08,92127264.0,1.0,7.19999981,f,6.2,0.0,APROVADO POR NOTA
491005,57565207,c489d858cf4a29692b4abcc492756c08,92127264.0,2.0,5.0999999,f,6.2,0.0,APROVADO POR NOTA
491006,57565207,9fe6433f39109d1e42a84b9ac780c4fc,92127264.0,1.0,4.5999999,f,5.7,0.0,APROVADO POR NOTA
491007,57565207,9fe6433f39109d1e42a84b9ac780c4fc,92127264.0,2.0,6.80000019,f,5.7,0.0,APROVADO POR NOTA
491008,57565207,b0f86d842b61525819f34d4d9a1c5dd9,92127264.0,1.0,7.599999900000001,f,7.0,0.0,APROVADO
491009,57565207,b0f86d842b61525819f34d4d9a1c5dd9,92127264.0,2.0,6.4000001,f,7.0,0.0,APROVADO
491010,57565207,114537ce7c2e383762ba7b3a72b2a042,92127264.0,1.0,8.89999962,f,7.8,0.0,APROVADO
491011,57565207,114537ce7c2e383762ba7b3a72b2a042,92127264.0,2.0,6.69999981,f,7.8,0.0,APROVADO
491014,57565207,5e00d1e6f59bcd87426d99fd4204d107,92127264.0,1.0,7.599999900000001,f,7.7,0.0,APROVADO
491015,57565207,5e00d1e6f59bcd87426d99fd4204d107,92127264.0,2.0,7.80000019,f,7.7,0.0,APROVADO
491016,57565207,b3fb23e81fbfd6af258ff3e998ff6fdc,92127264.0,1.0,1.70000005,f,0.9,0.0,REPROVADO
491017,57565207,b3fb23e81fbfd6af258ff3e998ff6fdc,92127264.0,2.0,0.0,f,0.9,0.0,REPROVADO
491018,57565207,b9d78b8844b65d48bbe2a0132df6b529,92127264.0,1.0,9.80000019,f,9.1,0.0,APROVADO
491019,57565207,b9d78b8844b65d48bbe2a0132df6b529,92127264.0,2.0,8.39999962,f,9.1,0.0,APROVADO
491020,57565207,03f682cb34ca1cd1bc10df04d8d2978f,92127264.0,1.0,6.69999981,f,6.7,0.0,APROVADO POR NOTA
491021,57565207,03f682cb34ca1cd1bc10df04d8d2978f,92127264.0,2.0,6.69999981,f,6.7,0.0,APROVADO POR NOTA
491022,57565207,52df7a26e3059a52241366146b904b01,92127264.0,0,0,0,0,0,DESISTENCIA
491024,57565207,882b1f91339374b8c05d0dde314844bb,92127264.0,0,0,0,0,0,DESISTENCIA
491026,57565207,3fca4ed1d677f18128430e1d5dd87147,92127264.0,1.0,5.0,f,5.6,0.0,APROVADO POR NOTA
491027,57565207,3fca4ed1d677f18128430e1d5dd87147,92127264.0,2.0,6.0999999,f,5.6,0.0,APROVADO POR NOTA
491028,57565207,726fb2164f8230c8d42ac37c3f966ff1,92127264.0,1.0,6.599999900000001,f,6.6,0.0,APROVADO POR NOTA
491029,57565207,726fb2164f8230c8d42ac37c3f966ff1,92127264.0,2.0,6.599999900000001,f,6.6,0.0,APROVADO POR NOTA
491030,57565207,9dbf21795736ba4eaaa2f6932b76cbcf,92127264.0,1.0,7.099999900000001,f,5.3,0.0,APROVADO POR NOTA
491031,57565207,9dbf21795736ba4eaaa2f6932b76cbcf,92127264.0,2.0,3.4000001,f,5.3,0.0,APROVADO POR NOTA
491032,57565207,ac620fb39d8330e64c0370054567b312,92127264.0,1.0,8.0,f,7.6,0.0,APROVADO
491033,57565207,ac620fb39d8330e64c0370054567b312,92127264.0,2.0,7.19999981,f,7.6,0.0,APROVADO
491034,57565207,2e76987f8d1ad80d26cfb6d1b5bde22f,92127264.0,1.0,8.10000038,f,7.4,0.0,APROVADO
491035,57565207,2e76987f8d1ad80d26cfb6d1b5bde22f,92127264.0,2.0,6.599999900000001,f,7.4,0.0,APROVADO
491036,57565207,cc98fbab3c297d4cf44db9f59c571374,92127264.0,1.0,8.0,f,7.3,0.0,APROVADO
491037,57565207,cc98fbab3c297d4cf44db9f59c571374,92127264.0,2.0,6.5,f,7.3,0.0,APROVADO
491038,57565207,8617548982a251170019500fbe5ebea9,92127264.0,1.0,5.4000001,f,2.7,0.0,REPROVADO
491039,57565207,8617548982a251170019500fbe5ebea9,92127264.0,2.0,0.0,f,2.7,0.0,REPROVADO
491040,57565207,1ea6bf7d93eef7b8078104dff5d4987b,92127264.0,1.0,9.30000019,f,8.0,0.0,APROVADO
491041,57565207,1ea6bf7d93eef7b8078104dff5d4987b,92127264.0,2.0,6.69999981,f,8.0,0.0,APROVADO
491042,57565207,9c57bdb46f6361e82f72a395800fc231,92127264.0,1.0,7.80000019,f,6.3,0.0,APROVADO POR NOTA
491043,57565207,9c57bdb46f6361e82f72a395800fc231,92127264.0,2.0,4.69999981,f,6.3,0.0,APROVADO POR NOTA
491044,57565207,36e2211c6c16fa38f1e7fef99b10d22f,92127264.0,1.0,6.80000019,f,6.3,0.0,APROVADO POR NOTA
491045,57565207,36e2211c6c16fa38f1e7fef99b10d22f,92127264.0,2.0,5.69999981,f,6.3,0.0,APROVADO POR NOTA
491046,57565207,24639ba86aa8be3527cfd77ff6d44994,92127264.0,1.0,7.19999981,f,6.6,0.0,APROVADO POR NOTA
491047,57565207,24639ba86aa8be3527cfd77ff6d44994,92127264.0,2.0,6.0,f,6.6,0.0,APROVADO POR NOTA
491049,57565207,fb144904845e9bf1305e59854eea140a,92127264.0,1.0,8.0,f,7.7,0.0,APROVADO
491050,57565207,fb144904845e9bf1305e59854eea140a,92127264.0,2.0,7.30000019,f,7.7,0.0,APROVADO
491051,57565207,daee292530a6b180685cd6cfd22c6496,92127264.0,0,0,0,0,0,DESISTENCIA
491053,57565207,4fd6a063993d07c7d11474faed256e52,92127264.0,1.0,7.80000019,f,7.0,0.0,APROVADO
491054,57565207,4fd6a063993d07c7d11474faed256e52,92127264.0,2.0,6.19999981,f,7.0,0.0,APROVADO
491055,57565207,e22deea3b80f9f8e63dd256ba06a8831,92127264.0,1.0,6.900000099999999,f,5.9,0.0,APROVADO POR NOTA
491056,57565207,e22deea3b80f9f8e63dd256ba06a8831,92127264.0,2.0,4.9000001,f,5.9,0.0,APROVADO POR NOTA
493536,57568978,c7f78ef4d6e39ad93441209267801600,92127264.0,0,0,0,0,0,TRANCADO
493552,57568978,c7f78ef4d6e39ad93441209267801600,92127264.0,0,0,0,0,0,TRANCADO
500680,57563903,d8be9b11939c60ef800896b9f5dd29dd,92127264.0,1.0,5.30000019,f,6.8,6.0,APROVADO POR NOTA
500681,57563903,d8be9b11939c60ef800896b9f5dd29dd,92127264.0,2.0,10.0,f,6.8,6.0,APROVADO POR NOTA
500682,57563903,d8be9b11939c60ef800896b9f5dd29dd,92127264.0,3.0,5.0,f,6.8,6.0,APROVADO POR NOTA
500740,57563903,ac15394f332cd690a1f81161dddf8620,92127264.0,1.0,7.30000019,f,7.8,8.0,APROVADO
500741,57563903,ac15394f332cd690a1f81161dddf8620,92127264.0,2.0,10.0,f,7.8,8.0,APROVADO
500742,57563903,ac15394f332cd690a1f81161dddf8620,92127264.0,3.0,6.0999999,f,7.8,8.0,APROVADO
506039,57572026,570cb04eb23871dd7b2eae6244b79378,92127264.0,1.0,9.0,f,9.0,0.0,APROVADO
506040,57572026,570cb04eb23871dd7b2eae6244b79378,92127264.0,2.0,9.0,f,9.0,0.0,APROVADO
506041,57572026,570cb04eb23871dd7b2eae6244b79378,92127264.0,3.0,9.0,f,9.0,0.0,APROVADO
507943,57565145,67a7d8d14b772580587d3409b1d352e7,92127264.0,1.0,4.80000019,f,6.2,17.0,APROVADO POR NOTA
507944,57565145,67a7d8d14b772580587d3409b1d352e7,92127264.0,2.0,10.0,f,6.2,17.0,APROVADO POR NOTA
507945,57565145,67a7d8d14b772580587d3409b1d352e7,92127264.0,3.0,3.79999995,f,6.2,17.0,APROVADO POR NOTA
507946,57565145,fdc2d349ed3b784c6d59b955a91c75f8,92127264.0,1.0,4.5,f,6.0,4.0,APROVADO POR NOTA
507947,57565145,fdc2d349ed3b784c6d59b955a91c75f8,92127264.0,2.0,7.0,f,6.0,4.0,APROVADO POR NOTA
507948,57565145,fdc2d349ed3b784c6d59b955a91c75f8,92127264.0,3.0,6.5,f,6.0,4.0,APROVADO POR NOTA
507949,57565145,10b567bf355d0221626a487d9808dbe8,92127264.0,1.0,7.5,f,7.2,14.0,APROVADO
507950,57565145,10b567bf355d0221626a487d9808dbe8,92127264.0,2.0,8.5,f,7.2,14.0,APROVADO
507951,57565145,10b567bf355d0221626a487d9808dbe8,92127264.0,3.0,5.5,f,7.2,14.0,APROVADO
507952,57565145,1630e0c5132b91a552fcb0548fe35fa3,92127264.0,0,0,0,0,0,TRANCADO
507953,57565145,9aa51c3d254f37645b7a0f195ee4207e,92127264.0,1.0,3.0,f,2.7,20.0,REPROVADO POR MÉDIA E POR FALTAS
507954,57565145,9aa51c3d254f37645b7a0f195ee4207e,92127264.0,2.0,5.0,f,2.7,20.0,REPROVADO POR MÉDIA E POR FALTAS
507955,57565145,9aa51c3d254f37645b7a0f195ee4207e,92127264.0,3.0,0.0,f,2.7,20.0,REPROVADO POR MÉDIA E POR FALTAS
507956,57565145,c4ecfa54d2066d83df1a9e8bacf6113b,92127264.0,0,0,0,0,0,TRANCADO
507957,57565145,7be1f85421dde6f505923c856e10700e,92127264.0,1.0,7.5,f,7.2,18.0,APROVADO
507958,57565145,7be1f85421dde6f505923c856e10700e,92127264.0,2.0,8.5,f,7.2,18.0,APROVADO
507959,57565145,7be1f85421dde6f505923c856e10700e,92127264.0,3.0,5.5,f,7.2,18.0,APROVADO
509345,57570318,570cb04eb23871dd7b2eae6244b79378,92127264.0,1.0,8.60000038,f,8.5,0.0,APROVADO
509346,57570318,570cb04eb23871dd7b2eae6244b79378,92127264.0,2.0,8.30000019,f,8.5,0.0,APROVADO
509347,57570318,570cb04eb23871dd7b2eae6244b79378,92127264.0,3.0,8.5,f,8.5,0.0,APROVADO
509410,57564810,fc5ca0acc129fed92da264e586691f1b,92127264.0,1.0,6.0,f,5.8,4.0,APROVADO POR NOTA
509411,57564810,fc5ca0acc129fed92da264e586691f1b,92127264.0,2.0,4.30000019,f,5.8,4.0,APROVADO POR NOTA
509412,57564810,fc5ca0acc129fed92da264e586691f1b,92127264.0,3.0,7.0,f,5.8,4.0,APROVADO POR NOTA
509413,57564810,43f0333c0ceb67c5e5fb58f15aec56e1,92127264.0,1.0,10.0,f,9.3,2.0,APROVADO
509414,57564810,43f0333c0ceb67c5e5fb58f15aec56e1,92127264.0,2.0,9.0,f,9.3,2.0,APROVADO
509415,57564810,43f0333c0ceb67c5e5fb58f15aec56e1,92127264.0,3.0,9.0,f,9.3,2.0,APROVADO
509416,57564810,3c3b91849365208aee8ffcf3625fe09e,92127264.0,1.0,9.5,f,9.8,2.0,APROVADO
509417,57564810,3c3b91849365208aee8ffcf3625fe09e,92127264.0,2.0,10.0,f,9.8,2.0,APROVADO
509418,57564810,3c3b91849365208aee8ffcf3625fe09e,92127264.0,3.0,10.0,f,9.8,2.0,APROVADO
509419,57564810,c56988f88fee67b606647c582492ba07,92127264.0,1.0,3.0,t,6.1,8.0,APROVADO POR NOTA
509420,57564810,c56988f88fee67b606647c582492ba07,92127264.0,2.0,4.30000019,f,6.1,8.0,APROVADO POR NOTA
509421,57564810,c56988f88fee67b606647c582492ba07,92127264.0,3.0,7.5,f,6.1,8.0,APROVADO POR NOTA
509425,57564810,eddf85f8de16759001056bee8d4bf32b,92127264.0,1.0,8.0,f,8.2,14.0,APROVADO
509426,57564810,eddf85f8de16759001056bee8d4bf32b,92127264.0,2.0,7.5,f,8.2,14.0,APROVADO
509427,57564810,eddf85f8de16759001056bee8d4bf32b,92127264.0,3.0,9.0,f,8.2,14.0,APROVADO
509434,57564810,ac620fb39d8330e64c0370054567b312,92127264.0,1.0,5.0,f,1.7,26.0,REPROVADO POR MÉDIA E POR FALTAS
509435,57564810,ac620fb39d8330e64c0370054567b312,92127264.0,2.0,0.0,f,1.7,26.0,REPROVADO POR MÉDIA E POR FALTAS
509436,57564810,ac620fb39d8330e64c0370054567b312,92127264.0,3.0,0.0,f,1.7,26.0,REPROVADO POR MÉDIA E POR FALTAS
509437,57564810,ee01661785b2af90f559ed136ed97acb,92127264.0,1.0,8.0,f,6.8,14.0,APROVADO POR NOTA
509438,57564810,ee01661785b2af90f559ed136ed97acb,92127264.0,2.0,4.4000001,f,6.8,14.0,APROVADO POR NOTA
509439,57564810,ee01661785b2af90f559ed136ed97acb,92127264.0,3.0,8.0,f,6.8,14.0,APROVADO POR NOTA
509440,57564810,847e489b0b8c99c0edb33f2ccdff3608,92127264.0,1.0,8.5,f,8.7,0.0,APROVADO
509441,57564810,847e489b0b8c99c0edb33f2ccdff3608,92127264.0,2.0,9.69999981,f,8.7,0.0,APROVADO
509442,57564810,847e489b0b8c99c0edb33f2ccdff3608,92127264.0,3.0,8.0,f,8.7,0.0,APROVADO
509443,57564810,507b78920cea669978080e478577ae3a,92127264.0,1.0,8.0,f,7.4,2.0,APROVADO
509444,57564810,507b78920cea669978080e478577ae3a,92127264.0,2.0,5.30000019,f,7.4,2.0,APROVADO
509445,57564810,507b78920cea669978080e478577ae3a,92127264.0,3.0,9.0,f,7.4,2.0,APROVADO
509446,57564810,8cc613a1edbaeb06e2787b81d2280b14,92127264.0,1.0,6.0,f,6.7,14.0,APROVADO POR NOTA
509447,57564810,8cc613a1edbaeb06e2787b81d2280b14,92127264.0,2.0,6.0,f,6.7,14.0,APROVADO POR NOTA
509448,57564810,8cc613a1edbaeb06e2787b81d2280b14,92127264.0,3.0,8.0,f,6.7,14.0,APROVADO POR NOTA
509449,57564810,3b30d3da12ab2aac03ba0858e6c0dc02,92127264.0,1.0,6.5,f,6.3,14.0,APROVADO POR NOTA
509450,57564810,3b30d3da12ab2aac03ba0858e6c0dc02,92127264.0,2.0,4.30000019,f,6.3,14.0,APROVADO POR NOTA
509451,57564810,3b30d3da12ab2aac03ba0858e6c0dc02,92127264.0,3.0,8.0,f,6.3,14.0,APROVADO POR NOTA
509463,57564810,841a4b19383a7b15a267e8f02035e7bc,92127264.0,1.0,5.5,f,1.8,17.0,REPROVADO
509464,57564810,841a4b19383a7b15a267e8f02035e7bc,92127264.0,2.0,0.0,f,1.8,17.0,REPROVADO
509465,57564810,841a4b19383a7b15a267e8f02035e7bc,92127264.0,3.0,0.0,f,1.8,17.0,REPROVADO
509466,57564810,159926c5f19d6b9565385e9e16d6f438,92127264.0,1.0,8.5,f,8.5,6.0,APROVADO
509467,57564810,159926c5f19d6b9565385e9e16d6f438,92127264.0,2.0,7.900000099999999,f,8.5,6.0,APROVADO
509468,57564810,159926c5f19d6b9565385e9e16d6f438,92127264.0,3.0,9.0,f,8.5,6.0,APROVADO
509469,57564810,e53b28b055415073c4fcf1fdaac1e675,92127264.0,1.0,6.5,f,7.1,4.0,APROVADO
509470,57564810,e53b28b055415073c4fcf1fdaac1e675,92127264.0,2.0,6.80000019,f,7.1,4.0,APROVADO
509471,57564810,e53b28b055415073c4fcf1fdaac1e675,92127264.0,3.0,8.0,f,7.1,4.0,APROVADO
509472,57564810,2e8fbcbafb4985ec387775a0466a76cd,92127264.0,1.0,6.0,f,2.2,6.0,REPROVADO
509473,57564810,2e8fbcbafb4985ec387775a0466a76cd,92127264.0,2.0,0.699999988,f,2.2,6.0,REPROVADO
509474,57564810,2e8fbcbafb4985ec387775a0466a76cd,92127264.0,3.0,0.0,f,2.2,6.0,REPROVADO
509475,57564810,52575c6e0954fa8ff0b0eccdd54e56fc,92127264.0,1.0,9.5,f,5.7,14.0,APROVADO POR NOTA
509476,57564810,52575c6e0954fa8ff0b0eccdd54e56fc,92127264.0,2.0,3.70000005,f,5.7,14.0,APROVADO POR NOTA
509477,57564810,52575c6e0954fa8ff0b0eccdd54e56fc,92127264.0,3.0,0.0,t,5.7,14.0,APROVADO POR NOTA
509478,57564810,9c54c4867526272627c2a33d79edf449,92127264.0,1.0,0.0,f,0.0,50.0,REPROVADO POR MÉDIA E POR FALTAS
509479,57564810,9c54c4867526272627c2a33d79edf449,92127264.0,2.0,0.0,f,0.0,50.0,REPROVADO POR MÉDIA E POR FALTAS
509480,57564810,9c54c4867526272627c2a33d79edf449,92127264.0,3.0,0.0,f,0.0,50.0,REPROVADO POR MÉDIA E POR FALTAS
509481,57564810,10e449bd1f9b4f668d87b03921b9acad,92127264.0,1.0,8.30000019,f,7.9,5.0,APROVADO
509482,57564810,10e449bd1f9b4f668d87b03921b9acad,92127264.0,2.0,6.4000001,f,7.9,5.0,APROVADO
509483,57564810,10e449bd1f9b4f668d87b03921b9acad,92127264.0,3.0,9.0,f,7.9,5.0,APROVADO
509484,57564810,a94a4705a3a0c2eb89e2897c6e76cf74,92127264.0,1.0,7.5,f,7.3,3.0,APROVADO
509485,57564810,a94a4705a3a0c2eb89e2897c6e76cf74,92127264.0,2.0,6.5,f,7.3,3.0,APROVADO
509486,57564810,a94a4705a3a0c2eb89e2897c6e76cf74,92127264.0,3.0,8.0,f,7.3,3.0,APROVADO
509890,57567209,e793aa9d2b00b6830ee02eeb41f24dc2,92127264.0,1.0,9.5,f,9.2,3.0,APROVADO
509891,57567209,e793aa9d2b00b6830ee02eeb41f24dc2,92127264.0,2.0,9.5,f,9.2,3.0,APROVADO
509892,57567209,e793aa9d2b00b6830ee02eeb41f24dc2,92127264.0,3.0,8.5,f,9.2,3.0,APROVADO
516009,57562647,3ddb9c081afb4b8812c882120a42f807,92127264.0,1.0,0.0,f,0.0,0.0,REPROVADO
516010,57562647,3ddb9c081afb4b8812c882120a42f807,92127264.0,2.0,0.0,f,0.0,0.0,REPROVADO
516011,57562647,3ddb9c081afb4b8812c882120a42f807,92127264.0,3.0,0.0,f,0.0,0.0,REPROVADO
518646,57564865,0b94a8805eba989f442796ed60e1899b,92127264.0,1.0,5.80000019,f,7.3,12.0,APROVADO
518647,57564865,0b94a8805eba989f442796ed60e1899b,92127264.0,2.0,6.0999999,f,7.3,12.0,APROVADO
518648,57564865,0b94a8805eba989f442796ed60e1899b,92127264.0,3.0,10.0,f,7.3,12.0,APROVADO
518649,57564865,ec63873c3581433d75701a854ead2a46,92127264.0,1.0,4.30000019,f,5.4,4.0,APROVADO POR NOTA
518650,57564865,ec63873c3581433d75701a854ead2a46,92127264.0,2.0,5.9000001,f,5.4,4.0,APROVADO POR NOTA
518651,57564865,ec63873c3581433d75701a854ead2a46,92127264.0,3.0,6.0,f,5.4,4.0,APROVADO POR NOTA
518655,57564865,c7ca8f11be2854934d2ba04f1724cdbe,92127264.0,1.0,5.5,f,6.0,8.0,APROVADO POR NOTA
518656,57564865,c7ca8f11be2854934d2ba04f1724cdbe,92127264.0,2.0,6.5,f,6.0,8.0,APROVADO POR NOTA
518657,57564865,c7ca8f11be2854934d2ba04f1724cdbe,92127264.0,3.0,6.0,f,6.0,8.0,APROVADO POR NOTA
518659,57564865,bb08f985540d1d45c21123066e5203e3,92127264.0,1.0,4.5,f,6.1,2.0,APROVADO POR NOTA
518660,57564865,bb08f985540d1d45c21123066e5203e3,92127264.0,2.0,3.9000001,f,6.1,2.0,APROVADO POR NOTA
518661,57564865,bb08f985540d1d45c21123066e5203e3,92127264.0,3.0,10.0,f,6.1,2.0,APROVADO POR NOTA
518663,57564865,02880697d64d493a3c0651f1b71d0220,92127264.0,0,0,0,0,0,TRANCADO
518667,57564865,c2ff293de9a8f3ce1817a667fe700f64,92127264.0,1.0,0.5,f,0.2,14.0,REPROVADO
518668,57564865,c2ff293de9a8f3ce1817a667fe700f64,92127264.0,2.0,0.0,f,0.2,14.0,REPROVADO
518669,57564865,c2ff293de9a8f3ce1817a667fe700f64,92127264.0,3.0,0.0,f,0.2,14.0,REPROVADO
518675,57564865,50676f5bca0d76c5dd30fae43b86ba37,92127264.0,1.0,0.0,f,0.8,18.0,REPROVADO
518676,57564865,50676f5bca0d76c5dd30fae43b86ba37,92127264.0,2.0,2.5,f,0.8,18.0,REPROVADO
518677,57564865,50676f5bca0d76c5dd30fae43b86ba37,92127264.0,3.0,0.0,f,0.8,18.0,REPROVADO
518678,57564865,30eb9f908ea148ac43488d446fe4a837,92127264.0,1.0,5.80000019,f,7.1,2.0,APROVADO
518679,57564865,30eb9f908ea148ac43488d446fe4a837,92127264.0,2.0,9.10000038,f,7.1,2.0,APROVADO
518680,57564865,30eb9f908ea148ac43488d446fe4a837,92127264.0,3.0,6.5,f,7.1,2.0,APROVADO
518681,57564865,c4ecfa54d2066d83df1a9e8bacf6113b,92127264.0,1.0,5.0,f,6.7,14.0,APROVADO POR NOTA
518682,57564865,c4ecfa54d2066d83df1a9e8bacf6113b,92127264.0,2.0,5.0999999,f,6.7,14.0,APROVADO POR NOTA
518683,57564865,c4ecfa54d2066d83df1a9e8bacf6113b,92127264.0,3.0,10.0,f,6.7,14.0,APROVADO POR NOTA
518685,57564865,bda163d2e9a749dea2cc351e36cd5eba,92127264.0,1.0,0.0,f,0.0,24.0,REPROVADO POR MÉDIA E POR FALTAS
518686,57564865,bda163d2e9a749dea2cc351e36cd5eba,92127264.0,2.0,0.0,f,0.0,24.0,REPROVADO POR MÉDIA E POR FALTAS
518687,57564865,bda163d2e9a749dea2cc351e36cd5eba,92127264.0,3.0,0.0,f,0.0,24.0,REPROVADO POR MÉDIA E POR FALTAS
518689,57564865,9632d5f4aa708c6f65db3e91b1e66b3a,92127264.0,3.0,0.0,f,3.3,0.0,REPROVADO
518690,57564865,9632d5f4aa708c6f65db3e91b1e66b3a,92127264.0,1.0,6.5,f,3.3,0.0,REPROVADO
518691,57564865,9632d5f4aa708c6f65db3e91b1e66b3a,92127264.0,2.0,3.5,f,3.3,0.0,REPROVADO
518695,57564865,98dce2e1b2e4e013058b68ec163eb46f,92127264.0,1.0,0.0,f,0.0,26.0,REPROVADO POR MÉDIA E POR FALTAS
518696,57564865,98dce2e1b2e4e013058b68ec163eb46f,92127264.0,2.0,0.0,f,0.0,26.0,REPROVADO POR MÉDIA E POR FALTAS
518697,57564865,98dce2e1b2e4e013058b68ec163eb46f,92127264.0,3.0,0.0,f,0.0,26.0,REPROVADO POR MÉDIA E POR FALTAS
518698,57564865,7be1f85421dde6f505923c856e10700e,92127264.0,1.0,1.0,f,2.5,8.0,REPROVADO
518699,57564865,7be1f85421dde6f505923c856e10700e,92127264.0,2.0,6.4000001,f,2.5,8.0,REPROVADO
518700,57564865,7be1f85421dde6f505923c856e10700e,92127264.0,3.0,0.0,f,2.5,8.0,REPROVADO
518701,57564865,b49b8b207a2d4bf9b21a01b73a0cdb29,92127264.0,0,0,0,0,0,TRANCADO
518704,57564865,a49b60d45d706c0e7a01c85e0fe3854e,92127264.0,1.0,3.0,f,5.1,12.0,APROVADO POR NOTA
518705,57564865,a49b60d45d706c0e7a01c85e0fe3854e,92127264.0,2.0,4.19999981,f,5.1,12.0,APROVADO POR NOTA
518706,57564865,a49b60d45d706c0e7a01c85e0fe3854e,92127264.0,3.0,8.0,f,5.1,12.0,APROVADO POR NOTA
518707,57564865,065818a33218bef3c9b486b384a62107,92127264.0,0,0,0,0,0,TRANCADO
518711,57564865,990a6d5b8c374d5302e2716f022cf495,92127264.0,1.0,0.5,f,0.2,12.0,REPROVADO
518712,57564865,990a6d5b8c374d5302e2716f022cf495,92127264.0,2.0,0.0,f,0.2,12.0,REPROVADO
518713,57564865,990a6d5b8c374d5302e2716f022cf495,92127264.0,3.0,0.0,f,0.2,12.0,REPROVADO
518715,57564865,46fcfa469134e1d7294e54ec241ce9b2,92127264.0,1.0,2.79999995,f,0.9,18.0,REPROVADO
518716,57564865,46fcfa469134e1d7294e54ec241ce9b2,92127264.0,2.0,0.0,f,0.9,18.0,REPROVADO
518717,57564865,46fcfa469134e1d7294e54ec241ce9b2,92127264.0,3.0,0.0,f,0.9,18.0,REPROVADO
518718,57564865,52e567da9dc48df1c9c4cca1d3857a71,92127264.0,1.0,5.5,f,5.4,0.0,APROVADO POR NOTA
518719,57564865,52e567da9dc48df1c9c4cca1d3857a71,92127264.0,2.0,6.19999981,f,5.4,0.0,APROVADO POR NOTA
518720,57564865,52e567da9dc48df1c9c4cca1d3857a71,92127264.0,3.0,0.0,t,5.4,0.0,APROVADO POR NOTA
518721,57564865,b7526a03c4edcc77987629a48ac76b64,92127264.0,1.0,3.29999995,f,3.6,0.0,REPROVADO
518722,57564865,b7526a03c4edcc77987629a48ac76b64,92127264.0,2.0,4.4000001,f,3.6,0.0,REPROVADO
518723,57564865,b7526a03c4edcc77987629a48ac76b64,92127264.0,3.0,1.5,t,3.6,0.0,REPROVADO
518724,57564865,6f3c5a2a8b8ce220b7fd4ec4769479d0,92127264.0,1.0,10.0,f,9.7,8.0,APROVADO
518725,57564865,6f3c5a2a8b8ce220b7fd4ec4769479d0,92127264.0,2.0,9.19999981,f,9.7,8.0,APROVADO
518726,57564865,6f3c5a2a8b8ce220b7fd4ec4769479d0,92127264.0,3.0,10.0,f,9.7,8.0,APROVADO
518729,57564865,430325976024d5d1ef77afdcfaab016a,92127264.0,1.0,4.0,f,5.6,0.0,APROVADO POR NOTA
518730,57564865,430325976024d5d1ef77afdcfaab016a,92127264.0,2.0,6.69999981,f,5.6,0.0,APROVADO POR NOTA
518731,57564865,430325976024d5d1ef77afdcfaab016a,92127264.0,3.0,6.0,f,5.6,0.0,APROVADO POR NOTA
518732,57564864,c7f78ef4d6e39ad93441209267801600,92127264.0,1.0,7.0,f,5.3,10.0,APROVADO POR NOTA
518733,57564864,c7f78ef4d6e39ad93441209267801600,92127264.0,2.0,4.5,f,5.3,10.0,APROVADO POR NOTA
518734,57564864,c7f78ef4d6e39ad93441209267801600,92127264.0,3.0,4.5,f,5.3,10.0,APROVADO POR NOTA
518735,57564864,b419813a078aae20633c5585127ede87,92127264.0,1.0,5.5,f,5.4,14.0,APROVADO POR NOTA
518736,57564864,b419813a078aae20633c5585127ede87,92127264.0,2.0,5.69999981,f,5.4,14.0,APROVADO POR NOTA
518737,57564864,b419813a078aae20633c5585127ede87,92127264.0,3.0,5.0,f,5.4,14.0,APROVADO POR NOTA
518738,57564864,30eb9f908ea148ac43488d446fe4a837,92127264.0,1.0,5.0,f,5.7,2.0,APROVADO POR NOTA
518739,57564864,30eb9f908ea148ac43488d446fe4a837,92127264.0,2.0,5.0,f,5.7,2.0,APROVADO POR NOTA
518740,57564864,30eb9f908ea148ac43488d446fe4a837,92127264.0,3.0,7.0,f,5.7,2.0,APROVADO POR NOTA
518741,57564864,02880697d64d493a3c0651f1b71d0220,92127264.0,1.0,0,f,0,0.0,TRANCADO
518742,57564864,02880697d64d493a3c0651f1b71d0220,92127264.0,2.0,0,f,0,0.0,TRANCADO
518743,57564864,02880697d64d493a3c0651f1b71d0220,92127264.0,3.0,0,f,0,0.0,TRANCADO
518745,57564864,c4ecfa54d2066d83df1a9e8bacf6113b,92127264.0,1.0,3.5,f,5.5,22.0,APROVADO POR NOTA
518746,57564864,c4ecfa54d2066d83df1a9e8bacf6113b,92127264.0,2.0,3.0,f,5.5,22.0,APROVADO POR NOTA
518747,57564864,c4ecfa54d2066d83df1a9e8bacf6113b,92127264.0,3.0,10.0,f,5.5,22.0,APROVADO POR NOTA
518748,57564864,46fcfa469134e1d7294e54ec241ce9b2,92127264.0,1.0,1.0,f,0.3,26.0,REPROVADO POR MÉDIA E POR FALTAS
518749,57564864,46fcfa469134e1d7294e54ec241ce9b2,92127264.0,2.0,0.0,f,0.3,26.0,REPROVADO POR MÉDIA E POR FALTAS
518750,57564864,46fcfa469134e1d7294e54ec241ce9b2,92127264.0,3.0,0.0,f,0.3,26.0,REPROVADO POR MÉDIA E POR FALTAS
518753,57564864,2dc7a467ad56c5907b742dcf36014a7d,92127264.0,1.0,0.0,f,0.0,40.0,REPROVADO POR MÉDIA E POR FALTAS
518754,57564864,2dc7a467ad56c5907b742dcf36014a7d,92127264.0,2.0,0.0,f,0.0,40.0,REPROVADO POR MÉDIA E POR FALTAS
518755,57564864,2dc7a467ad56c5907b742dcf36014a7d,92127264.0,3.0,0.0,f,0.0,40.0,REPROVADO POR MÉDIA E POR FALTAS
518763,57564864,bda163d2e9a749dea2cc351e36cd5eba,92127264.0,1.0,0.0,f,0.0,32.0,REPROVADO POR MÉDIA E POR FALTAS
518764,57564864,bda163d2e9a749dea2cc351e36cd5eba,92127264.0,2.0,0.0,f,0.0,32.0,REPROVADO POR MÉDIA E POR FALTAS
518765,57564864,bda163d2e9a749dea2cc351e36cd5eba,92127264.0,3.0,0.0,f,0.0,32.0,REPROVADO POR MÉDIA E POR FALTAS
518766,57564864,aeee701ac738fecb98159eefef6d6638,92127264.0,1.0,6.5,f,5.2,0.0,APROVADO POR NOTA
518767,57564864,aeee701ac738fecb98159eefef6d6638,92127264.0,2.0,1.0,t,5.2,0.0,APROVADO POR NOTA
518768,57564864,aeee701ac738fecb98159eefef6d6638,92127264.0,3.0,6.0,f,5.2,0.0,APROVADO POR NOTA
518774,57564864,28685e2715ef5bd4ccd928220187c670,92127264.0,1.0,5.5,f,5.0,0.0,APROVADO POR NOTA
518775,57564864,28685e2715ef5bd4ccd928220187c670,92127264.0,2.0,1.0,t,5.0,0.0,APROVADO POR NOTA
518776,57564864,28685e2715ef5bd4ccd928220187c670,92127264.0,3.0,4.5,f,5.0,0.0,APROVADO POR NOTA
518983,57565224,a9d3d9e221caf3b0839aca61fb8ca41b,92127264.0,1.0,5.0999999,f,6.0,52.0,APROVADO POR NOTA
518984,57565224,a9d3d9e221caf3b0839aca61fb8ca41b,92127264.0,2.0,6.599999900000001,f,6.0,52.0,APROVADO POR NOTA
518985,57565224,a9d3d9e221caf3b0839aca61fb8ca41b,92127264.0,3.0,6.30000019,f,6.0,52.0,APROVADO POR NOTA
518987,57565224,29c131e1fa5dc358c33cf9868d079ca1,92127264.0,1.0,3.70000005,f,5.2,26.0,APROVADO POR NOTA
518988,57565224,29c131e1fa5dc358c33cf9868d079ca1,92127264.0,2.0,4.5,f,5.2,26.0,APROVADO POR NOTA
518989,57565224,29c131e1fa5dc358c33cf9868d079ca1,92127264.0,3.0,7.5,f,5.2,26.0,APROVADO POR NOTA
518990,57565224,49e244d659ef8254b2a6015b3b15936e,92127264.0,1.0,10.0,f,8.9,36.0,APROVADO
518991,57565224,49e244d659ef8254b2a6015b3b15936e,92127264.0,2.0,8.80000019,f,8.9,36.0,APROVADO
518992,57565224,49e244d659ef8254b2a6015b3b15936e,92127264.0,3.0,8.0,f,8.9,36.0,APROVADO
518993,57565224,35a41fdcd22b22af9e0ac8a565a8246a,92127264.0,1.0,5.69999981,f,5.1,4.0,APROVADO POR NOTA
518994,57565224,35a41fdcd22b22af9e0ac8a565a8246a,92127264.0,2.0,4.5,f,5.1,4.0,APROVADO POR NOTA
518995,57565224,35a41fdcd22b22af9e0ac8a565a8246a,92127264.0,3.0,5.0,f,5.1,4.0,APROVADO POR NOTA
518996,57565224,38daca88c4babca4ae3ff8940e06c32a,92127264.0,1.0,6.0,f,6.2,8.0,APROVADO POR NOTA
518997,57565224,38daca88c4babca4ae3ff8940e06c32a,92127264.0,2.0,5.5,f,6.2,8.0,APROVADO POR NOTA
518998,57565224,38daca88c4babca4ae3ff8940e06c32a,92127264.0,3.0,7.0,f,6.2,8.0,APROVADO POR NOTA
518999,57565224,50676f5bca0d76c5dd30fae43b86ba37,92127264.0,1.0,1.29999995,f,0.4,124.0,REPROVADO POR MÉDIA E POR FALTAS
519000,57565224,50676f5bca0d76c5dd30fae43b86ba37,92127264.0,2.0,0.0,f,0.4,124.0,REPROVADO POR MÉDIA E POR FALTAS
519001,57565224,50676f5bca0d76c5dd30fae43b86ba37,92127264.0,3.0,0.0,f,0.4,124.0,REPROVADO POR MÉDIA E POR FALTAS
519003,57565224,0ffb4aa94f1a28fe82aaea216f863b44,92127264.0,1.0,1.39999998,f,0.5,178.0,REPROVADO POR MÉDIA E POR FALTAS
519004,57565224,0ffb4aa94f1a28fe82aaea216f863b44,92127264.0,2.0,0.0,f,0.5,178.0,REPROVADO POR MÉDIA E POR FALTAS
519005,57565224,0ffb4aa94f1a28fe82aaea216f863b44,92127264.0,3.0,0.0,f,0.5,178.0,REPROVADO POR MÉDIA E POR FALTAS
519006,57565224,199cf0f9e05b80779b441b5b98a5e7d3,92127264.0,1.0,0.0,f,0.0,206.0,REPROVADO POR MÉDIA E POR FALTAS
519007,57565224,199cf0f9e05b80779b441b5b98a5e7d3,92127264.0,2.0,0.0,f,0.0,206.0,REPROVADO POR MÉDIA E POR FALTAS
519008,57565224,199cf0f9e05b80779b441b5b98a5e7d3,92127264.0,3.0,0.0,f,0.0,206.0,REPROVADO POR MÉDIA E POR FALTAS
519013,57565224,065818a33218bef3c9b486b384a62107,92127264.0,1.0,2.5999999,f,0,0.0,TRANCADO
519014,57565224,065818a33218bef3c9b486b384a62107,92127264.0,2.0,0,f,0,0.0,TRANCADO
519015,57565224,065818a33218bef3c9b486b384a62107,92127264.0,3.0,0,f,0,0.0,TRANCADO
519016,57565224,882b1f91339374b8c05d0dde314844bb,92127264.0,1.0,10.0,f,8.4,32.0,APROVADO
519017,57565224,882b1f91339374b8c05d0dde314844bb,92127264.0,2.0,7.5,f,8.4,32.0,APROVADO
519018,57565224,882b1f91339374b8c05d0dde314844bb,92127264.0,3.0,7.80000019,f,8.4,32.0,APROVADO
519019,57565224,db5f6b6f8de71c14f9eac4b391749d64,92127264.0,1.0,5.9000001,f,7.2,44.0,APROVADO
519020,57565224,db5f6b6f8de71c14f9eac4b391749d64,92127264.0,2.0,6.80000019,f,7.2,44.0,APROVADO
519021,57565224,db5f6b6f8de71c14f9eac4b391749d64,92127264.0,3.0,9.0,f,7.2,44.0,APROVADO
519022,57565224,daee292530a6b180685cd6cfd22c6496,92127264.0,1.0,3.5,f,3.7,24.0,REPROVADO
519023,57565224,daee292530a6b180685cd6cfd22c6496,92127264.0,2.0,2.29999995,f,3.7,24.0,REPROVADO
519024,57565224,daee292530a6b180685cd6cfd22c6496,92127264.0,3.0,5.30000019,f,3.7,24.0,REPROVADO
519025,57565224,a9d3d9e221caf3b0839aca61fb8ca41b,92127264.0,1.0,5.0999999,f,6.0,52.0,APROVADO POR NOTA
519026,57565224,a9d3d9e221caf3b0839aca61fb8ca41b,92127264.0,2.0,6.599999900000001,f,6.0,52.0,APROVADO POR NOTA
519027,57565224,a9d3d9e221caf3b0839aca61fb8ca41b,92127264.0,3.0,6.30000019,f,6.0,52.0,APROVADO POR NOTA
519029,57565224,29c131e1fa5dc358c33cf9868d079ca1,92127264.0,1.0,3.70000005,f,5.2,26.0,APROVADO POR NOTA
519030,57565224,29c131e1fa5dc358c33cf9868d079ca1,92127264.0,2.0,4.5,f,5.2,26.0,APROVADO POR NOTA
519031,57565224,29c131e1fa5dc358c33cf9868d079ca1,92127264.0,3.0,7.5,f,5.2,26.0,APROVADO POR NOTA
519032,57565224,49e244d659ef8254b2a6015b3b15936e,92127264.0,1.0,10.0,f,8.9,36.0,APROVADO
519033,57565224,49e244d659ef8254b2a6015b3b15936e,92127264.0,2.0,8.80000019,f,8.9,36.0,APROVADO
519034,57565224,49e244d659ef8254b2a6015b3b15936e,92127264.0,3.0,8.0,f,8.9,36.0,APROVADO
519035,57565224,35a41fdcd22b22af9e0ac8a565a8246a,92127264.0,1.0,5.69999981,f,5.1,4.0,APROVADO POR NOTA
519036,57565224,35a41fdcd22b22af9e0ac8a565a8246a,92127264.0,2.0,4.5,f,5.1,4.0,APROVADO POR NOTA
519037,57565224,35a41fdcd22b22af9e0ac8a565a8246a,92127264.0,3.0,5.0,f,5.1,4.0,APROVADO POR NOTA
519038,57565224,38daca88c4babca4ae3ff8940e06c32a,92127264.0,1.0,6.0,f,6.2,8.0,APROVADO POR NOTA
519039,57565224,38daca88c4babca4ae3ff8940e06c32a,92127264.0,2.0,5.5,f,6.2,8.0,APROVADO POR NOTA
519040,57565224,38daca88c4babca4ae3ff8940e06c32a,92127264.0,3.0,7.0,f,6.2,8.0,APROVADO POR NOTA
519041,57565224,50676f5bca0d76c5dd30fae43b86ba37,92127264.0,1.0,1.29999995,f,0.4,124.0,REPROVADO POR MÉDIA E POR FALTAS
519042,57565224,50676f5bca0d76c5dd30fae43b86ba37,92127264.0,2.0,0.0,f,0.4,124.0,REPROVADO POR MÉDIA E POR FALTAS
519043,57565224,50676f5bca0d76c5dd30fae43b86ba37,92127264.0,3.0,0.0,f,0.4,124.0,REPROVADO POR MÉDIA E POR FALTAS
519045,57565224,0ffb4aa94f1a28fe82aaea216f863b44,92127264.0,1.0,1.39999998,f,0.5,178.0,REPROVADO POR MÉDIA E POR FALTAS
519046,57565224,0ffb4aa94f1a28fe82aaea216f863b44,92127264.0,2.0,0.0,f,0.5,178.0,REPROVADO POR MÉDIA E POR FALTAS
519047,57565224,0ffb4aa94f1a28fe82aaea216f863b44,92127264.0,3.0,0.0,f,0.5,178.0,REPROVADO POR MÉDIA E POR FALTAS
519048,57565224,199cf0f9e05b80779b441b5b98a5e7d3,92127264.0,1.0,0.0,f,0.0,206.0,REPROVADO POR MÉDIA E POR FALTAS
519049,57565224,199cf0f9e05b80779b441b5b98a5e7d3,92127264.0,2.0,0.0,f,0.0,206.0,REPROVADO POR MÉDIA E POR FALTAS
519050,57565224,199cf0f9e05b80779b441b5b98a5e7d3,92127264.0,3.0,0.0,f,0.0,206.0,REPROVADO POR MÉDIA E POR FALTAS
519055,57565224,065818a33218bef3c9b486b384a62107,92127264.0,1.0,2.5999999,f,0,0.0,TRANCADO
519056,57565224,065818a33218bef3c9b486b384a62107,92127264.0,2.0,0,f,0,0.0,TRANCADO
519057,57565224,065818a33218bef3c9b486b384a62107,92127264.0,3.0,0,f,0,0.0,TRANCADO
519058,57565224,882b1f91339374b8c05d0dde314844bb,92127264.0,1.0,10.0,f,8.4,32.0,APROVADO
519059,57565224,882b1f91339374b8c05d0dde314844bb,92127264.0,2.0,7.5,f,8.4,32.0,APROVADO
519060,57565224,882b1f91339374b8c05d0dde314844bb,92127264.0,3.0,7.80000019,f,8.4,32.0,APROVADO
519061,57565224,db5f6b6f8de71c14f9eac4b391749d64,92127264.0,1.0,5.9000001,f,7.2,44.0,APROVADO
519062,57565224,db5f6b6f8de71c14f9eac4b391749d64,92127264.0,2.0,6.80000019,f,7.2,44.0,APROVADO
519063,57565224,db5f6b6f8de71c14f9eac4b391749d64,92127264.0,3.0,9.0,f,7.2,44.0,APROVADO
519064,57565224,daee292530a6b180685cd6cfd22c6496,92127264.0,1.0,3.5,f,3.7,24.0,REPROVADO
519065,57565224,daee292530a6b180685cd6cfd22c6496,92127264.0,2.0,2.29999995,f,3.7,24.0,REPROVADO
519066,57565224,daee292530a6b180685cd6cfd22c6496,92127264.0,3.0,5.30000019,f,3.7,24.0,REPROVADO
519461,57567456,8cf52a04b4b12e332f8a54264a52ba53,92127264.0,1.0,0.0,f,1.3,34.0,REPROVADO POR MÉDIA E POR FALTAS
519462,57567456,8cf52a04b4b12e332f8a54264a52ba53,92127264.0,2.0,4.0,f,1.3,34.0,REPROVADO POR MÉDIA E POR FALTAS
519463,57567456,8cf52a04b4b12e332f8a54264a52ba53,92127264.0,3.0,0.0,f,1.3,34.0,REPROVADO POR MÉDIA E POR FALTAS
519554,57564848,9e23bf7be54e62a27cd40e83a4b8e854,92127264.0,1.0,8.69999981,f,7.7,2.0,APROVADO
519555,57564848,9e23bf7be54e62a27cd40e83a4b8e854,92127264.0,2.0,6.80000019,f,7.7,2.0,APROVADO
519556,57564848,9e23bf7be54e62a27cd40e83a4b8e854,92127264.0,3.0,7.69999981,f,7.7,2.0,APROVADO
519557,57564848,b6cc911edff95b0ec029e398a63b3bd5,92127264.0,1.0,9.39999962,f,8.6,4.0,APROVADO
519558,57564848,b6cc911edff95b0ec029e398a63b3bd5,92127264.0,2.0,8.19999981,f,8.6,4.0,APROVADO
519559,57564848,b6cc911edff95b0ec029e398a63b3bd5,92127264.0,3.0,8.30000019,f,8.6,4.0,APROVADO
519560,57564848,a0a89fb407d12afefeb585fbd0232e80,92127264.0,1.0,8.5,f,8.3,10.0,APROVADO
519561,57564848,a0a89fb407d12afefeb585fbd0232e80,92127264.0,2.0,7.099999900000001,f,8.3,10.0,APROVADO
519562,57564848,a0a89fb407d12afefeb585fbd0232e80,92127264.0,3.0,9.19999981,f,8.3,10.0,APROVADO
519563,57564848,738ebc6d7bd6c58acd2364c0c262e500,92127264.0,1.0,8.69999981,f,8.6,8.0,APROVADO
519564,57564848,738ebc6d7bd6c58acd2364c0c262e500,92127264.0,2.0,8.19999981,f,8.6,8.0,APROVADO
519565,57564848,738ebc6d7bd6c58acd2364c0c262e500,92127264.0,3.0,9.0,f,8.6,8.0,APROVADO
519566,57564848,8686cb9f0defc9fec6c7bf5fed40bda4,92127264.0,1.0,7.69999981,f,7.7,8.0,APROVADO
519567,57564848,8686cb9f0defc9fec6c7bf5fed40bda4,92127264.0,2.0,8.30000019,f,7.7,8.0,APROVADO
519568,57564848,8686cb9f0defc9fec6c7bf5fed40bda4,92127264.0,3.0,7.099999900000001,f,7.7,8.0,APROVADO
519569,57564848,4ca2aab5bc166799ef07328772683e6d,92127264.0,1.0,8.69999981,f,7.3,2.0,APROVADO
519570,57564848,4ca2aab5bc166799ef07328772683e6d,92127264.0,2.0,5.19999981,f,7.3,2.0,APROVADO
519571,57564848,4ca2aab5bc166799ef07328772683e6d,92127264.0,3.0,7.900000099999999,f,7.3,2.0,APROVADO
519572,57564848,f47ace7fbb22012f488f24b9a2593db9,92127264.0,1.0,3.9000001,f,5.5,12.0,APROVADO POR NOTA
519573,57564848,f47ace7fbb22012f488f24b9a2593db9,92127264.0,2.0,5.5,f,5.5,12.0,APROVADO POR NOTA
519574,57564848,f47ace7fbb22012f488f24b9a2593db9,92127264.0,3.0,7.0,f,5.5,12.0,APROVADO POR NOTA
519575,57564848,a7aeb59e1b92828f2ec3bd5cb467ff1f,92127264.0,1.0,8.30000019,f,7.5,6.0,APROVADO
519576,57564848,a7aeb59e1b92828f2ec3bd5cb467ff1f,92127264.0,2.0,7.30000019,f,7.5,6.0,APROVADO
519577,57564848,a7aeb59e1b92828f2ec3bd5cb467ff1f,92127264.0,3.0,6.900000099999999,f,7.5,6.0,APROVADO
519578,57564848,d74b3e9757144bbf51198784155a6ade,92127264.0,1.0,7.900000099999999,f,8.6,2.0,APROVADO
519579,57564848,d74b3e9757144bbf51198784155a6ade,92127264.0,2.0,9.19999981,f,8.6,2.0,APROVADO
519580,57564848,d74b3e9757144bbf51198784155a6ade,92127264.0,3.0,8.69999981,f,8.6,2.0,APROVADO
519581,57564848,09c576ebed33d3a813eabe6d34f29efc,92127264.0,1.0,8.80000019,f,8.3,4.0,APROVADO
519582,57564848,09c576ebed33d3a813eabe6d34f29efc,92127264.0,2.0,7.5,f,8.3,4.0,APROVADO
519583,57564848,09c576ebed33d3a813eabe6d34f29efc,92127264.0,3.0,8.5,f,8.3,4.0,APROVADO
519584,57564848,520429428d98dac9b5c94168677d77bd,92127264.0,1.0,8.19999981,f,7.4,5.0,APROVADO
519585,57564848,520429428d98dac9b5c94168677d77bd,92127264.0,2.0,6.19999981,f,7.4,5.0,APROVADO
519586,57564848,520429428d98dac9b5c94168677d77bd,92127264.0,3.0,7.900000099999999,f,7.4,5.0,APROVADO
519587,57564848,b0d6eae7ca3a052474157988f5874bbc,92127264.0,2.0,4.5999999,f,6.0,18.0,APROVADO POR NOTA
519588,57564848,b0d6eae7ca3a052474157988f5874bbc,92127264.0,3.0,5.80000019,f,6.0,18.0,APROVADO POR NOTA
519589,57564848,b0d6eae7ca3a052474157988f5874bbc,92127264.0,1.0,7.69999981,f,6.0,18.0,APROVADO POR NOTA
519593,57564848,515f232c90b19e1014be58aeb8b56266,92127264.0,1.0,6.599999900000001,f,6.4,10.0,APROVADO POR NOTA
519594,57564848,515f232c90b19e1014be58aeb8b56266,92127264.0,2.0,6.0,f,6.4,10.0,APROVADO POR NOTA
519595,57564848,515f232c90b19e1014be58aeb8b56266,92127264.0,3.0,6.5,f,6.4,10.0,APROVADO POR NOTA
519596,57564848,16bcf9f32c941fa63a6b0ae2cb03fdcf,92127264.0,1.0,8.39999962,f,8.1,10.0,APROVADO
519597,57564848,16bcf9f32c941fa63a6b0ae2cb03fdcf,92127264.0,2.0,7.599999900000001,f,8.1,10.0,APROVADO
519598,57564848,16bcf9f32c941fa63a6b0ae2cb03fdcf,92127264.0,3.0,8.30000019,f,8.1,10.0,APROVADO
519602,57564848,1286821dee33ad4c8c3048282848f6e5,92127264.0,1.0,7.69999981,f,6.4,2.0,APROVADO POR NOTA
519603,57564848,1286821dee33ad4c8c3048282848f6e5,92127264.0,2.0,5.69999981,f,6.4,2.0,APROVADO POR NOTA
519604,57564848,1286821dee33ad4c8c3048282848f6e5,92127264.0,3.0,5.80000019,f,6.4,2.0,APROVADO POR NOTA
519611,57564848,a0a597672742f11324d64601528a0257,92127264.0,1.0,8.19999981,f,7.0,12.0,APROVADO
519612,57564848,a0a597672742f11324d64601528a0257,92127264.0,2.0,7.19999981,f,7.0,12.0,APROVADO
519613,57564848,a0a597672742f11324d64601528a0257,92127264.0,3.0,5.5999999,f,7.0,12.0,APROVADO
519614,57564848,00451143ff85cced810a59ae7dcc61e6,92127264.0,1.0,8.80000019,f,5.5,17.0,REPROVADO POR NOTA
519615,57564848,00451143ff85cced810a59ae7dcc61e6,92127264.0,2.0,5.69999981,f,5.5,17.0,REPROVADO POR NOTA
519616,57564848,00451143ff85cced810a59ae7dcc61e6,92127264.0,3.0,1.79999995,t,5.5,17.0,REPROVADO POR NOTA
519617,57564848,e2110bf2897e3f51c6bdd0ff55607361,92127264.0,1.0,0.0,f,0.0,44.0,REPROVADO POR MÉDIA E POR FALTAS
519618,57564848,e2110bf2897e3f51c6bdd0ff55607361,92127264.0,2.0,0.0,f,0.0,44.0,REPROVADO POR MÉDIA E POR FALTAS
519619,57564848,e2110bf2897e3f51c6bdd0ff55607361,92127264.0,3.0,0.0,f,0.0,44.0,REPROVADO POR MÉDIA E POR FALTAS
524094,57566436,d8be9b11939c60ef800896b9f5dd29dd,92127264.0,1.0,9.5,f,8.3,0.0,APROVADO
524095,57566436,d8be9b11939c60ef800896b9f5dd29dd,92127264.0,2.0,9.5,f,8.3,0.0,APROVADO
524096,57566436,d8be9b11939c60ef800896b9f5dd29dd,92127264.0,3.0,6.0,f,8.3,0.0,APROVADO
533107,57563873,c3902a9ccfe7c9a5efa7ff9d43c296b1,92127264.0,1.0,5.69999981,f,5.6,0.0,APROVADO POR NOTA
533108,57563873,c3902a9ccfe7c9a5efa7ff9d43c296b1,92127264.0,2.0,7.5,f,5.6,0.0,APROVADO POR NOTA
533109,57563873,c3902a9ccfe7c9a5efa7ff9d43c296b1,92127264.0,3.0,3.70000005,f,5.6,0.0,APROVADO POR NOTA
533357,57565222,d3e0ce14a4c04f62b08b60df73fd7de1,92127264.0,1.0,2.5,t,5.0,41.0,APROVADO POR NOTA
533358,57565222,d3e0ce14a4c04f62b08b60df73fd7de1,92127264.0,2.0,4.099999899999999,f,5.0,41.0,APROVADO POR NOTA
533359,57565222,d3e0ce14a4c04f62b08b60df73fd7de1,92127264.0,3.0,5.5,f,5.0,41.0,APROVADO POR NOTA
565363,57563830,4b11fb51905da447d0cefc76ce4f5f94,92127264.0,0,0,0,0,0,TRANCADO
565440,57564879,c56988f88fee67b606647c582492ba07,92127264.0,0,0,0,0,0,DESISTENCIA
565696,57565226,29c131e1fa5dc358c33cf9868d079ca1,92127264.0,1.0,7.19999981,f,6.6,6.0,APROVADO POR NOTA
565697,57565226,29c131e1fa5dc358c33cf9868d079ca1,92127264.0,2.0,6.0,f,6.6,6.0,APROVADO POR NOTA
565698,57565226,d6c068dc1fa2742b5855a144bcc4f788,92127264.0,1.0,8.5,f,9.0,4.0,APROVADO
565699,57565226,d6c068dc1fa2742b5855a144bcc4f788,92127264.0,2.0,9.5,f,9.0,4.0,APROVADO
565700,57565226,49e244d659ef8254b2a6015b3b15936e,92127264.0,1.0,7.5,f,8.5,6.0,APROVADO
565701,57565226,49e244d659ef8254b2a6015b3b15936e,92127264.0,2.0,9.5,f,8.5,6.0,APROVADO
565702,57565226,35a41fdcd22b22af9e0ac8a565a8246a,92127264.0,1.0,6.80000019,f,6.4,4.0,APROVADO POR NOTA
565703,57565226,35a41fdcd22b22af9e0ac8a565a8246a,92127264.0,2.0,6.0,f,6.4,4.0,APROVADO POR NOTA
565704,57565226,eddf85f8de16759001056bee8d4bf32b,92127264.0,1.0,9.0,f,7.0,6.0,APROVADO
565705,57565226,eddf85f8de16759001056bee8d4bf32b,92127264.0,2.0,0.0,t,7.0,6.0,APROVADO
565706,57565226,daee292530a6b180685cd6cfd22c6496,92127264.0,1.0,6.69999981,f,5.9,2.0,APROVADO POR NOTA
565707,57565226,daee292530a6b180685cd6cfd22c6496,92127264.0,2.0,5.0,f,5.9,2.0,APROVADO POR NOTA
565712,57565226,eddf85f8de16759001056bee8d4bf32b,92127264.0,0,0,0,0,0,DESISTENCIA
565713,57565226,d876a255f2540137212a1df25b8c47bf,92127264.0,1.0,3.29999995,f,1.7,34.0,REPROVADO POR MÉDIA E POR FALTAS
565714,57565226,d876a255f2540137212a1df25b8c47bf,92127264.0,2.0,0.0,f,1.7,34.0,REPROVADO POR MÉDIA E POR FALTAS
565715,57565226,882b1f91339374b8c05d0dde314844bb,92127264.0,1.0,8.19999981,f,7.1,4.0,APROVADO
565716,57565226,882b1f91339374b8c05d0dde314844bb,92127264.0,2.0,6.0,f,7.1,4.0,APROVADO
565717,57565226,d3e0ce14a4c04f62b08b60df73fd7de1,92127264.0,1.0,7.30000019,f,8.7,2.0,APROVADO
565718,57565226,d3e0ce14a4c04f62b08b60df73fd7de1,92127264.0,2.0,10.0,f,8.7,2.0,APROVADO
565719,57565226,1ea845bec856c74ecee4c9aa5150379a,92127264.0,1.0,7.5,f,8.5,4.0,APROVADO
565720,57565226,1ea845bec856c74ecee4c9aa5150379a,92127264.0,2.0,9.5,f,8.5,4.0,APROVADO
565868,57568130,f23e5fa8c16da3a0b77a4ed738182750,92127264.0,1.0,7.69999981,f,8.6,18.0,APROVADO
565869,57568130,f23e5fa8c16da3a0b77a4ed738182750,92127264.0,2.0,8.5,f,8.6,18.0,APROVADO
565870,57568130,f23e5fa8c16da3a0b77a4ed738182750,92127264.0,3.0,9.5,f,8.6,18.0,APROVADO
565871,57568130,0b94a8805eba989f442796ed60e1899b,92127264.0,2.0,0.0,f,1.8,44.0,REPROVADO POR MÉDIA E POR FALTAS
565872,57568130,0b94a8805eba989f442796ed60e1899b,92127264.0,3.0,0.0,f,1.8,44.0,REPROVADO POR MÉDIA E POR FALTAS
565873,57568130,0b94a8805eba989f442796ed60e1899b,92127264.0,1.0,5.5,f,1.8,44.0,REPROVADO POR MÉDIA E POR FALTAS
565874,57568130,cff7c70087a7b4b87b5534c26264fbcb,92127264.0,2.0,8.5,f,7.6,14.0,APROVADO
565875,57568130,cff7c70087a7b4b87b5534c26264fbcb,92127264.0,3.0,9.5,f,7.6,14.0,APROVADO
565876,57568130,cff7c70087a7b4b87b5534c26264fbcb,92127264.0,1.0,4.69999981,f,7.6,14.0,APROVADO
565877,57568130,ceef990f02872e8bebca84a13d8f4f9a,92127264.0,1.0,9.30000019,f,8.6,12.0,APROVADO
565878,57568130,ceef990f02872e8bebca84a13d8f4f9a,92127264.0,2.0,6.5,f,8.6,12.0,APROVADO
565879,57568130,ceef990f02872e8bebca84a13d8f4f9a,92127264.0,3.0,10.0,f,8.6,12.0,APROVADO
565880,57568130,4402f41efd8b2de8bd404bf6cdce34ef,92127264.0,1.0,7.69999981,f,7.6,12.0,APROVADO
565881,57568130,4402f41efd8b2de8bd404bf6cdce34ef,92127264.0,2.0,5.0,f,7.6,12.0,APROVADO
565882,57568130,4402f41efd8b2de8bd404bf6cdce34ef,92127264.0,3.0,10.0,f,7.6,12.0,APROVADO
565883,57568130,934e88c3c9b5350160b13b623c2d340d,92127264.0,3.0,10.0,f,7.9,10.0,APROVADO
565884,57568130,934e88c3c9b5350160b13b623c2d340d,92127264.0,1.0,6.30000019,f,7.9,10.0,APROVADO
565885,57568130,934e88c3c9b5350160b13b623c2d340d,92127264.0,2.0,7.5,f,7.9,10.0,APROVADO
565989,57568129,c7f78ef4d6e39ad93441209267801600,92127264.0,1.0,7.5,f,8.7,8.0,APROVADO
565990,57568129,c7f78ef4d6e39ad93441209267801600,92127264.0,2.0,9.0,f,8.7,8.0,APROVADO
565991,57568129,c7f78ef4d6e39ad93441209267801600,92127264.0,3.0,9.5,f,8.7,8.0,APROVADO
565992,57568129,ec63873c3581433d75701a854ead2a46,92127264.0,1.0,5.0,f,7.9,4.0,APROVADO
565993,57568129,ec63873c3581433d75701a854ead2a46,92127264.0,2.0,9.30000019,f,7.9,4.0,APROVADO
565994,57568129,ec63873c3581433d75701a854ead2a46,92127264.0,3.0,9.30000019,f,7.9,4.0,APROVADO
565995,57568129,d7a45e0307b8dd09655b28676d9bdb53,92127264.0,1.0,7.30000019,f,8.7,2.0,APROVADO
565996,57568129,d7a45e0307b8dd09655b28676d9bdb53,92127264.0,2.0,9.0,f,8.7,2.0,APROVADO
565997,57568129,d7a45e0307b8dd09655b28676d9bdb53,92127264.0,3.0,9.80000019,f,8.7,2.0,APROVADO
565998,57568129,a6828dd2dd4b8ff21c763f6d1f6f5e04,92127264.0,1.0,7.0,f,8.6,8.0,APROVADO
565999,57568129,a6828dd2dd4b8ff21c763f6d1f6f5e04,92127264.0,2.0,9.0,f,8.6,8.0,APROVADO
566000,57568129,a6828dd2dd4b8ff21c763f6d1f6f5e04,92127264.0,3.0,9.80000019,f,8.6,8.0,APROVADO
566001,57568129,10e449bd1f9b4f668d87b03921b9acad,92127264.0,1.0,7.0,f,8.6,0.0,APROVADO
566002,57568129,10e449bd1f9b4f668d87b03921b9acad,92127264.0,2.0,9.30000019,f,8.6,0.0,APROVADO
566003,57568129,10e449bd1f9b4f668d87b03921b9acad,92127264.0,3.0,9.5,f,8.6,0.0,APROVADO
566745,57568129,c7f78ef4d6e39ad93441209267801600,92127264.0,1.0,7.5,f,8.7,8.0,APROVADO
566746,57568129,c7f78ef4d6e39ad93441209267801600,92127264.0,2.0,9.0,f,8.7,8.0,APROVADO
566747,57568129,c7f78ef4d6e39ad93441209267801600,92127264.0,3.0,9.5,f,8.7,8.0,APROVADO
566748,57568129,ec63873c3581433d75701a854ead2a46,92127264.0,1.0,5.0,f,7.9,4.0,APROVADO
566749,57568129,ec63873c3581433d75701a854ead2a46,92127264.0,2.0,9.30000019,f,7.9,4.0,APROVADO
566750,57568129,ec63873c3581433d75701a854ead2a46,92127264.0,3.0,9.30000019,f,7.9,4.0,APROVADO
566751,57568129,d7a45e0307b8dd09655b28676d9bdb53,92127264.0,1.0,7.30000019,f,8.7,2.0,APROVADO
566752,57568129,d7a45e0307b8dd09655b28676d9bdb53,92127264.0,2.0,9.0,f,8.7,2.0,APROVADO
566753,57568129,d7a45e0307b8dd09655b28676d9bdb53,92127264.0,3.0,9.80000019,f,8.7,2.0,APROVADO
566754,57568129,a6828dd2dd4b8ff21c763f6d1f6f5e04,92127264.0,1.0,7.0,f,8.6,8.0,APROVADO
566755,57568129,a6828dd2dd4b8ff21c763f6d1f6f5e04,92127264.0,2.0,9.0,f,8.6,8.0,APROVADO
566756,57568129,a6828dd2dd4b8ff21c763f6d1f6f5e04,92127264.0,3.0,9.80000019,f,8.6,8.0,APROVADO
566757,57568129,10e449bd1f9b4f668d87b03921b9acad,92127264.0,1.0,7.0,f,8.6,0.0,APROVADO
566758,57568129,10e449bd1f9b4f668d87b03921b9acad,92127264.0,2.0,9.30000019,f,8.6,0.0,APROVADO
566759,57568129,10e449bd1f9b4f668d87b03921b9acad,92127264.0,3.0,9.5,f,8.6,0.0,APROVADO
570070,57566712,735bbfb6f7ab46b58f900d62a6e3cf26,92127264.0,1.0,6.69999981,f,7.3,3.0,APROVADO
570071,57566712,735bbfb6f7ab46b58f900d62a6e3cf26,92127264.0,2.0,7.0,f,7.3,3.0,APROVADO
570072,57566712,735bbfb6f7ab46b58f900d62a6e3cf26,92127264.0,3.0,8.19999981,f,7.3,3.0,APROVADO
570073,57566712,a7aeb59e1b92828f2ec3bd5cb467ff1f,92127264.0,1.0,8.10000038,f,7.6,4.0,APROVADO
570074,57566712,a7aeb59e1b92828f2ec3bd5cb467ff1f,92127264.0,2.0,6.599999900000001,f,7.6,4.0,APROVADO
570075,57566712,a7aeb59e1b92828f2ec3bd5cb467ff1f,92127264.0,3.0,8.0,f,7.6,4.0,APROVADO
570076,57566712,a4aa5cbcc579bd9b2ce70c7590ee4b04,92127264.0,1.0,8.80000019,f,9.2,4.0,APROVADO
570077,57566712,a4aa5cbcc579bd9b2ce70c7590ee4b04,92127264.0,2.0,8.89999962,f,9.2,4.0,APROVADO
570078,57566712,a4aa5cbcc579bd9b2ce70c7590ee4b04,92127264.0,3.0,10.0,f,9.2,4.0,APROVADO
570079,57566712,72dcd1fa143cad070004d10eee2545fd,92127264.0,1.0,5.19999981,f,5.6,6.0,APROVADO POR NOTA
570080,57566712,72dcd1fa143cad070004d10eee2545fd,92127264.0,2.0,3.70000005,f,5.6,6.0,APROVADO POR NOTA
570081,57566712,72dcd1fa143cad070004d10eee2545fd,92127264.0,3.0,8.0,f,5.6,6.0,APROVADO POR NOTA
570083,57566712,09c576ebed33d3a813eabe6d34f29efc,92127264.0,1.0,8.10000038,f,8.0,4.0,APROVADO
570084,57566712,09c576ebed33d3a813eabe6d34f29efc,92127264.0,2.0,8.30000019,f,8.0,4.0,APROVADO
570085,57566712,09c576ebed33d3a813eabe6d34f29efc,92127264.0,3.0,7.599999900000001,f,8.0,4.0,APROVADO
570094,57566712,2dc7771e870b008c111aa85ad59f1f66,92127264.0,1.0,9.80000019,f,7.8,14.0,APROVADO
570095,57566712,2dc7771e870b008c111aa85ad59f1f66,92127264.0,2.0,5.5,f,7.8,14.0,APROVADO
570096,57566712,2dc7771e870b008c111aa85ad59f1f66,92127264.0,3.0,8.19999981,f,7.8,14.0,APROVADO
570097,57566712,2297eebcbf4008c925c4056c12bb3b27,92127264.0,1.0,8.5,f,8.0,6.0,APROVADO
570098,57566712,2297eebcbf4008c925c4056c12bb3b27,92127264.0,2.0,7.19999981,f,8.0,6.0,APROVADO
570099,57566712,2297eebcbf4008c925c4056c12bb3b27,92127264.0,3.0,8.19999981,f,8.0,6.0,APROVADO
570103,57566712,934e88c3c9b5350160b13b623c2d340d,92127264.0,1.0,7.80000019,f,8.1,10.0,APROVADO
570104,57566712,934e88c3c9b5350160b13b623c2d340d,92127264.0,2.0,7.80000019,f,8.1,10.0,APROVADO
570105,57566712,934e88c3c9b5350160b13b623c2d340d,92127264.0,3.0,8.69999981,f,8.1,10.0,APROVADO
570106,57566712,ceef990f02872e8bebca84a13d8f4f9a,92127264.0,1.0,8.80000019,f,8.4,6.0,APROVADO
570107,57566712,ceef990f02872e8bebca84a13d8f4f9a,92127264.0,2.0,7.599999900000001,f,8.4,6.0,APROVADO
570108,57566712,ceef990f02872e8bebca84a13d8f4f9a,92127264.0,3.0,8.69999981,f,8.4,6.0,APROVADO
570115,57566712,0188fee9f69676d5d450513676ffa20f,92127264.0,1.0,8.30000019,f,8.4,12.0,APROVADO
570116,57566712,0188fee9f69676d5d450513676ffa20f,92127264.0,2.0,8.30000019,f,8.4,12.0,APROVADO
570117,57566712,0188fee9f69676d5d450513676ffa20f,92127264.0,3.0,8.60000038,f,8.4,12.0,APROVADO
570119,57566712,97f43e2dc31d79073af85501a0e41c46,92127264.0,1.0,7.900000099999999,f,7.0,18.0,APROVADO
570120,57566712,97f43e2dc31d79073af85501a0e41c46,92127264.0,2.0,5.30000019,f,7.0,18.0,APROVADO
570121,57566712,97f43e2dc31d79073af85501a0e41c46,92127264.0,3.0,7.900000099999999,f,7.0,18.0,APROVADO
570122,57566712,e16576bd21bb2c78f61e3b895da26433,92127264.0,1.0,6.4000001,f,7.2,16.0,APROVADO
570123,57566712,e16576bd21bb2c78f61e3b895da26433,92127264.0,2.0,7.0,f,7.2,16.0,APROVADO
570124,57566712,e16576bd21bb2c78f61e3b895da26433,92127264.0,3.0,8.19999981,f,7.2,16.0,APROVADO
570127,57566712,b0d6eae7ca3a052474157988f5874bbc,92127264.0,1.0,6.5,f,2.2,40.0,REPROVADO POR MÉDIA E POR FALTAS
570128,57566712,b0d6eae7ca3a052474157988f5874bbc,92127264.0,2.0,0.0,f,2.2,40.0,REPROVADO POR MÉDIA E POR FALTAS
570129,57566712,b0d6eae7ca3a052474157988f5874bbc,92127264.0,3.0,0.0,f,2.2,40.0,REPROVADO POR MÉDIA E POR FALTAS
570131,57566712,f47ace7fbb22012f488f24b9a2593db9,92127264.0,1.0,5.0999999,f,5.2,14.0,APROVADO POR NOTA
570132,57566712,f47ace7fbb22012f488f24b9a2593db9,92127264.0,2.0,4.4000001,f,5.2,14.0,APROVADO POR NOTA
570133,57566712,f47ace7fbb22012f488f24b9a2593db9,92127264.0,3.0,6.0,f,5.2,14.0,APROVADO POR NOTA
570863,57563021,c889778b21ac2abebcccd62ff678f546,92127264.0,0,0,0,0,0,TRANCADO
577021,57565086,3d31284757c88aab09cda5503445c123,92127264.0,1.0,8.5,f,9.2,20.0,APROVADO
577022,57565086,3d31284757c88aab09cda5503445c123,92127264.0,2.0,9.0,f,9.2,20.0,APROVADO
577023,57565086,3d31284757c88aab09cda5503445c123,92127264.0,3.0,10.0,f,9.2,20.0,APROVADO
577024,57565086,1b1bb78ab66b8a12f8e0f0b569669bb8,92127264.0,1.0,8.5,f,8.0,12.0,APROVADO
577025,57565086,1b1bb78ab66b8a12f8e0f0b569669bb8,92127264.0,2.0,6.5,f,8.0,12.0,APROVADO
577026,57565086,1b1bb78ab66b8a12f8e0f0b569669bb8,92127264.0,3.0,9.0,f,8.0,12.0,APROVADO
577027,57565086,7e0c9d37a5d96aaf03233f4f8cb31608,92127264.0,1.0,4.5,f,6.9,16.0,APROVADO POR NOTA
577028,57565086,7e0c9d37a5d96aaf03233f4f8cb31608,92127264.0,2.0,7.30000019,f,6.9,16.0,APROVADO POR NOTA
577029,57565086,7e0c9d37a5d96aaf03233f4f8cb31608,92127264.0,3.0,9.0,f,6.9,16.0,APROVADO POR NOTA
577030,57565086,5299d4aa1beb39ddaba0ff9427a90e26,92127264.0,1.0,5.0,f,5.7,18.0,APROVADO POR NOTA
577031,57565086,5299d4aa1beb39ddaba0ff9427a90e26,92127264.0,2.0,4.5,f,5.7,18.0,APROVADO POR NOTA
577032,57565086,5299d4aa1beb39ddaba0ff9427a90e26,92127264.0,3.0,7.5,f,5.7,18.0,APROVADO POR NOTA
577033,57565086,cff7c70087a7b4b87b5534c26264fbcb,92127264.0,1.0,6.5,f,5.8,16.0,APROVADO POR NOTA
577034,57565086,cff7c70087a7b4b87b5534c26264fbcb,92127264.0,2.0,6.30000019,f,5.8,16.0,APROVADO POR NOTA
577035,57565086,cff7c70087a7b4b87b5534c26264fbcb,92127264.0,3.0,4.5,f,5.8,16.0,APROVADO POR NOTA
577039,57565086,a0a597672742f11324d64601528a0257,92127264.0,1.0,0,f,0,0.0,TRANCADO
577040,57565086,a0a597672742f11324d64601528a0257,92127264.0,2.0,0,f,0,0.0,TRANCADO
577041,57565086,a0a597672742f11324d64601528a0257,92127264.0,3.0,0,f,0,0.0,TRANCADO
577042,57565086,08f00f60be208994947441f13c9e3ee1,92127264.0,1.0,5.0,f,5.5,18.0,APROVADO POR NOTA
577043,57565086,08f00f60be208994947441f13c9e3ee1,92127264.0,2.0,4.5,f,5.5,18.0,APROVADO POR NOTA
577044,57565086,08f00f60be208994947441f13c9e3ee1,92127264.0,3.0,7.0,f,5.5,18.0,APROVADO POR NOTA
577064,57565215,03f682cb34ca1cd1bc10df04d8d2978f,92127264.0,1.0,6.5,f,5.0,4.0,APROVADO POR NOTA
577065,57565215,03f682cb34ca1cd1bc10df04d8d2978f,92127264.0,2.0,3.5,f,5.0,4.0,APROVADO POR NOTA
577066,57565215,2e76987f8d1ad80d26cfb6d1b5bde22f,92127264.0,1.0,6.0,f,6.0,2.0,APROVADO POR NOTA
577067,57565215,2e76987f8d1ad80d26cfb6d1b5bde22f,92127264.0,2.0,6.0,f,6.0,2.0,APROVADO POR NOTA
577068,57565215,1ea6bf7d93eef7b8078104dff5d4987b,92127264.0,1.0,6.4000001,f,7.2,2.0,APROVADO
577069,57565215,1ea6bf7d93eef7b8078104dff5d4987b,92127264.0,2.0,8.0,f,7.2,2.0,APROVADO
577070,57565215,8617548982a251170019500fbe5ebea9,92127264.0,1.0,3.5,f,1.8,22.0,REPROVADO POR MÉDIA E POR FALTAS
577071,57565215,8617548982a251170019500fbe5ebea9,92127264.0,2.0,0.0,f,1.8,22.0,REPROVADO POR MÉDIA E POR FALTAS
577072,57565215,9dbf21795736ba4eaaa2f6932b76cbcf,92127264.0,1.0,6.4000001,f,6.0,8.0,APROVADO POR NOTA
577073,57565215,9dbf21795736ba4eaaa2f6932b76cbcf,92127264.0,2.0,3.0,t,6.0,8.0,APROVADO POR NOTA
577074,57565215,edd7f9f8daa51ac6f4b967368277c8f1,92127264.0,1.0,9.0,f,6.0,4.0,APROVADO POR NOTA
577075,57565215,edd7f9f8daa51ac6f4b967368277c8f1,92127264.0,2.0,3.0,f,6.0,4.0,APROVADO POR NOTA
577076,57565215,fb144904845e9bf1305e59854eea140a,92127264.0,1.0,7.19999981,f,6.6,2.0,APROVADO POR NOTA
577077,57565215,fb144904845e9bf1305e59854eea140a,92127264.0,2.0,6.0,f,6.6,2.0,APROVADO POR NOTA
577078,57565215,daee292530a6b180685cd6cfd22c6496,92127264.0,1.0,0,f,0,0,DESISTENCIA
577079,57565215,daee292530a6b180685cd6cfd22c6496,92127264.0,2.0,0,f,0,0,DESISTENCIA
577081,57565215,90dc160e68fd9a2b10d14af791aa4377,92127264.0,1.0,5.5,f,5.0,8.0,APROVADO POR NOTA
577082,57565215,90dc160e68fd9a2b10d14af791aa4377,92127264.0,2.0,4.5,f,5.0,8.0,APROVADO POR NOTA
577085,57565215,9fe6433f39109d1e42a84b9ac780c4fc,92127264.0,1.0,8.0,f,5.5,4.0,APROVADO POR NOTA
577086,57565215,9fe6433f39109d1e42a84b9ac780c4fc,92127264.0,2.0,3.0,f,5.5,4.0,APROVADO POR NOTA
577087,57565215,167735b0595253fe5cb241a54e0f8b1b,92127264.0,1.0,4.69999981,f,5.9,2.0,APROVADO POR NOTA
577088,57565215,167735b0595253fe5cb241a54e0f8b1b,92127264.0,2.0,7.0,f,5.9,2.0,APROVADO POR NOTA
577089,57565215,b3fb23e81fbfd6af258ff3e998ff6fdc,92127264.0,1.0,2.29999995,f,1.2,20.0,REPROVADO POR MÉDIA E POR FALTAS
577090,57565215,b3fb23e81fbfd6af258ff3e998ff6fdc,92127264.0,2.0,0.0,f,1.2,20.0,REPROVADO POR MÉDIA E POR FALTAS
577093,57565215,882b1f91339374b8c05d0dde314844bb,92127264.0,0,0,0,0,0,DESISTENCIA
577095,57565215,5e00d1e6f59bcd87426d99fd4204d107,92127264.0,1.0,8.5,f,9.3,0.0,APROVADO
577096,57565215,5e00d1e6f59bcd87426d99fd4204d107,92127264.0,2.0,10.0,f,9.3,0.0,APROVADO
577097,57565215,05961a2da16bb50207b1c3df6a9a6382,92127264.0,1.0,7.400000099999999,f,7.7,2.0,APROVADO
577098,57565215,05961a2da16bb50207b1c3df6a9a6382,92127264.0,2.0,8.0,f,7.7,2.0,APROVADO
577100,57565215,b9d78b8844b65d48bbe2a0132df6b529,92127264.0,1.0,9.5,f,9.8,2.0,APROVADO
577101,57565215,b9d78b8844b65d48bbe2a0132df6b529,92127264.0,2.0,10.0,f,9.8,2.0,APROVADO
577102,57565215,114537ce7c2e383762ba7b3a72b2a042,92127264.0,1.0,3.79999995,f,5.4,2.0,APROVADO POR NOTA
577103,57565215,114537ce7c2e383762ba7b3a72b2a042,92127264.0,2.0,7.0,f,5.4,2.0,APROVADO POR NOTA
577104,57565215,46c6360b365290a1404a5c8ffd59f9e1,92127264.0,1.0,3.5,f,5.3,4.0,APROVADO POR NOTA
577105,57565215,46c6360b365290a1404a5c8ffd59f9e1,92127264.0,2.0,7.0,f,5.3,4.0,APROVADO POR NOTA
577108,57565215,3fca4ed1d677f18128430e1d5dd87147,92127264.0,1.0,6.80000019,f,6.4,2.0,APROVADO POR NOTA
577109,57565215,3fca4ed1d677f18128430e1d5dd87147,92127264.0,2.0,6.0,f,6.4,2.0,APROVADO POR NOTA
577110,57565215,726fb2164f8230c8d42ac37c3f966ff1,92127264.0,1.0,6.19999981,f,5.0,4.0,APROVADO POR NOTA
577111,57565215,726fb2164f8230c8d42ac37c3f966ff1,92127264.0,2.0,3.70000005,f,5.0,4.0,APROVADO POR NOTA
577112,57565215,24639ba86aa8be3527cfd77ff6d44994,92127264.0,1.0,2.4000001,t,3.5,6.0,REPROVADO
577113,57565215,24639ba86aa8be3527cfd77ff6d44994,92127264.0,2.0,4.5,f,3.5,6.0,REPROVADO
577114,57565215,b0f86d842b61525819f34d4d9a1c5dd9,92127264.0,1.0,5.5999999,f,6.8,2.0,APROVADO POR NOTA
577115,57565215,b0f86d842b61525819f34d4d9a1c5dd9,92127264.0,2.0,8.0,f,6.8,2.0,APROVADO POR NOTA
577116,57565215,9c57bdb46f6361e82f72a395800fc231,92127264.0,1.0,6.30000019,f,7.2,2.0,APROVADO
577117,57565215,9c57bdb46f6361e82f72a395800fc231,92127264.0,2.0,8.0,f,7.2,2.0,APROVADO
577118,57565215,da026a8c8f3487ecdc037844ea4689b0,92127264.0,1.0,5.5,f,5.3,2.0,APROVADO POR NOTA
577119,57565215,da026a8c8f3487ecdc037844ea4689b0,92127264.0,2.0,5.0,f,5.3,2.0,APROVADO POR NOTA
577120,57565215,ec5e51b4607323f4496b70d8272de235,92127264.0,1.0,6.30000019,f,5.7,0.0,APROVADO POR NOTA
577121,57565215,ec5e51b4607323f4496b70d8272de235,92127264.0,2.0,5.0,f,5.7,0.0,APROVADO POR NOTA
577122,57565215,981f0362a343d04121314aa4a422c161,92127264.0,1.0,7.599999900000001,f,7.8,4.0,APROVADO
577123,57565215,981f0362a343d04121314aa4a422c161,92127264.0,2.0,8.0,f,7.8,4.0,APROVADO
577124,57565215,ca69b87b9e96e1432c90759482ccc08e,92127264.0,1.0,9.69999981,f,9.9,2.0,APROVADO
577125,57565215,ca69b87b9e96e1432c90759482ccc08e,92127264.0,2.0,10.0,f,9.9,2.0,APROVADO
577126,57565215,abba494a3f964a7fe18164c54b70c90c,92127264.0,1.0,8.69999981,f,5.9,0.0,APROVADO POR NOTA
577127,57565215,abba494a3f964a7fe18164c54b70c90c,92127264.0,2.0,3.0,f,5.9,0.0,APROVADO POR NOTA
577128,57565215,36e2211c6c16fa38f1e7fef99b10d22f,92127264.0,1.0,5.0,f,6.0,2.0,APROVADO POR NOTA
577129,57565215,36e2211c6c16fa38f1e7fef99b10d22f,92127264.0,2.0,4.19999981,t,6.0,2.0,APROVADO POR NOTA
577130,57565215,ac620fb39d8330e64c0370054567b312,92127264.0,1.0,6.80000019,f,7.4,6.0,APROVADO
577131,57565215,ac620fb39d8330e64c0370054567b312,92127264.0,2.0,8.0,f,7.4,6.0,APROVADO
577132,57565215,8f05e8b42b1b78495761199759d2a6a5,92127264.0,1.0,5.9000001,f,7.0,8.0,APROVADO
577133,57565215,8f05e8b42b1b78495761199759d2a6a5,92127264.0,2.0,8.0,f,7.0,8.0,APROVADO
577134,57565215,52df7a26e3059a52241366146b904b01,92127264.0,1.0,0,f,0,0,DESISTENCIA
577135,57565215,52df7a26e3059a52241366146b904b01,92127264.0,2.0,0,f,0,0,DESISTENCIA
577136,57565215,7ae8cbf93b9997bb46729aa23898bb4b,92127264.0,1.0,6.30000019,f,6.2,8.0,APROVADO POR NOTA
577137,57565215,7ae8cbf93b9997bb46729aa23898bb4b,92127264.0,2.0,6.0,f,6.2,8.0,APROVADO POR NOTA
577139,57565215,ea02749010f507f3e6b03a52b1ca9d4c,92127264.0,1.0,7.30000019,f,8.7,2.0,APROVADO
577140,57565215,ea02749010f507f3e6b03a52b1ca9d4c,92127264.0,2.0,10.0,f,8.7,2.0,APROVADO
577141,57565215,4fd6a063993d07c7d11474faed256e52,92127264.0,1.0,5.0,f,5.0,4.0,APROVADO POR NOTA
577142,57565215,4fd6a063993d07c7d11474faed256e52,92127264.0,2.0,5.0,f,5.0,4.0,APROVADO POR NOTA
577143,57565215,e22deea3b80f9f8e63dd256ba06a8831,92127264.0,1.0,6.69999981,f,5.1,6.0,APROVADO POR NOTA
577144,57565215,e22deea3b80f9f8e63dd256ba06a8831,92127264.0,2.0,3.5,f,5.1,6.0,APROVADO POR NOTA
577145,57565215,c489d858cf4a29692b4abcc492756c08,92127264.0,1.0,5.80000019,f,6.2,8.0,APROVADO POR NOTA
577146,57565215,c489d858cf4a29692b4abcc492756c08,92127264.0,2.0,3.0,t,6.2,8.0,APROVADO POR NOTA
577147,57565215,cc98fbab3c297d4cf44db9f59c571374,92127264.0,1.0,5.9000001,f,5.5,10.0,APROVADO POR NOTA
577148,57565215,cc98fbab3c297d4cf44db9f59c571374,92127264.0,2.0,3.0,t,5.5,10.0,APROVADO POR NOTA
577851,57564833,6caf49fdb54c8eefcef753a4f29e68e0,92127264.0,1.0,9.0,f,7.9,0.0,APROVADO
577852,57564833,6caf49fdb54c8eefcef753a4f29e68e0,92127264.0,2.0,5.5,f,7.9,0.0,APROVADO
577853,57564833,6caf49fdb54c8eefcef753a4f29e68e0,92127264.0,3.0,9.30000019,f,7.9,0.0,APROVADO
577854,57564833,1b1bb78ab66b8a12f8e0f0b569669bb8,92127264.0,1.0,3.79999995,f,1.3,10.0,REPROVADO
577855,57564833,1b1bb78ab66b8a12f8e0f0b569669bb8,92127264.0,2.0,0.0,f,1.3,10.0,REPROVADO
577856,57564833,1b1bb78ab66b8a12f8e0f0b569669bb8,92127264.0,3.0,0.0,f,1.3,10.0,REPROVADO
577857,57564833,f74e8d844ba3ad5aaa4cfb9a70abec8d,92127264.0,1.0,7.5,f,5.0,0.0,APROVADO POR NOTA
577858,57564833,f74e8d844ba3ad5aaa4cfb9a70abec8d,92127264.0,2.0,4.5,f,5.0,0.0,APROVADO POR NOTA
577859,57564833,f74e8d844ba3ad5aaa4cfb9a70abec8d,92127264.0,3.0,3.0999999,f,5.0,0.0,APROVADO POR NOTA
577860,57564833,432e6fa6191228bfe54ab1b03b3789a8,92127264.0,1.0,1.0,f,0.3,2.0,REPROVADO
577861,57564833,432e6fa6191228bfe54ab1b03b3789a8,92127264.0,2.0,0.0,f,0.3,2.0,REPROVADO
577862,57564833,432e6fa6191228bfe54ab1b03b3789a8,92127264.0,3.0,0.0,f,0.3,2.0,REPROVADO
577863,57564833,9587f07b5bb20fc57f90e83d1b107a5b,92127264.0,1.0,0.0,f,0.0,14.0,REPROVADO POR MÉDIA E POR FALTAS
577864,57564833,9587f07b5bb20fc57f90e83d1b107a5b,92127264.0,2.0,0.0,f,0.0,14.0,REPROVADO POR MÉDIA E POR FALTAS
577865,57564833,9587f07b5bb20fc57f90e83d1b107a5b,92127264.0,3.0,0.0,f,0.0,14.0,REPROVADO POR MÉDIA E POR FALTAS
577866,57564833,8dca625c4aeef2641364d784bcef00c5,92127264.0,1.0,10.0,f,10.0,0.0,APROVADO
577867,57564833,8dca625c4aeef2641364d784bcef00c5,92127264.0,2.0,10.0,f,10.0,0.0,APROVADO
577868,57564833,8dca625c4aeef2641364d784bcef00c5,92127264.0,3.0,10.0,f,10.0,0.0,APROVADO
577869,57564833,500e6edfd4aae0cc92d0931f52794a07,92127264.0,1.0,10.0,f,9.4,4.0,APROVADO
577870,57564833,500e6edfd4aae0cc92d0931f52794a07,92127264.0,2.0,8.80000019,f,9.4,4.0,APROVADO
577871,57564833,500e6edfd4aae0cc92d0931f52794a07,92127264.0,3.0,9.30000019,f,9.4,4.0,APROVADO
578282,57563074,b7526a03c4edcc77987629a48ac76b64,92127264.0,1.0,8.5,f,9.0,12.0,APROVADO
578283,57563074,b7526a03c4edcc77987629a48ac76b64,92127264.0,2.0,8.5,f,9.0,12.0,APROVADO
578284,57563074,b7526a03c4edcc77987629a48ac76b64,92127264.0,3.0,10.0,f,9.0,12.0,APROVADO
587124,57567588,2dc7771e870b008c111aa85ad59f1f66,92127264.0,1.0,8.39999962,f,7.2,6.0,APROVADO
587125,57567588,2dc7771e870b008c111aa85ad59f1f66,92127264.0,2.0,8.0,f,7.2,6.0,APROVADO
587126,57567588,2dc7771e870b008c111aa85ad59f1f66,92127264.0,3.0,5.19999981,f,7.2,6.0,APROVADO
587127,57567588,2297eebcbf4008c925c4056c12bb3b27,92127264.0,2.0,8.0,f,7.6,2.0,APROVADO
587128,57567588,2297eebcbf4008c925c4056c12bb3b27,92127264.0,3.0,5.9000001,f,7.6,2.0,APROVADO
587129,57567588,2297eebcbf4008c925c4056c12bb3b27,92127264.0,1.0,8.80000019,f,7.6,2.0,APROVADO
587130,57567588,4402f41efd8b2de8bd404bf6cdce34ef,92127264.0,1.0,8.89999962,f,7.4,2.0,APROVADO
587131,57567588,4402f41efd8b2de8bd404bf6cdce34ef,92127264.0,2.0,8.0,f,7.4,2.0,APROVADO
587132,57567588,4402f41efd8b2de8bd404bf6cdce34ef,92127264.0,3.0,5.4000001,f,7.4,2.0,APROVADO
587133,57567588,c3902a9ccfe7c9a5efa7ff9d43c296b1,92127264.0,1.0,8.19999981,f,7.7,2.0,APROVADO
587134,57567588,c3902a9ccfe7c9a5efa7ff9d43c296b1,92127264.0,2.0,8.0,f,7.7,2.0,APROVADO
587135,57567588,c3902a9ccfe7c9a5efa7ff9d43c296b1,92127264.0,3.0,7.0,f,7.7,2.0,APROVADO
587136,57567588,2dc7771e870b008c111aa85ad59f1f66,92127264.0,1.0,8.39999962,f,7.2,6.0,APROVADO
587137,57567588,2dc7771e870b008c111aa85ad59f1f66,92127264.0,2.0,8.0,f,7.2,6.0,APROVADO
587138,57567588,2dc7771e870b008c111aa85ad59f1f66,92127264.0,3.0,5.19999981,f,7.2,6.0,APROVADO
587139,57567588,2297eebcbf4008c925c4056c12bb3b27,92127264.0,2.0,8.0,f,7.6,2.0,APROVADO
587140,57567588,2297eebcbf4008c925c4056c12bb3b27,92127264.0,3.0,5.9000001,f,7.6,2.0,APROVADO
587141,57567588,2297eebcbf4008c925c4056c12bb3b27,92127264.0,1.0,8.80000019,f,7.6,2.0,APROVADO
587142,57567588,4402f41efd8b2de8bd404bf6cdce34ef,92127264.0,1.0,8.89999962,f,7.4,2.0,APROVADO
587143,57567588,4402f41efd8b2de8bd404bf6cdce34ef,92127264.0,2.0,8.0,f,7.4,2.0,APROVADO
587144,57567588,4402f41efd8b2de8bd404bf6cdce34ef,92127264.0,3.0,5.4000001,f,7.4,2.0,APROVADO
587145,57567588,c3902a9ccfe7c9a5efa7ff9d43c296b1,92127264.0,1.0,8.19999981,f,7.7,2.0,APROVADO
587146,57567588,c3902a9ccfe7c9a5efa7ff9d43c296b1,92127264.0,2.0,8.0,f,7.7,2.0,APROVADO
587147,57567588,c3902a9ccfe7c9a5efa7ff9d43c296b1,92127264.0,3.0,7.0,f,7.7,2.0,APROVADO
587957,57568597,f8241da5c6b786e1253454b70ceed8ff,92127264.0,1.0,0,f,0,0.0,TRANCADO
587958,57568597,f8241da5c6b786e1253454b70ceed8ff,92127264.0,2.0,0,f,0,0.0,TRANCADO
587959,57568597,f8241da5c6b786e1253454b70ceed8ff,92127264.0,3.0,0,f,0,0.0,TRANCADO
587982,57568597,f8241da5c6b786e1253454b70ceed8ff,92127264.0,1.0,0,f,0,0.0,TRANCADO
587983,57568597,f8241da5c6b786e1253454b70ceed8ff,92127264.0,2.0,0,f,0,0.0,TRANCADO
587984,57568597,f8241da5c6b786e1253454b70ceed8ff,92127264.0,3.0,0,f,0,0.0,TRANCADO
588934,57564856,43f0333c0ceb67c5e5fb58f15aec56e1,92127264.0,1.0,8.39999962,f,9.1,6.0,APROVADO
588935,57564856,43f0333c0ceb67c5e5fb58f15aec56e1,92127264.0,2.0,10.0,f,9.1,6.0,APROVADO
588936,57564856,43f0333c0ceb67c5e5fb58f15aec56e1,92127264.0,3.0,9.0,f,9.1,6.0,APROVADO
588937,57564856,3c3b91849365208aee8ffcf3625fe09e,92127264.0,1.0,9.69999981,f,9.9,2.0,APROVADO
588938,57564856,3c3b91849365208aee8ffcf3625fe09e,92127264.0,2.0,10.0,f,9.9,2.0,APROVADO
588939,57564856,3c3b91849365208aee8ffcf3625fe09e,92127264.0,3.0,10.0,f,9.9,2.0,APROVADO
588940,57564856,9684b8e9ace5dcd5c4c29bf4f21d2185,92127264.0,1.0,5.5999999,f,6.6,30.0,APROVADO POR NOTA
588941,57564856,9684b8e9ace5dcd5c4c29bf4f21d2185,92127264.0,2.0,4.69999981,f,6.6,30.0,APROVADO POR NOTA
588942,57564856,9684b8e9ace5dcd5c4c29bf4f21d2185,92127264.0,3.0,9.5,f,6.6,30.0,APROVADO POR NOTA
588944,57564856,8cc613a1edbaeb06e2787b81d2280b14,92127264.0,1.0,5.80000019,f,4.6,0.0,REPROVADO
588945,57564856,8cc613a1edbaeb06e2787b81d2280b14,92127264.0,2.0,2.5,f,4.6,0.0,REPROVADO
588946,57564856,8cc613a1edbaeb06e2787b81d2280b14,92127264.0,3.0,5.5,f,4.6,0.0,REPROVADO
588947,57564856,5abb887c45addf95db6b9eb77c9970ef,92127264.0,1.0,8.30000019,f,8.4,6.0,APROVADO
588948,57564856,5abb887c45addf95db6b9eb77c9970ef,92127264.0,2.0,8.30000019,f,8.4,6.0,APROVADO
588949,57564856,5abb887c45addf95db6b9eb77c9970ef,92127264.0,3.0,8.5,f,8.4,6.0,APROVADO
588950,57564856,fc5ca0acc129fed92da264e586691f1b,92127264.0,1.0,8.0,f,7.5,12.0,APROVADO
588951,57564856,fc5ca0acc129fed92da264e586691f1b,92127264.0,2.0,8.69999981,f,7.5,12.0,APROVADO
588952,57564856,fc5ca0acc129fed92da264e586691f1b,92127264.0,3.0,5.69999981,f,7.5,12.0,APROVADO
588953,57564856,ec63873c3581433d75701a854ead2a46,92127264.0,1.0,2.5,t,5.7,26.0,APROVADO POR NOTA
588954,57564856,ec63873c3581433d75701a854ead2a46,92127264.0,2.0,4.5999999,f,5.7,26.0,APROVADO POR NOTA
588955,57564856,ec63873c3581433d75701a854ead2a46,92127264.0,3.0,8.60000038,f,5.7,26.0,APROVADO POR NOTA
588956,57564856,52df7a26e3059a52241366146b904b01,92127264.0,1.0,7.0,f,5.5,26.0,APROVADO POR NOTA
588957,57564856,52df7a26e3059a52241366146b904b01,92127264.0,2.0,6.0,f,5.5,26.0,APROVADO POR NOTA
588958,57564856,52df7a26e3059a52241366146b904b01,92127264.0,3.0,3.5,f,5.5,26.0,APROVADO POR NOTA
588960,57564856,38ceb42ec7122ddfb2dcf670bf47be08,92127264.0,1.0,8.0,f,7.3,30.0,APROVADO
588961,57564856,38ceb42ec7122ddfb2dcf670bf47be08,92127264.0,2.0,0.0,t,7.3,30.0,APROVADO
588962,57564856,38ceb42ec7122ddfb2dcf670bf47be08,92127264.0,3.0,7.5,f,7.3,30.0,APROVADO
588964,57564856,159926c5f19d6b9565385e9e16d6f438,92127264.0,1.0,6.5,f,6.5,10.0,APROVADO POR NOTA
588965,57564856,159926c5f19d6b9565385e9e16d6f438,92127264.0,2.0,4.099999899999999,f,6.5,10.0,APROVADO POR NOTA
588966,57564856,159926c5f19d6b9565385e9e16d6f438,92127264.0,3.0,9.0,f,6.5,10.0,APROVADO POR NOTA
588968,57564856,cb61f93d6145ddb7d4a4e28b7fe33225,92127264.0,1.0,6.0,f,6.0,4.0,APROVADO POR NOTA
588969,57564856,cb61f93d6145ddb7d4a4e28b7fe33225,92127264.0,2.0,2.5,t,6.0,4.0,APROVADO POR NOTA
588970,57564856,cb61f93d6145ddb7d4a4e28b7fe33225,92127264.0,3.0,8.0,f,6.0,4.0,APROVADO POR NOTA
588971,57564856,3b30d3da12ab2aac03ba0858e6c0dc02,92127264.0,1.0,4.80000019,f,6.1,24.0,APROVADO POR NOTA
588972,57564856,3b30d3da12ab2aac03ba0858e6c0dc02,92127264.0,2.0,7.0,f,6.1,24.0,APROVADO POR NOTA
588973,57564856,3b30d3da12ab2aac03ba0858e6c0dc02,92127264.0,3.0,2.70000005,t,6.1,24.0,APROVADO POR NOTA
588974,57564856,1084bfe76dd5ef9187ef67922d26e66a,92127264.0,1.0,9.19999981,f,9.0,10.0,APROVADO
588975,57564856,1084bfe76dd5ef9187ef67922d26e66a,92127264.0,2.0,9.0,f,9.0,10.0,APROVADO
588976,57564856,1084bfe76dd5ef9187ef67922d26e66a,92127264.0,3.0,8.80000019,f,9.0,10.0,APROVADO
588977,57564856,6caf49fdb54c8eefcef753a4f29e68e0,92127264.0,1.0,7.30000019,f,6.5,2.0,APROVADO POR NOTA
588978,57564856,6caf49fdb54c8eefcef753a4f29e68e0,92127264.0,2.0,8.30000019,f,6.5,2.0,APROVADO POR NOTA
588979,57564856,6caf49fdb54c8eefcef753a4f29e68e0,92127264.0,3.0,3.9000001,f,6.5,2.0,APROVADO POR NOTA
588991,57564856,9f9cb2c52de7733782ab559ac58fd464,92127264.0,1.0,5.5999999,f,1.9,24.0,REPROVADO
588992,57564856,9f9cb2c52de7733782ab559ac58fd464,92127264.0,2.0,0.0,f,1.9,24.0,REPROVADO
588993,57564856,9f9cb2c52de7733782ab559ac58fd464,92127264.0,3.0,0.0,f,1.9,24.0,REPROVADO
588995,57564856,8dca625c4aeef2641364d784bcef00c5,92127264.0,1.0,6.900000099999999,f,7.9,12.0,APROVADO
588996,57564856,8dca625c4aeef2641364d784bcef00c5,92127264.0,2.0,1.0,t,7.9,12.0,APROVADO
588997,57564856,8dca625c4aeef2641364d784bcef00c5,92127264.0,3.0,8.5,f,7.9,12.0,APROVADO
588999,57564856,500e6edfd4aae0cc92d0931f52794a07,92127264.0,1.0,6.30000019,f,5.1,14.0,APROVADO POR NOTA
589000,57564856,500e6edfd4aae0cc92d0931f52794a07,92127264.0,2.0,4.5,f,5.1,14.0,APROVADO POR NOTA
589001,57564856,500e6edfd4aae0cc92d0931f52794a07,92127264.0,3.0,4.5,f,5.1,14.0,APROVADO POR NOTA
589002,57564856,c4ecfa54d2066d83df1a9e8bacf6113b,92127264.0,1.0,3.70000005,f,2.7,28.0,REPROVADO
589003,57564856,c4ecfa54d2066d83df1a9e8bacf6113b,92127264.0,2.0,0.0,f,2.7,28.0,REPROVADO
589004,57564856,c4ecfa54d2066d83df1a9e8bacf6113b,92127264.0,3.0,4.5,f,2.7,28.0,REPROVADO
589005,57564856,a94a4705a3a0c2eb89e2897c6e76cf74,92127264.0,1.0,3.79999995,f,5.0,12.0,APROVADO POR NOTA
589006,57564856,a94a4705a3a0c2eb89e2897c6e76cf74,92127264.0,2.0,3.79999995,t,5.0,12.0,APROVADO POR NOTA
589007,57564856,a94a4705a3a0c2eb89e2897c6e76cf74,92127264.0,3.0,6.5,f,5.0,12.0,APROVADO POR NOTA
589009,57564856,6175bb41ff32f3c576f591ead25109e7,92127264.0,1.0,6.69999981,f,4.4,8.0,REPROVADO
589010,57564856,6175bb41ff32f3c576f591ead25109e7,92127264.0,2.0,4.099999899999999,f,4.4,8.0,REPROVADO
589011,57564856,6175bb41ff32f3c576f591ead25109e7,92127264.0,3.0,2.5,f,4.4,8.0,REPROVADO
589014,57564856,ee01661785b2af90f559ed136ed97acb,92127264.0,1.0,2.5,f,0.8,30.0,REPROVADO
589015,57564856,ee01661785b2af90f559ed136ed97acb,92127264.0,2.0,0.0,f,0.8,30.0,REPROVADO
589016,57564856,ee01661785b2af90f559ed136ed97acb,92127264.0,3.0,0.0,f,0.8,30.0,REPROVADO
589017,57564856,10e449bd1f9b4f668d87b03921b9acad,92127264.0,1.0,7.69999981,f,7.0,6.0,APROVADO
589018,57564856,10e449bd1f9b4f668d87b03921b9acad,92127264.0,2.0,8.69999981,f,7.0,6.0,APROVADO
589019,57564856,10e449bd1f9b4f668d87b03921b9acad,92127264.0,3.0,4.5,f,7.0,6.0,APROVADO
589020,57564856,cbf9dc31ed9483b7c110416da9620d31,92127264.0,1.0,4.69999981,f,1.6,46.0,REPROVADO POR MÉDIA E POR FALTAS
589021,57564856,cbf9dc31ed9483b7c110416da9620d31,92127264.0,2.0,0.0,f,1.6,46.0,REPROVADO POR MÉDIA E POR FALTAS
589022,57564856,cbf9dc31ed9483b7c110416da9620d31,92127264.0,3.0,0.0,f,1.6,46.0,REPROVADO POR MÉDIA E POR FALTAS
589023,57564856,b78957e87af0d1f30b901b13eb44a2eb,92127264.0,1.0,7.69999981,f,8.0,4.0,APROVADO
589024,57564856,b78957e87af0d1f30b901b13eb44a2eb,92127264.0,2.0,9.39999962,f,8.0,4.0,APROVADO
589025,57564856,b78957e87af0d1f30b901b13eb44a2eb,92127264.0,3.0,7.0,f,8.0,4.0,APROVADO
589027,57564856,a7f137d43e7d464f44e3c234ef986f70,92127264.0,1.0,3.29999995,f,2.8,4.0,REPROVADO
589028,57564856,a7f137d43e7d464f44e3c234ef986f70,92127264.0,2.0,2.5,f,2.8,4.0,REPROVADO
589029,57564856,a7f137d43e7d464f44e3c234ef986f70,92127264.0,3.0,2.5999999,f,2.8,4.0,REPROVADO
589031,57564856,e53b28b055415073c4fcf1fdaac1e675,92127264.0,1.0,5.30000019,f,5.0,2.0,APROVADO POR NOTA
589032,57564856,e53b28b055415073c4fcf1fdaac1e675,92127264.0,2.0,2.5,f,5.0,2.0,APROVADO POR NOTA
589033,57564856,e53b28b055415073c4fcf1fdaac1e675,92127264.0,3.0,2.5,t,5.0,2.0,APROVADO POR NOTA
591391,57564853,f23e5fa8c16da3a0b77a4ed738182750,92127264.0,1.0,5.0,f,5.3,15.0,APROVADO POR NOTA
591392,57564853,f23e5fa8c16da3a0b77a4ed738182750,92127264.0,2.0,7.30000019,f,5.3,15.0,APROVADO POR NOTA
591393,57564853,f23e5fa8c16da3a0b77a4ed738182750,92127264.0,3.0,3.5,f,5.3,15.0,APROVADO POR NOTA
591394,57564853,9b03275cfc98def4ebace9f3a04bdc7c,92127264.0,1.0,6.5,f,7.6,4.0,APROVADO
591395,57564853,9b03275cfc98def4ebace9f3a04bdc7c,92127264.0,2.0,8.69999981,f,7.6,4.0,APROVADO
591396,57564853,9b03275cfc98def4ebace9f3a04bdc7c,92127264.0,3.0,7.5,f,7.6,4.0,APROVADO
591397,57564853,8686cb9f0defc9fec6c7bf5fed40bda4,92127264.0,1.0,3.0,f,6.3,10.0,APROVADO POR NOTA
591398,57564853,8686cb9f0defc9fec6c7bf5fed40bda4,92127264.0,2.0,8.5,f,6.3,10.0,APROVADO POR NOTA
591399,57564853,8686cb9f0defc9fec6c7bf5fed40bda4,92127264.0,3.0,7.5,f,6.3,10.0,APROVADO POR NOTA
591403,57564853,f59c7673d9a33ed201ee68798b80304d,92127264.0,1.0,0.0,t,5.7,16.0,APROVADO POR NOTA
591404,57564853,f59c7673d9a33ed201ee68798b80304d,92127264.0,2.0,5.5,f,5.7,16.0,APROVADO POR NOTA
591405,57564853,f59c7673d9a33ed201ee68798b80304d,92127264.0,3.0,8.5,f,5.7,16.0,APROVADO POR NOTA
591406,57564853,e71f0af009489a309cc39942acac97c0,92127264.0,1.0,2.5,f,3.3,18.0,REPROVADO
591407,57564853,e71f0af009489a309cc39942acac97c0,92127264.0,2.0,6.30000019,f,3.3,18.0,REPROVADO
591408,57564853,e71f0af009489a309cc39942acac97c0,92127264.0,3.0,1.0,f,3.3,18.0,REPROVADO
591409,57564853,0e0595fa516d0c30274d615212d43adb,92127264.0,1.0,9.0,f,8.3,12.0,APROVADO
591410,57564853,0e0595fa516d0c30274d615212d43adb,92127264.0,2.0,10.0,f,8.3,12.0,APROVADO
591411,57564853,0e0595fa516d0c30274d615212d43adb,92127264.0,3.0,6.0,f,8.3,12.0,APROVADO
591412,57564853,af65b0051467eb06384d34802be17b9b,92127264.0,1.0,10.0,f,7.3,10.0,APROVADO
591413,57564853,af65b0051467eb06384d34802be17b9b,92127264.0,2.0,9.5,f,7.3,10.0,APROVADO
591414,57564853,af65b0051467eb06384d34802be17b9b,92127264.0,3.0,2.5,f,7.3,10.0,APROVADO
591415,57564853,0188fee9f69676d5d450513676ffa20f,92127264.0,1.0,5.5,f,5.7,12.0,APROVADO POR NOTA
591416,57564853,0188fee9f69676d5d450513676ffa20f,92127264.0,2.0,5.5,f,5.7,12.0,APROVADO POR NOTA
591417,57564853,0188fee9f69676d5d450513676ffa20f,92127264.0,3.0,6.0,f,5.7,12.0,APROVADO POR NOTA
591421,57564853,7c139dcc64de273719e442da230891cd,92127264.0,1.0,0.0,f,0.0,34.0,REPROVADO POR MÉDIA E POR FALTAS
591422,57564853,7c139dcc64de273719e442da230891cd,92127264.0,2.0,0.0,f,0.0,34.0,REPROVADO POR MÉDIA E POR FALTAS
591423,57564853,7c139dcc64de273719e442da230891cd,92127264.0,3.0,0.0,f,0.0,34.0,REPROVADO POR MÉDIA E POR FALTAS
591424,57564853,3bfc72453ade08f822bb299ae199db21,92127264.0,1.0,2.0,f,0.7,32.0,REPROVADO POR MÉDIA E POR FALTAS
591425,57564853,3bfc72453ade08f822bb299ae199db21,92127264.0,2.0,0.0,f,0.7,32.0,REPROVADO POR MÉDIA E POR FALTAS
591426,57564853,3bfc72453ade08f822bb299ae199db21,92127264.0,3.0,0.0,f,0.7,32.0,REPROVADO POR MÉDIA E POR FALTAS
591427,57564853,a0a597672742f11324d64601528a0257,92127264.0,1.0,8.5,f,9.0,16.0,APROVADO
591428,57564853,a0a597672742f11324d64601528a0257,92127264.0,2.0,8.5,f,9.0,16.0,APROVADO
591429,57564853,a0a597672742f11324d64601528a0257,92127264.0,3.0,10.0,f,9.0,16.0,APROVADO
591433,57564853,64643cedb489d1f1c79849ae3d5b4835,92127264.0,1.0,0.0,t,6.4,16.0,APROVADO POR NOTA
591434,57564853,64643cedb489d1f1c79849ae3d5b4835,92127264.0,2.0,6.30000019,f,6.4,16.0,APROVADO POR NOTA
591435,57564853,64643cedb489d1f1c79849ae3d5b4835,92127264.0,3.0,5.0,f,6.4,16.0,APROVADO POR NOTA
591439,57564853,735bbfb6f7ab46b58f900d62a6e3cf26,92127264.0,1.0,9.5,f,9.8,4.0,APROVADO
591440,57564853,735bbfb6f7ab46b58f900d62a6e3cf26,92127264.0,2.0,9.80000019,f,9.8,4.0,APROVADO
591441,57564853,735bbfb6f7ab46b58f900d62a6e3cf26,92127264.0,3.0,10.0,f,9.8,4.0,APROVADO
591442,57564853,00451143ff85cced810a59ae7dcc61e6,92127264.0,1.0,8.5,f,8.9,14.0,APROVADO
591443,57564853,00451143ff85cced810a59ae7dcc61e6,92127264.0,2.0,9.80000019,f,8.9,14.0,APROVADO
591444,57564853,00451143ff85cced810a59ae7dcc61e6,92127264.0,3.0,8.5,f,8.9,14.0,APROVADO
591445,57564853,a2b5339caf4ea54ef4c904f25feb89ef,92127264.0,1.0,9.0,f,8.5,6.0,APROVADO
591446,57564853,a2b5339caf4ea54ef4c904f25feb89ef,92127264.0,2.0,9.0,f,8.5,6.0,APROVADO
591447,57564853,a2b5339caf4ea54ef4c904f25feb89ef,92127264.0,3.0,7.5,f,8.5,6.0,APROVADO
591448,57564853,4ca2aab5bc166799ef07328772683e6d,92127264.0,3.0,10.0,f,8.2,6.0,APROVADO
591449,57564853,4ca2aab5bc166799ef07328772683e6d,92127264.0,1.0,4.5,f,8.2,6.0,APROVADO
591450,57564853,4ca2aab5bc166799ef07328772683e6d,92127264.0,2.0,10.0,f,8.2,6.0,APROVADO
591451,57564853,0e38c468da1fafa776434dd187a12149,92127264.0,1.0,2.5,f,7.5,16.0,APROVADO
591452,57564853,0e38c468da1fafa776434dd187a12149,92127264.0,2.0,10.0,f,7.5,16.0,APROVADO
591453,57564853,0e38c468da1fafa776434dd187a12149,92127264.0,3.0,10.0,f,7.5,16.0,APROVADO
591454,57564853,e608912e1c99b8d7367c403607fcc6d8,92127264.0,1.0,1.5,t,6.0,6.0,APROVADO POR NOTA
591455,57564853,e608912e1c99b8d7367c403607fcc6d8,92127264.0,2.0,5.0,f,6.0,6.0,APROVADO POR NOTA
591456,57564853,e608912e1c99b8d7367c403607fcc6d8,92127264.0,3.0,8.5,f,6.0,6.0,APROVADO POR NOTA
591457,57564853,520429428d98dac9b5c94168677d77bd,92127264.0,1.0,5.5,f,7.5,8.0,APROVADO
591458,57564853,520429428d98dac9b5c94168677d77bd,92127264.0,2.0,7.0,f,7.5,8.0,APROVADO
591459,57564853,520429428d98dac9b5c94168677d77bd,92127264.0,3.0,10.0,f,7.5,8.0,APROVADO
591811,57564862,50676f5bca0d76c5dd30fae43b86ba37,92127264.0,1.0,8.5,f,5.0,0.0,APROVADO POR NOTA
591812,57564862,50676f5bca0d76c5dd30fae43b86ba37,92127264.0,2.0,3.0,f,5.0,0.0,APROVADO POR NOTA
591813,57564862,50676f5bca0d76c5dd30fae43b86ba37,92127264.0,3.0,3.5,f,5.0,0.0,APROVADO POR NOTA
591814,57564862,430325976024d5d1ef77afdcfaab016a,92127264.0,1.0,6.5,f,7.0,0.0,APROVADO
591815,57564862,430325976024d5d1ef77afdcfaab016a,92127264.0,2.0,4.5,f,7.0,0.0,APROVADO
591816,57564862,430325976024d5d1ef77afdcfaab016a,92127264.0,3.0,10.0,f,7.0,0.0,APROVADO
591818,57564862,ec63873c3581433d75701a854ead2a46,92127264.0,1.0,8.0,f,6.5,0.0,APROVADO POR NOTA
591819,57564862,ec63873c3581433d75701a854ead2a46,92127264.0,2.0,3.0,f,6.5,0.0,APROVADO POR NOTA
591820,57564862,ec63873c3581433d75701a854ead2a46,92127264.0,3.0,8.5,f,6.5,0.0,APROVADO POR NOTA
591824,57564862,0b94a8805eba989f442796ed60e1899b,92127264.0,1.0,6.0,f,7.1,0.0,APROVADO
591825,57564862,0b94a8805eba989f442796ed60e1899b,92127264.0,2.0,5.30000019,f,7.1,0.0,APROVADO
591826,57564862,0b94a8805eba989f442796ed60e1899b,92127264.0,3.0,10.0,f,7.1,0.0,APROVADO
591832,57564862,065818a33218bef3c9b486b384a62107,92127264.0,1.0,0,f,0,0.0,TRANCADO
591833,57564862,065818a33218bef3c9b486b384a62107,92127264.0,2.0,0,f,0,0.0,TRANCADO
591834,57564862,065818a33218bef3c9b486b384a62107,92127264.0,3.0,0,f,0,0.0,TRANCADO
591836,57564862,98dce2e1b2e4e013058b68ec163eb46f,92127264.0,1.0,0.0,f,0.0,0.0,REPROVADO
591837,57564862,98dce2e1b2e4e013058b68ec163eb46f,92127264.0,2.0,0.0,f,0.0,0.0,REPROVADO
591838,57564862,98dce2e1b2e4e013058b68ec163eb46f,92127264.0,3.0,0.0,f,0.0,0.0,REPROVADO
591839,57564862,990a6d5b8c374d5302e2716f022cf495,92127264.0,1.0,0.0,f,0.0,0.0,REPROVADO
591840,57564862,990a6d5b8c374d5302e2716f022cf495,92127264.0,2.0,0.0,f,0.0,0.0,REPROVADO
591841,57564862,990a6d5b8c374d5302e2716f022cf495,92127264.0,3.0,0.0,f,0.0,0.0,REPROVADO
591842,57564862,b49b8b207a2d4bf9b21a01b73a0cdb29,92127264.0,1.0,0,f,0,0.0,TRANCADO
591843,57564862,b49b8b207a2d4bf9b21a01b73a0cdb29,92127264.0,2.0,0,f,0,0.0,TRANCADO
591844,57564862,b49b8b207a2d4bf9b21a01b73a0cdb29,92127264.0,3.0,0,f,0,0.0,TRANCADO
591846,57564862,7be1f85421dde6f505923c856e10700e,92127264.0,1.0,7.0,f,6.7,0.0,APROVADO POR NOTA
591847,57564862,7be1f85421dde6f505923c856e10700e,92127264.0,2.0,6.0,f,6.7,0.0,APROVADO POR NOTA
591848,57564862,7be1f85421dde6f505923c856e10700e,92127264.0,3.0,7.0,f,6.7,0.0,APROVADO POR NOTA
591849,57564862,a49b60d45d706c0e7a01c85e0fe3854e,92127264.0,1.0,5.5,f,7.8,0.0,APROVADO
591850,57564862,a49b60d45d706c0e7a01c85e0fe3854e,92127264.0,2.0,8.0,f,7.8,0.0,APROVADO
591851,57564862,a49b60d45d706c0e7a01c85e0fe3854e,92127264.0,3.0,10.0,f,7.8,0.0,APROVADO
591856,57564862,8a7b533bdb6d32e09a5a2712312be0ea,92127264.0,1.0,10.0,f,6.3,0.0,APROVADO POR NOTA
591857,57564862,8a7b533bdb6d32e09a5a2712312be0ea,92127264.0,2.0,4.0,f,6.3,0.0,APROVADO POR NOTA
591858,57564862,8a7b533bdb6d32e09a5a2712312be0ea,92127264.0,3.0,5.0,f,6.3,0.0,APROVADO POR NOTA
591859,57564862,9632d5f4aa708c6f65db3e91b1e66b3a,92127264.0,1.0,3.0,f,1.0,0.0,REPROVADO
591860,57564862,9632d5f4aa708c6f65db3e91b1e66b3a,92127264.0,2.0,0.0,f,1.0,0.0,REPROVADO
591861,57564862,9632d5f4aa708c6f65db3e91b1e66b3a,92127264.0,3.0,0.0,f,1.0,0.0,REPROVADO
591862,57564862,6f3c5a2a8b8ce220b7fd4ec4769479d0,92127264.0,1.0,10.0,f,10.0,0.0,APROVADO
591863,57564862,6f3c5a2a8b8ce220b7fd4ec4769479d0,92127264.0,2.0,10.0,f,10.0,0.0,APROVADO
591864,57564862,6f3c5a2a8b8ce220b7fd4ec4769479d0,92127264.0,3.0,10.0,f,10.0,0.0,APROVADO
592964,57565936,c2ff293de9a8f3ce1817a667fe700f64,92127264.0,1.0,5.0,f,4.1,6.0,REPROVADO
592965,57565936,c2ff293de9a8f3ce1817a667fe700f64,92127264.0,2.0,7.30000019,f,4.1,6.0,REPROVADO
592966,57565936,c2ff293de9a8f3ce1817a667fe700f64,92127264.0,3.0,0.0,f,4.1,6.0,REPROVADO
593755,57565059,94f27183387ba163815ccb077b676073,92127264.0,1.0,10.0,f,10.0,6.0,APROVADO
593756,57565059,94f27183387ba163815ccb077b676073,92127264.0,2.0,10.0,f,10.0,6.0,APROVADO
593757,57565059,94f27183387ba163815ccb077b676073,92127264.0,3.0,10.0,f,10.0,6.0,APROVADO
593758,57565059,a2b5339caf4ea54ef4c904f25feb89ef,92127264.0,1.0,10.0,f,10.0,0.0,APROVADO
593759,57565059,a2b5339caf4ea54ef4c904f25feb89ef,92127264.0,2.0,10.0,f,10.0,0.0,APROVADO
593760,57565059,a2b5339caf4ea54ef4c904f25feb89ef,92127264.0,3.0,10.0,f,10.0,0.0,APROVADO
593761,57565059,212bde07a1ba6bc28727ceb5d9663bbb,92127264.0,1.0,10.0,f,10.0,0.0,APROVADO
593762,57565059,212bde07a1ba6bc28727ceb5d9663bbb,92127264.0,2.0,10.0,f,10.0,0.0,APROVADO
593763,57565059,212bde07a1ba6bc28727ceb5d9663bbb,92127264.0,3.0,10.0,f,10.0,0.0,APROVADO
603284,57564843,847e489b0b8c99c0edb33f2ccdff3608,92127264.0,1.0,3.29999995,f,2.5,16.0,REPROVADO
603285,57564843,847e489b0b8c99c0edb33f2ccdff3608,92127264.0,2.0,4.19999981,f,2.5,16.0,REPROVADO
603286,57564843,847e489b0b8c99c0edb33f2ccdff3608,92127264.0,3.0,0.0,f,2.5,16.0,REPROVADO
603287,57564843,cb9da9e190b42ad22dea7f31955a025f,92127264.0,1.0,6.5,f,4.5,26.0,REPROVADO
603288,57564843,cb9da9e190b42ad22dea7f31955a025f,92127264.0,2.0,3.5,f,4.5,26.0,REPROVADO
603289,57564843,cb9da9e190b42ad22dea7f31955a025f,92127264.0,3.0,1.5,t,4.5,26.0,REPROVADO
603293,57564843,1deed8f21a895fa8446751ffd0b079f6,92127264.0,1.0,2.0,f,1.8,27.0,REPROVADO POR MÉDIA E POR FALTAS
603294,57564843,1deed8f21a895fa8446751ffd0b079f6,92127264.0,2.0,3.5,f,1.8,27.0,REPROVADO POR MÉDIA E POR FALTAS
603295,57564843,1deed8f21a895fa8446751ffd0b079f6,92127264.0,3.0,0.0,f,1.8,27.0,REPROVADO POR MÉDIA E POR FALTAS
603296,57564843,507b78920cea669978080e478577ae3a,92127264.0,1.0,9.30000019,f,8.7,2.0,APROVADO
603297,57564843,507b78920cea669978080e478577ae3a,92127264.0,2.0,7.30000019,f,8.7,2.0,APROVADO
603298,57564843,507b78920cea669978080e478577ae3a,92127264.0,3.0,9.5,f,8.7,2.0,APROVADO
603303,57564843,a8d5ecfa0ebc8c6499461c0cf211114c,92127264.0,1.0,4.0,f,2.2,28.0,REPROVADO POR MÉDIA E POR FALTAS
603304,57564843,a8d5ecfa0ebc8c6499461c0cf211114c,92127264.0,2.0,1.0,f,2.2,28.0,REPROVADO POR MÉDIA E POR FALTAS
603305,57564843,a8d5ecfa0ebc8c6499461c0cf211114c,92127264.0,3.0,1.5,f,2.2,28.0,REPROVADO POR MÉDIA E POR FALTAS
603309,57564843,2e8fbcbafb4985ec387775a0466a76cd,92127264.0,1.0,1.0,f,0.3,37.0,REPROVADO POR MÉDIA E POR FALTAS
603310,57564843,2e8fbcbafb4985ec387775a0466a76cd,92127264.0,2.0,0.0,f,0.3,37.0,REPROVADO POR MÉDIA E POR FALTAS
603311,57564843,2e8fbcbafb4985ec387775a0466a76cd,92127264.0,3.0,0.0,f,0.3,37.0,REPROVADO POR MÉDIA E POR FALTAS
603315,57564843,432e6fa6191228bfe54ab1b03b3789a8,92127264.0,1.0,1.0,f,1.1,23.0,REPROVADO
603316,57564843,432e6fa6191228bfe54ab1b03b3789a8,92127264.0,2.0,2.29999995,f,1.1,23.0,REPROVADO
603317,57564843,432e6fa6191228bfe54ab1b03b3789a8,92127264.0,3.0,0.0,f,1.1,23.0,REPROVADO
603318,57564843,9587f07b5bb20fc57f90e83d1b107a5b,92127264.0,1.0,0.0,f,0.0,68.0,REPROVADO POR MÉDIA E POR FALTAS
603319,57564843,9587f07b5bb20fc57f90e83d1b107a5b,92127264.0,2.0,0.0,f,0.0,68.0,REPROVADO POR MÉDIA E POR FALTAS
603320,57564843,9587f07b5bb20fc57f90e83d1b107a5b,92127264.0,3.0,0.0,f,0.0,68.0,REPROVADO POR MÉDIA E POR FALTAS
603321,57564843,b747baeb100d39e775e6b8bfc1661ead,92127264.0,1.0,8.5,f,6.5,8.0,APROVADO POR NOTA
603322,57564843,b747baeb100d39e775e6b8bfc1661ead,92127264.0,2.0,6.5,f,6.5,8.0,APROVADO POR NOTA
603323,57564843,b747baeb100d39e775e6b8bfc1661ead,92127264.0,3.0,4.5,f,6.5,8.0,APROVADO POR NOTA
603324,57564843,841a4b19383a7b15a267e8f02035e7bc,92127264.0,1.0,5.5,f,3.0,10.0,REPROVADO
603325,57564843,841a4b19383a7b15a267e8f02035e7bc,92127264.0,2.0,3.5,f,3.0,10.0,REPROVADO
603326,57564843,841a4b19383a7b15a267e8f02035e7bc,92127264.0,3.0,0.0,f,3.0,10.0,REPROVADO
603327,57564843,e2110bf2897e3f51c6bdd0ff55607361,92127264.0,0,0,0,0,0,TRANCADO
603334,57564843,26f01fd04f5b620248135bd79c00ab4d,92127264.0,1.0,6.0,f,4.7,24.0,REPROVADO
603335,57564843,26f01fd04f5b620248135bd79c00ab4d,92127264.0,2.0,0.0,t,4.7,24.0,REPROVADO
603336,57564843,26f01fd04f5b620248135bd79c00ab4d,92127264.0,3.0,4.5,f,4.7,24.0,REPROVADO
603337,57564843,5f104921a4144c61381f27ed8566675b,92127264.0,1.0,6.0,f,5.4,9.0,APROVADO POR NOTA
603338,57564843,5f104921a4144c61381f27ed8566675b,92127264.0,2.0,4.80000019,f,5.4,9.0,APROVADO POR NOTA
603339,57564843,5f104921a4144c61381f27ed8566675b,92127264.0,3.0,5.5,f,5.4,9.0,APROVADO POR NOTA
603340,57564843,6d3bd1cc430fb7ed07bc6081aa6ada21,92127264.0,1.0,1.0,f,1.1,36.0,REPROVADO POR MÉDIA E POR FALTAS
603341,57564843,6d3bd1cc430fb7ed07bc6081aa6ada21,92127264.0,2.0,2.29999995,f,1.1,36.0,REPROVADO POR MÉDIA E POR FALTAS
603342,57564843,6d3bd1cc430fb7ed07bc6081aa6ada21,92127264.0,3.0,0.0,f,1.1,36.0,REPROVADO POR MÉDIA E POR FALTAS
603343,57564843,70ab5bf4ea48b0305dac34a3b6ca9a30,92127264.0,1.0,10.0,f,8.3,11.0,APROVADO
603344,57564843,70ab5bf4ea48b0305dac34a3b6ca9a30,92127264.0,2.0,7.30000019,f,8.3,11.0,APROVADO
603345,57564843,70ab5bf4ea48b0305dac34a3b6ca9a30,92127264.0,3.0,7.5,f,8.3,11.0,APROVADO
605019,57566734,5625c20186d9be50433092f3269db96a,92127264.0,1.0,10.0,f,9.5,2.0,APROVADO
605020,57566734,5625c20186d9be50433092f3269db96a,92127264.0,2.0,9.39999962,f,9.5,2.0,APROVADO
605021,57566734,5625c20186d9be50433092f3269db96a,92127264.0,3.0,9.0,f,9.5,2.0,APROVADO
605022,57566734,81b3bf9f2b3b99b358a853e77c69d338,92127264.0,1.0,8.10000038,f,5.2,27.0,APROVADO POR NOTA
605023,57566734,81b3bf9f2b3b99b358a853e77c69d338,92127264.0,2.0,3.70000005,f,5.2,27.0,APROVADO POR NOTA
605024,57566734,81b3bf9f2b3b99b358a853e77c69d338,92127264.0,3.0,3.70000005,f,5.2,27.0,APROVADO POR NOTA
605025,57566734,deef0a878b7ac3d6e642ed295a0e739e,92127264.0,1.0,9.80000019,f,9.7,9.0,APROVADO
605026,57566734,deef0a878b7ac3d6e642ed295a0e739e,92127264.0,2.0,9.19999981,f,9.7,9.0,APROVADO
605027,57566734,deef0a878b7ac3d6e642ed295a0e739e,92127264.0,3.0,10.0,f,9.7,9.0,APROVADO
605028,57566734,1286821dee33ad4c8c3048282848f6e5,92127264.0,1.0,6.4000001,f,6.1,8.0,APROVADO POR NOTA
605029,57566734,1286821dee33ad4c8c3048282848f6e5,92127264.0,2.0,6.599999900000001,f,6.1,8.0,APROVADO POR NOTA
605030,57566734,1286821dee33ad4c8c3048282848f6e5,92127264.0,3.0,5.30000019,f,6.1,8.0,APROVADO POR NOTA
605031,57566734,ba5fefd9bd218063b6484ba2916d3bf0,92127264.0,1.0,10.0,f,9.6,0.0,APROVADO
605032,57566734,ba5fefd9bd218063b6484ba2916d3bf0,92127264.0,2.0,9.60000038,f,9.6,0.0,APROVADO
605033,57566734,ba5fefd9bd218063b6484ba2916d3bf0,92127264.0,3.0,9.10000038,f,9.6,0.0,APROVADO
605034,57566734,6d42cc9c6a322c7518b6e14c0cb943c4,92127264.0,1.0,10.0,f,9.6,5.0,APROVADO
605035,57566734,6d42cc9c6a322c7518b6e14c0cb943c4,92127264.0,2.0,10.0,f,9.6,5.0,APROVADO
605036,57566734,6d42cc9c6a322c7518b6e14c0cb943c4,92127264.0,3.0,8.89999962,f,9.6,5.0,APROVADO
605043,57566734,f47ace7fbb22012f488f24b9a2593db9,92127264.0,0,0,0,0,0,TRANCADO
605044,57566734,2bebbda0ca273a4be74009d7699de55f,92127264.0,1.0,7.19999981,f,5.8,5.0,APROVADO POR NOTA
605045,57566734,2bebbda0ca273a4be74009d7699de55f,92127264.0,2.0,5.5999999,f,5.8,5.0,APROVADO POR NOTA
605046,57566734,2bebbda0ca273a4be74009d7699de55f,92127264.0,3.0,4.69999981,f,5.8,5.0,APROVADO POR NOTA
605047,57566734,b06b391213ef9e3897598dec729ae710,92127264.0,1.0,5.30000019,f,2.4,36.0,REPROVADO POR MÉDIA E POR FALTAS
605048,57566734,b06b391213ef9e3897598dec729ae710,92127264.0,2.0,1.39999998,f,2.4,36.0,REPROVADO POR MÉDIA E POR FALTAS
605049,57566734,b06b391213ef9e3897598dec729ae710,92127264.0,3.0,0.5,f,2.4,36.0,REPROVADO POR MÉDIA E POR FALTAS
605050,57566734,ac15394f332cd690a1f81161dddf8620,92127264.0,1.0,6.5,f,4.3,18.0,REPROVADO
605051,57566734,ac15394f332cd690a1f81161dddf8620,92127264.0,2.0,4.5999999,f,4.3,18.0,REPROVADO
605052,57566734,ac15394f332cd690a1f81161dddf8620,92127264.0,3.0,1.89999998,f,4.3,18.0,REPROVADO
605053,57566734,e608912e1c99b8d7367c403607fcc6d8,92127264.0,1.0,0,f,0,0.0,TRANCADO
605054,57566734,e608912e1c99b8d7367c403607fcc6d8,92127264.0,2.0,0,f,0,0.0,TRANCADO
605055,57566734,e608912e1c99b8d7367c403607fcc6d8,92127264.0,3.0,0,f,0,0.0,TRANCADO
609295,57563874,eddf85f8de16759001056bee8d4bf32b,92127264.0,3.0,0.0,f,3.1,16.0,REPROVADO
609296,57563874,eddf85f8de16759001056bee8d4bf32b,92127264.0,1.0,6.0,f,3.1,16.0,REPROVADO
609297,57563874,eddf85f8de16759001056bee8d4bf32b,92127264.0,2.0,3.4000001,f,3.1,16.0,REPROVADO
609548,57563821,6d42cc9c6a322c7518b6e14c0cb943c4,92127264.0,1.0,10.0,f,8.7,2.0,APROVADO
609549,57563821,6d42cc9c6a322c7518b6e14c0cb943c4,92127264.0,2.0,8.19999981,f,8.7,2.0,APROVADO
609550,57563821,6d42cc9c6a322c7518b6e14c0cb943c4,92127264.0,3.0,8.0,f,8.7,2.0,APROVADO
611581,57564806,cb61f93d6145ddb7d4a4e28b7fe33225,92127264.0,1.0,3.0,t,5.8,8.0,APROVADO POR NOTA
611582,57564806,cb61f93d6145ddb7d4a4e28b7fe33225,92127264.0,2.0,4.0,f,5.8,8.0,APROVADO POR NOTA
611583,57564806,cb61f93d6145ddb7d4a4e28b7fe33225,92127264.0,3.0,7.0,f,5.8,8.0,APROVADO POR NOTA
611584,57564806,500e6edfd4aae0cc92d0931f52794a07,92127264.0,1.0,5.0,f,7.0,8.0,APROVADO
611585,57564806,500e6edfd4aae0cc92d0931f52794a07,92127264.0,2.0,6.80000019,f,7.0,8.0,APROVADO
611586,57564806,500e6edfd4aae0cc92d0931f52794a07,92127264.0,3.0,9.30000019,f,7.0,8.0,APROVADO
611587,57564806,cbf9dc31ed9483b7c110416da9620d31,92127264.0,1.0,7.5,f,8.8,14.0,APROVADO
611588,57564806,cbf9dc31ed9483b7c110416da9620d31,92127264.0,2.0,8.80000019,f,8.8,14.0,APROVADO
611589,57564806,cbf9dc31ed9483b7c110416da9620d31,92127264.0,3.0,10.0,f,8.8,14.0,APROVADO
611590,57564806,1b1bb78ab66b8a12f8e0f0b569669bb8,92127264.0,1.0,4.0,f,2.0,28.0,REPROVADO POR MÉDIA E POR FALTAS
611591,57564806,1b1bb78ab66b8a12f8e0f0b569669bb8,92127264.0,2.0,2.0,f,2.0,28.0,REPROVADO POR MÉDIA E POR FALTAS
611592,57564806,1b1bb78ab66b8a12f8e0f0b569669bb8,92127264.0,3.0,0.0,f,2.0,28.0,REPROVADO POR MÉDIA E POR FALTAS
611593,57564806,38ceb42ec7122ddfb2dcf670bf47be08,92127264.0,1.0,10.0,f,8.5,14.0,APROVADO
611594,57564806,38ceb42ec7122ddfb2dcf670bf47be08,92127264.0,2.0,8.30000019,f,8.5,14.0,APROVADO
611595,57564806,38ceb42ec7122ddfb2dcf670bf47be08,92127264.0,3.0,7.30000019,f,8.5,14.0,APROVADO
611596,57564806,5f104921a4144c61381f27ed8566675b,92127264.0,1.0,5.0,f,5.0,6.0,APROVADO POR NOTA
611597,57564806,5f104921a4144c61381f27ed8566675b,92127264.0,2.0,5.5,f,5.0,6.0,APROVADO POR NOTA
611598,57564806,5f104921a4144c61381f27ed8566675b,92127264.0,3.0,4.5,f,5.0,6.0,APROVADO POR NOTA
611600,57564806,cb9da9e190b42ad22dea7f31955a025f,92127264.0,1.0,0.0,f,0.7,26.0,REPROVADO POR MÉDIA E POR FALTAS
611601,57564806,cb9da9e190b42ad22dea7f31955a025f,92127264.0,2.0,2.0,f,0.7,26.0,REPROVADO POR MÉDIA E POR FALTAS
611602,57564806,cb9da9e190b42ad22dea7f31955a025f,92127264.0,3.0,0.0,f,0.7,26.0,REPROVADO POR MÉDIA E POR FALTAS
611603,57564806,70ab5bf4ea48b0305dac34a3b6ca9a30,92127264.0,1.0,9.5,f,8.3,6.0,APROVADO
611604,57564806,70ab5bf4ea48b0305dac34a3b6ca9a30,92127264.0,2.0,7.30000019,f,8.3,6.0,APROVADO
611605,57564806,70ab5bf4ea48b0305dac34a3b6ca9a30,92127264.0,3.0,8.0,f,8.3,6.0,APROVADO
611606,57564806,8dca625c4aeef2641364d784bcef00c5,92127264.0,1.0,8.5,f,8.8,12.0,APROVADO
611607,57564806,8dca625c4aeef2641364d784bcef00c5,92127264.0,2.0,8.0,f,8.8,12.0,APROVADO
611608,57564806,8dca625c4aeef2641364d784bcef00c5,92127264.0,3.0,10.0,f,8.8,12.0,APROVADO
611612,57564806,f74e8d844ba3ad5aaa4cfb9a70abec8d,92127264.0,1.0,9.19999981,f,3.9,0.0,REPROVADO
611613,57564806,f74e8d844ba3ad5aaa4cfb9a70abec8d,92127264.0,2.0,1.10000002,f,3.9,0.0,REPROVADO
611614,57564806,f74e8d844ba3ad5aaa4cfb9a70abec8d,92127264.0,3.0,1.39999998,f,3.9,0.0,REPROVADO
611615,57564806,9f9cb2c52de7733782ab559ac58fd464,92127264.0,1.0,7.80000019,f,5.5,14.0,APROVADO POR NOTA
611616,57564806,9f9cb2c52de7733782ab559ac58fd464,92127264.0,2.0,3.20000005,f,5.5,14.0,APROVADO POR NOTA
611617,57564806,9f9cb2c52de7733782ab559ac58fd464,92127264.0,3.0,0.0,t,5.5,14.0,APROVADO POR NOTA
611618,57564806,9587f07b5bb20fc57f90e83d1b107a5b,92127264.0,1.0,0.0,f,0.0,42.0,REPROVADO POR MÉDIA E POR FALTAS
611619,57564806,9587f07b5bb20fc57f90e83d1b107a5b,92127264.0,2.0,0.0,f,0.0,42.0,REPROVADO POR MÉDIA E POR FALTAS
611620,57564806,9587f07b5bb20fc57f90e83d1b107a5b,92127264.0,3.0,0.0,f,0.0,42.0,REPROVADO POR MÉDIA E POR FALTAS
611621,57564806,432e6fa6191228bfe54ab1b03b3789a8,92127264.0,1.0,2.5,f,1.0,4.0,REPROVADO
611622,57564806,432e6fa6191228bfe54ab1b03b3789a8,92127264.0,2.0,0.5,f,1.0,4.0,REPROVADO
611623,57564806,432e6fa6191228bfe54ab1b03b3789a8,92127264.0,3.0,0.0,f,1.0,4.0,REPROVADO
611624,57564806,b52d5dd99b5a63f58448a14aa4634d5c,92127264.0,1.0,5.0,f,5.7,4.0,APROVADO POR NOTA
611625,57564806,b52d5dd99b5a63f58448a14aa4634d5c,92127264.0,2.0,7.0,f,5.7,4.0,APROVADO POR NOTA
611626,57564806,b52d5dd99b5a63f58448a14aa4634d5c,92127264.0,3.0,5.0,f,5.7,4.0,APROVADO POR NOTA
611627,57564806,a8d5ecfa0ebc8c6499461c0cf211114c,92127264.0,1.0,0.0,f,0.9,24.0,REPROVADO POR MÉDIA E POR FALTAS
611628,57564806,a8d5ecfa0ebc8c6499461c0cf211114c,92127264.0,2.0,2.79999995,f,0.9,24.0,REPROVADO POR MÉDIA E POR FALTAS
611629,57564806,a8d5ecfa0ebc8c6499461c0cf211114c,92127264.0,3.0,0.0,f,0.9,24.0,REPROVADO POR MÉDIA E POR FALTAS
611630,57564806,6caf49fdb54c8eefcef753a4f29e68e0,92127264.0,1.0,2.0,t,8.5,0.0,APROVADO
611631,57564806,6caf49fdb54c8eefcef753a4f29e68e0,92127264.0,2.0,6.30000019,f,8.5,0.0,APROVADO
611632,57564806,6caf49fdb54c8eefcef753a4f29e68e0,92127264.0,3.0,9.30000019,f,8.5,0.0,APROVADO
611633,57564806,a7f137d43e7d464f44e3c234ef986f70,92127264.0,1.0,5.0,f,1.7,6.0,REPROVADO
611634,57564806,a7f137d43e7d464f44e3c234ef986f70,92127264.0,2.0,0.0,f,1.7,6.0,REPROVADO
611635,57564806,a7f137d43e7d464f44e3c234ef986f70,92127264.0,3.0,0.0,f,1.7,6.0,REPROVADO
611636,57564806,1deed8f21a895fa8446751ffd0b079f6,92127264.0,1.0,1.0,f,2.2,10.0,REPROVADO
611637,57564806,1deed8f21a895fa8446751ffd0b079f6,92127264.0,2.0,1.0,f,2.2,10.0,REPROVADO
611638,57564806,1deed8f21a895fa8446751ffd0b079f6,92127264.0,3.0,4.5,f,2.2,10.0,REPROVADO
611639,57564806,6d3bd1cc430fb7ed07bc6081aa6ada21,92127264.0,1.0,2.5,f,2.7,14.0,REPROVADO
611640,57564806,6d3bd1cc430fb7ed07bc6081aa6ada21,92127264.0,2.0,1.29999995,f,2.7,14.0,REPROVADO
611641,57564806,6d3bd1cc430fb7ed07bc6081aa6ada21,92127264.0,3.0,4.30000019,f,2.7,14.0,REPROVADO
611762,57564823,cb61f93d6145ddb7d4a4e28b7fe33225,92127264.0,1.0,9.19999981,f,8.2,0.0,APROVADO
611763,57564823,cb61f93d6145ddb7d4a4e28b7fe33225,92127264.0,2.0,8.30000019,f,8.2,0.0,APROVADO
611764,57564823,cb61f93d6145ddb7d4a4e28b7fe33225,92127264.0,3.0,7.0,f,8.2,0.0,APROVADO
611765,57564823,cbf9dc31ed9483b7c110416da9620d31,92127264.0,1.0,9.19999981,f,9.3,0.0,APROVADO
611766,57564823,cbf9dc31ed9483b7c110416da9620d31,92127264.0,2.0,8.80000019,f,9.3,0.0,APROVADO
611767,57564823,cbf9dc31ed9483b7c110416da9620d31,92127264.0,3.0,10.0,f,9.3,0.0,APROVADO
611768,57564823,5f104921a4144c61381f27ed8566675b,92127264.0,1.0,6.4000001,f,6.8,0.0,APROVADO POR NOTA
611769,57564823,5f104921a4144c61381f27ed8566675b,92127264.0,2.0,3.0,t,6.8,0.0,APROVADO POR NOTA
611770,57564823,5f104921a4144c61381f27ed8566675b,92127264.0,3.0,4.5,f,6.8,0.0,APROVADO POR NOTA
611771,57564823,cb9da9e190b42ad22dea7f31955a025f,92127264.0,1.0,0.0,f,0.0,0.0,REPROVADO
611772,57564823,cb9da9e190b42ad22dea7f31955a025f,92127264.0,2.0,0.0,f,0.0,0.0,REPROVADO
611773,57564823,cb9da9e190b42ad22dea7f31955a025f,92127264.0,3.0,0.0,f,0.0,0.0,REPROVADO
611774,57564823,70ab5bf4ea48b0305dac34a3b6ca9a30,92127264.0,1.0,7.5,f,8.4,0.0,APROVADO
611775,57564823,70ab5bf4ea48b0305dac34a3b6ca9a30,92127264.0,2.0,9.80000019,f,8.4,0.0,APROVADO
611776,57564823,70ab5bf4ea48b0305dac34a3b6ca9a30,92127264.0,3.0,8.0,f,8.4,0.0,APROVADO
611777,57564823,9f9cb2c52de7733782ab559ac58fd464,92127264.0,1.0,7.099999900000001,f,5.7,0.0,APROVADO POR NOTA
611778,57564823,9f9cb2c52de7733782ab559ac58fd464,92127264.0,2.0,4.5,f,5.7,0.0,APROVADO POR NOTA
611779,57564823,9f9cb2c52de7733782ab559ac58fd464,92127264.0,3.0,0.0,t,5.7,0.0,APROVADO POR NOTA
611780,57564823,b52d5dd99b5a63f58448a14aa4634d5c,92127264.0,1.0,9.10000038,f,6.5,0.0,APROVADO POR NOTA
611781,57564823,b52d5dd99b5a63f58448a14aa4634d5c,92127264.0,2.0,1.79999995,t,6.5,0.0,APROVADO POR NOTA
611782,57564823,b52d5dd99b5a63f58448a14aa4634d5c,92127264.0,3.0,5.0,f,6.5,0.0,APROVADO POR NOTA
611784,57564823,a8d5ecfa0ebc8c6499461c0cf211114c,92127264.0,1.0,0.0,f,0.0,0.0,REPROVADO
611785,57564823,a8d5ecfa0ebc8c6499461c0cf211114c,92127264.0,2.0,0.0,f,0.0,0.0,REPROVADO
611786,57564823,a8d5ecfa0ebc8c6499461c0cf211114c,92127264.0,3.0,0.0,f,0.0,0.0,REPROVADO
611787,57564823,a7f137d43e7d464f44e3c234ef986f70,92127264.0,1.0,4.5,f,1.7,0.0,REPROVADO
611788,57564823,a7f137d43e7d464f44e3c234ef986f70,92127264.0,2.0,0.5,f,1.7,0.0,REPROVADO
611789,57564823,a7f137d43e7d464f44e3c234ef986f70,92127264.0,3.0,0.0,f,1.7,0.0,REPROVADO
611790,57564823,6d3bd1cc430fb7ed07bc6081aa6ada21,92127264.0,1.0,3.9000001,f,3.9,0.0,REPROVADO
611791,57564823,6d3bd1cc430fb7ed07bc6081aa6ada21,92127264.0,2.0,3.5,f,3.9,0.0,REPROVADO
611792,57564823,6d3bd1cc430fb7ed07bc6081aa6ada21,92127264.0,3.0,4.30000019,f,3.9,0.0,REPROVADO
611793,57564823,38ceb42ec7122ddfb2dcf670bf47be08,92127264.0,1.0,9.80000019,f,8.2,0.0,APROVADO
611794,57564823,38ceb42ec7122ddfb2dcf670bf47be08,92127264.0,2.0,7.5,f,8.2,0.0,APROVADO
611795,57564823,38ceb42ec7122ddfb2dcf670bf47be08,92127264.0,3.0,7.30000019,f,8.2,0.0,APROVADO
611796,57564823,1deed8f21a895fa8446751ffd0b079f6,92127264.0,1.0,1.5,f,2.3,0.0,REPROVADO
611797,57564823,1deed8f21a895fa8446751ffd0b079f6,92127264.0,2.0,0.8999999759999999,f,2.3,0.0,REPROVADO
611798,57564823,1deed8f21a895fa8446751ffd0b079f6,92127264.0,3.0,4.5,f,2.3,0.0,REPROVADO
616465,57564875,9b03275cfc98def4ebace9f3a04bdc7c,92127264.0,1.0,7.400000099999999,f,6.8,8.0,APROVADO POR NOTA
616466,57564875,9b03275cfc98def4ebace9f3a04bdc7c,92127264.0,2.0,5.5,f,6.8,8.0,APROVADO POR NOTA
616467,57564875,9b03275cfc98def4ebace9f3a04bdc7c,92127264.0,3.0,7.400000099999999,f,6.8,8.0,APROVADO POR NOTA
616468,57564875,beac1f49210679beb9b26a1636ed3ff3,92127264.0,1.0,7.80000019,f,6.5,18.0,APROVADO POR NOTA
616469,57564875,beac1f49210679beb9b26a1636ed3ff3,92127264.0,2.0,4.5999999,f,6.5,18.0,APROVADO POR NOTA
616470,57564875,beac1f49210679beb9b26a1636ed3ff3,92127264.0,3.0,7.0,f,6.5,18.0,APROVADO POR NOTA
616471,57564875,94f27183387ba163815ccb077b676073,92127264.0,1.0,8.5,f,8.5,22.0,APROVADO
616472,57564875,94f27183387ba163815ccb077b676073,92127264.0,2.0,9.10000038,f,8.5,22.0,APROVADO
616473,57564875,94f27183387ba163815ccb077b676073,92127264.0,3.0,8.0,f,8.5,22.0,APROVADO
616474,57564875,212bde07a1ba6bc28727ceb5d9663bbb,92127264.0,1.0,9.0,f,6.7,15.0,APROVADO POR NOTA
616475,57564875,212bde07a1ba6bc28727ceb5d9663bbb,92127264.0,2.0,4.5999999,f,6.7,15.0,APROVADO POR NOTA
616476,57564875,212bde07a1ba6bc28727ceb5d9663bbb,92127264.0,3.0,6.599999900000001,f,6.7,15.0,APROVADO POR NOTA
616477,57565058,9b03275cfc98def4ebace9f3a04bdc7c,92127264.0,1.0,7.5,f,6.6,5.0,APROVADO POR NOTA
616478,57565058,9b03275cfc98def4ebace9f3a04bdc7c,92127264.0,2.0,5.30000019,f,6.6,5.0,APROVADO POR NOTA
616479,57565058,9b03275cfc98def4ebace9f3a04bdc7c,92127264.0,3.0,7.0,f,6.6,5.0,APROVADO POR NOTA
616480,57565058,beac1f49210679beb9b26a1636ed3ff3,92127264.0,1.0,5.0,f,6.2,17.0,APROVADO POR NOTA
616481,57565058,beac1f49210679beb9b26a1636ed3ff3,92127264.0,2.0,6.5,f,6.2,17.0,APROVADO POR NOTA
616482,57565058,beac1f49210679beb9b26a1636ed3ff3,92127264.0,3.0,7.0,f,6.2,17.0,APROVADO POR NOTA
616483,57565058,94f27183387ba163815ccb077b676073,92127264.0,1.0,9.69999981,f,8.0,17.0,APROVADO
616484,57565058,94f27183387ba163815ccb077b676073,92127264.0,2.0,7.19999981,f,8.0,17.0,APROVADO
616485,57565058,94f27183387ba163815ccb077b676073,92127264.0,3.0,7.0,f,8.0,17.0,APROVADO
616486,57565058,212bde07a1ba6bc28727ceb5d9663bbb,92127264.0,1.0,8.69999981,f,7.3,13.0,APROVADO
616487,57565058,212bde07a1ba6bc28727ceb5d9663bbb,92127264.0,2.0,6.19999981,f,7.3,13.0,APROVADO
616488,57565058,212bde07a1ba6bc28727ceb5d9663bbb,92127264.0,3.0,7.0,f,7.3,13.0,APROVADO
616494,57564835,9b03275cfc98def4ebace9f3a04bdc7c,92127264.0,1.0,8.0,f,7.8,2.0,APROVADO
616495,57564835,9b03275cfc98def4ebace9f3a04bdc7c,92127264.0,2.0,7.5,f,7.8,2.0,APROVADO
616496,57564835,9b03275cfc98def4ebace9f3a04bdc7c,92127264.0,3.0,8.0,f,7.8,2.0,APROVADO
616497,57564835,52df7a26e3059a52241366146b904b01,92127264.0,0,0,0,0,0,DESISTENCIA
616498,57564835,beac1f49210679beb9b26a1636ed3ff3,92127264.0,1.0,5.0,f,7.0,0.0,APROVADO
616499,57564835,beac1f49210679beb9b26a1636ed3ff3,92127264.0,2.0,7.5,f,7.0,0.0,APROVADO
616500,57564835,beac1f49210679beb9b26a1636ed3ff3,92127264.0,3.0,8.5,f,7.0,0.0,APROVADO
616501,57564835,cb5af6571a4fea0ecf8163f351e66725,92127264.0,0,0,0,0,0,TRANCADO
616502,57564835,a2b5339caf4ea54ef4c904f25feb89ef,92127264.0,1.0,10.0,f,8.3,4.0,APROVADO
616503,57564835,a2b5339caf4ea54ef4c904f25feb89ef,92127264.0,2.0,7.0,f,8.3,4.0,APROVADO
616504,57564835,a2b5339caf4ea54ef4c904f25feb89ef,92127264.0,3.0,8.0,f,8.3,4.0,APROVADO
616505,57564835,94f27183387ba163815ccb077b676073,92127264.0,1.0,10.0,f,8.3,2.0,APROVADO
616506,57564835,94f27183387ba163815ccb077b676073,92127264.0,2.0,8.0,f,8.3,2.0,APROVADO
616507,57564835,94f27183387ba163815ccb077b676073,92127264.0,3.0,7.0,f,8.3,2.0,APROVADO
616508,57564835,8cf52a04b4b12e332f8a54264a52ba53,92127264.0,1.0,0.0,f,0.0,36.0,REPROVADO POR MÉDIA E POR FALTAS
616509,57564835,8cf52a04b4b12e332f8a54264a52ba53,92127264.0,2.0,0.0,f,0.0,36.0,REPROVADO POR MÉDIA E POR FALTAS
616510,57564835,8cf52a04b4b12e332f8a54264a52ba53,92127264.0,3.0,0.0,f,0.0,36.0,REPROVADO POR MÉDIA E POR FALTAS
616511,57564835,212bde07a1ba6bc28727ceb5d9663bbb,92127264.0,1.0,8.0,f,7.5,2.0,APROVADO
616512,57564835,212bde07a1ba6bc28727ceb5d9663bbb,92127264.0,2.0,7.5,f,7.5,2.0,APROVADO
616513,57564835,212bde07a1ba6bc28727ceb5d9663bbb,92127264.0,3.0,7.0,f,7.5,2.0,APROVADO
617497,57566676,b419813a078aae20633c5585127ede87,92127264.0,1.0,10.0,f,9.0,17.0,APROVADO
617498,57566676,b419813a078aae20633c5585127ede87,92127264.0,2.0,8.0,f,9.0,17.0,APROVADO
617499,57566676,b419813a078aae20633c5585127ede87,92127264.0,3.0,9.0,f,9.0,17.0,APROVADO
617538,57566676,b419813a078aae20633c5585127ede87,92127264.0,1.0,10.0,f,9.0,17.0,APROVADO
617539,57566676,b419813a078aae20633c5585127ede87,92127264.0,2.0,8.0,f,9.0,17.0,APROVADO
617540,57566676,b419813a078aae20633c5585127ede87,92127264.0,3.0,9.0,f,9.0,17.0,APROVADO
620323,57566710,67a7d8d14b772580587d3409b1d352e7,92127264.0,1.0,4.5,f,5.7,10.0,APROVADO POR NOTA
620324,57566710,67a7d8d14b772580587d3409b1d352e7,92127264.0,2.0,6.0,f,5.7,10.0,APROVADO POR NOTA
620325,57566710,67a7d8d14b772580587d3409b1d352e7,92127264.0,3.0,6.5,f,5.7,10.0,APROVADO POR NOTA
620326,57566710,0c4312afd7654b4572f06d1f4e90b884,92127264.0,1.0,8.5,f,9.2,6.0,APROVADO
620327,57566710,0c4312afd7654b4572f06d1f4e90b884,92127264.0,2.0,10.0,f,9.2,6.0,APROVADO
620328,57566710,0c4312afd7654b4572f06d1f4e90b884,92127264.0,3.0,9.0,f,9.2,6.0,APROVADO
620334,57566710,2dc7771e870b008c111aa85ad59f1f66,92127264.0,1.0,8.0,f,8.0,6.0,APROVADO
620335,57566710,2dc7771e870b008c111aa85ad59f1f66,92127264.0,2.0,7.5,f,8.0,6.0,APROVADO
620336,57566710,2dc7771e870b008c111aa85ad59f1f66,92127264.0,3.0,8.5,f,8.0,6.0,APROVADO
620337,57566710,2297eebcbf4008c925c4056c12bb3b27,92127264.0,1.0,9.5,f,8.7,6.0,APROVADO
620338,57566710,2297eebcbf4008c925c4056c12bb3b27,92127264.0,2.0,8.19999981,f,8.7,6.0,APROVADO
620339,57566710,2297eebcbf4008c925c4056c12bb3b27,92127264.0,3.0,8.5,f,8.7,6.0,APROVADO
620340,57566710,c1d4e7afda2dc570f6d8319b0f511f8b,92127264.0,1.0,9.0,f,9.4,2.0,APROVADO
620341,57566710,c1d4e7afda2dc570f6d8319b0f511f8b,92127264.0,2.0,9.30000019,f,9.4,2.0,APROVADO
620342,57566710,c1d4e7afda2dc570f6d8319b0f511f8b,92127264.0,3.0,10.0,f,9.4,2.0,APROVADO
620346,57566710,0e0595fa516d0c30274d615212d43adb,92127264.0,1.0,8.0,f,6.3,6.0,APROVADO POR NOTA
620347,57566710,0e0595fa516d0c30274d615212d43adb,92127264.0,2.0,7.0,f,6.3,6.0,APROVADO POR NOTA
620348,57566710,0e0595fa516d0c30274d615212d43adb,92127264.0,3.0,4.0,f,6.3,6.0,APROVADO POR NOTA
620349,57566710,a4aa5cbcc579bd9b2ce70c7590ee4b04,92127264.0,1.0,10.0,f,9.5,0.0,APROVADO
620350,57566710,a4aa5cbcc579bd9b2ce70c7590ee4b04,92127264.0,2.0,8.5,f,9.5,0.0,APROVADO
620351,57566710,a4aa5cbcc579bd9b2ce70c7590ee4b04,92127264.0,3.0,10.0,f,9.5,0.0,APROVADO
620352,57566710,af65b0051467eb06384d34802be17b9b,92127264.0,1.0,8.5,f,6.5,6.0,APROVADO POR NOTA
620353,57566710,af65b0051467eb06384d34802be17b9b,92127264.0,2.0,7.0,f,6.5,6.0,APROVADO POR NOTA
620354,57566710,af65b0051467eb06384d34802be17b9b,92127264.0,3.0,4.0,f,6.5,6.0,APROVADO POR NOTA
620355,57566710,e16576bd21bb2c78f61e3b895da26433,92127264.0,1.0,6.0,f,7.1,10.0,APROVADO
620356,57566710,e16576bd21bb2c78f61e3b895da26433,92127264.0,2.0,8.89999962,f,7.1,10.0,APROVADO
620357,57566710,e16576bd21bb2c78f61e3b895da26433,92127264.0,3.0,6.5,f,7.1,10.0,APROVADO
620559,57564871,f32c342b30e30053a2624f5d981385d1,92127264.0,1.0,7.0,f,8.3,10.0,APROVADO
620560,57564871,f32c342b30e30053a2624f5d981385d1,92127264.0,2.0,9.0,f,8.3,10.0,APROVADO
620561,57564871,f32c342b30e30053a2624f5d981385d1,92127264.0,3.0,9.0,f,8.3,10.0,APROVADO
620562,57564871,0b94a8805eba989f442796ed60e1899b,92127264.0,1.0,7.0,f,8.2,14.0,APROVADO
620563,57564871,0b94a8805eba989f442796ed60e1899b,92127264.0,2.0,9.0,f,8.2,14.0,APROVADO
620564,57564871,0b94a8805eba989f442796ed60e1899b,92127264.0,3.0,8.5,f,8.2,14.0,APROVADO
620565,57564871,52e567da9dc48df1c9c4cca1d3857a71,92127264.0,1.0,7.0,f,8.8,11.0,APROVADO
620566,57564871,52e567da9dc48df1c9c4cca1d3857a71,92127264.0,2.0,9.5,f,8.8,11.0,APROVADO
620567,57564871,52e567da9dc48df1c9c4cca1d3857a71,92127264.0,3.0,10.0,f,8.8,11.0,APROVADO
620568,57564871,a4aa5cbcc579bd9b2ce70c7590ee4b04,92127264.0,1.0,10.0,f,9.8,4.0,APROVADO
620569,57564871,a4aa5cbcc579bd9b2ce70c7590ee4b04,92127264.0,2.0,9.5,f,9.8,4.0,APROVADO
620570,57564871,a4aa5cbcc579bd9b2ce70c7590ee4b04,92127264.0,3.0,10.0,f,9.8,4.0,APROVADO
620571,57564871,5299d4aa1beb39ddaba0ff9427a90e26,92127264.0,1.0,8.0,f,9.0,8.0,APROVADO
620572,57564871,5299d4aa1beb39ddaba0ff9427a90e26,92127264.0,2.0,9.5,f,9.0,8.0,APROVADO
620573,57564871,5299d4aa1beb39ddaba0ff9427a90e26,92127264.0,3.0,9.5,f,9.0,8.0,APROVADO
620574,57564871,af65b0051467eb06384d34802be17b9b,92127264.0,1.0,7.5,f,8.8,10.0,APROVADO
620575,57564871,af65b0051467eb06384d34802be17b9b,92127264.0,2.0,9.0,f,8.8,10.0,APROVADO
620576,57564871,af65b0051467eb06384d34802be17b9b,92127264.0,3.0,10.0,f,8.8,10.0,APROVADO
620577,57564871,0e0595fa516d0c30274d615212d43adb,92127264.0,1.0,7.5,f,8.8,10.0,APROVADO
620578,57564871,0e0595fa516d0c30274d615212d43adb,92127264.0,2.0,9.0,f,8.8,10.0,APROVADO
620579,57564871,0e0595fa516d0c30274d615212d43adb,92127264.0,3.0,10.0,f,8.8,10.0,APROVADO
621423,57563853,1286821dee33ad4c8c3048282848f6e5,92127264.0,1.0,9.19999981,f,8.9,0.0,APROVADO
621424,57563853,1286821dee33ad4c8c3048282848f6e5,92127264.0,2.0,7.900000099999999,f,8.9,0.0,APROVADO
621425,57563853,1286821dee33ad4c8c3048282848f6e5,92127264.0,3.0,9.69999981,f,8.9,0.0,APROVADO
622132,57565060,cff7c70087a7b4b87b5534c26264fbcb,92127264.0,1.0,9.80000019,f,9.8,8.0,APROVADO
622133,57565060,cff7c70087a7b4b87b5534c26264fbcb,92127264.0,2.0,10.0,f,9.8,8.0,APROVADO
622134,57565060,cff7c70087a7b4b87b5534c26264fbcb,92127264.0,3.0,9.60000038,f,9.8,8.0,APROVADO
622135,57565060,570cb04eb23871dd7b2eae6244b79378,92127264.0,1.0,9.5,f,9.1,2.0,APROVADO
622136,57565060,570cb04eb23871dd7b2eae6244b79378,92127264.0,2.0,9.80000019,f,9.1,2.0,APROVADO
622137,57565060,570cb04eb23871dd7b2eae6244b79378,92127264.0,3.0,8.10000038,f,9.1,2.0,APROVADO
622331,57565217,35a41fdcd22b22af9e0ac8a565a8246a,92127264.0,1.0,6.5,f,7.3,0.0,APROVADO
622332,57565217,35a41fdcd22b22af9e0ac8a565a8246a,92127264.0,2.0,8.0,f,7.3,0.0,APROVADO
622333,57565217,29c131e1fa5dc358c33cf9868d079ca1,92127264.0,1.0,6.599999900000001,f,6.3,0.0,APROVADO POR NOTA
622334,57565217,29c131e1fa5dc358c33cf9868d079ca1,92127264.0,2.0,5.9000001,f,6.3,0.0,APROVADO POR NOTA
622335,57565217,49e244d659ef8254b2a6015b3b15936e,92127264.0,1.0,9.0,f,8.5,0.0,APROVADO
622336,57565217,49e244d659ef8254b2a6015b3b15936e,92127264.0,2.0,7.900000099999999,f,8.5,0.0,APROVADO
622337,57565217,daee292530a6b180685cd6cfd22c6496,92127264.0,1.0,7.30000019,f,6.7,0.0,APROVADO POR NOTA
622338,57565217,daee292530a6b180685cd6cfd22c6496,92127264.0,2.0,6.0,f,6.7,0.0,APROVADO POR NOTA
622342,57565217,882b1f91339374b8c05d0dde314844bb,92127264.0,1.0,9.69999981,f,9.1,0.0,APROVADO
622343,57565217,882b1f91339374b8c05d0dde314844bb,92127264.0,2.0,8.39999962,f,9.1,0.0,APROVADO
622344,57565217,d876a255f2540137212a1df25b8c47bf,92127264.0,1.0,0.0,f,0.0,0.0,REPROVADO
622345,57565217,d876a255f2540137212a1df25b8c47bf,92127264.0,2.0,0.0,f,0.0,0.0,REPROVADO
622348,57565217,eddf85f8de16759001056bee8d4bf32b,92127264.0,1.0,7.099999900000001,f,7.3,0.0,APROVADO
622349,57565217,eddf85f8de16759001056bee8d4bf32b,92127264.0,2.0,7.400000099999999,f,7.3,0.0,APROVADO
633150,57572025,fdc2d349ed3b784c6d59b955a91c75f8,92127264.0,1.0,8.0,f,6.8,0.0,APROVADO POR NOTA
633151,57572025,fdc2d349ed3b784c6d59b955a91c75f8,92127264.0,2.0,5.5999999,f,6.8,0.0,APROVADO POR NOTA
633152,57572025,d6c068dc1fa2742b5855a144bcc4f788,92127264.0,1.0,9.39999962,f,9.7,0.0,APROVADO
633153,57572025,d6c068dc1fa2742b5855a144bcc4f788,92127264.0,2.0,9.89999962,f,9.7,0.0,APROVADO
633154,57572025,570cb04eb23871dd7b2eae6244b79378,92127264.0,1.0,8.5,f,8.0,0.0,APROVADO
633155,57572025,570cb04eb23871dd7b2eae6244b79378,92127264.0,2.0,7.5,f,8.0,0.0,APROVADO
634509,57567571,77a188e6ffe37c8c56916b5669cc1fa8,92127264.0,1.0,6.30000019,f,6.3,18.0,APROVADO POR NOTA
634510,57567571,77a188e6ffe37c8c56916b5669cc1fa8,92127264.0,2.0,2.29999995,t,6.3,18.0,APROVADO POR NOTA
634511,57567571,77a188e6ffe37c8c56916b5669cc1fa8,92127264.0,3.0,4.5,f,6.3,18.0,APROVADO POR NOTA
634567,57566695,deef0a878b7ac3d6e642ed295a0e739e,92127264.0,1.0,8.30000019,f,7.4,15.0,APROVADO
634568,57566695,deef0a878b7ac3d6e642ed295a0e739e,92127264.0,2.0,8.39999962,f,7.4,15.0,APROVADO
634569,57566695,deef0a878b7ac3d6e642ed295a0e739e,92127264.0,3.0,5.5999999,f,7.4,15.0,APROVADO
634570,57566695,b06b391213ef9e3897598dec729ae710,92127264.0,1.0,6.0999999,f,5.7,18.0,APROVADO POR NOTA
634571,57566695,b06b391213ef9e3897598dec729ae710,92127264.0,2.0,6.0,f,5.7,18.0,APROVADO POR NOTA
634572,57566695,b06b391213ef9e3897598dec729ae710,92127264.0,3.0,0.0,t,5.7,18.0,APROVADO POR NOTA
634579,57566695,ac15394f332cd690a1f81161dddf8620,92127264.0,1.0,5.0,f,5.4,15.0,APROVADO POR NOTA
634580,57566695,ac15394f332cd690a1f81161dddf8620,92127264.0,2.0,5.5,f,5.4,15.0,APROVADO POR NOTA
634581,57566695,ac15394f332cd690a1f81161dddf8620,92127264.0,3.0,0.0,t,5.4,15.0,APROVADO POR NOTA
634582,57566695,2297eebcbf4008c925c4056c12bb3b27,92127264.0,1.0,6.69999981,f,6.3,10.0,APROVADO POR NOTA
634583,57566695,2297eebcbf4008c925c4056c12bb3b27,92127264.0,2.0,6.30000019,f,6.3,10.0,APROVADO POR NOTA
634584,57566695,2297eebcbf4008c925c4056c12bb3b27,92127264.0,3.0,5.80000019,f,6.3,10.0,APROVADO POR NOTA
634591,57566695,2dc7771e870b008c111aa85ad59f1f66,92127264.0,1.0,7.400000099999999,f,6.4,18.0,APROVADO POR NOTA
634592,57566695,2dc7771e870b008c111aa85ad59f1f66,92127264.0,2.0,6.0999999,f,6.4,18.0,APROVADO POR NOTA
634593,57566695,2dc7771e870b008c111aa85ad59f1f66,92127264.0,3.0,1.89999998,t,6.4,18.0,APROVADO POR NOTA
634594,57566695,4402f41efd8b2de8bd404bf6cdce34ef,92127264.0,1.0,5.5,f,6.5,4.0,APROVADO POR NOTA
634595,57566695,4402f41efd8b2de8bd404bf6cdce34ef,92127264.0,2.0,8.39999962,f,6.5,4.0,APROVADO POR NOTA
634596,57566695,4402f41efd8b2de8bd404bf6cdce34ef,92127264.0,3.0,5.5999999,f,6.5,4.0,APROVADO POR NOTA
634597,57566695,c3902a9ccfe7c9a5efa7ff9d43c296b1,92127264.0,1.0,6.30000019,f,6.3,3.0,APROVADO POR NOTA
634598,57566695,c3902a9ccfe7c9a5efa7ff9d43c296b1,92127264.0,2.0,7.0,f,6.3,3.0,APROVADO POR NOTA
634599,57566695,c3902a9ccfe7c9a5efa7ff9d43c296b1,92127264.0,3.0,5.5999999,f,6.3,3.0,APROVADO POR NOTA
636865,57564872,0c4312afd7654b4572f06d1f4e90b884,92127264.0,1.0,5.19999981,f,6.0,12.0,APROVADO POR NOTA
636866,57564872,0c4312afd7654b4572f06d1f4e90b884,92127264.0,2.0,5.5999999,f,6.0,12.0,APROVADO POR NOTA
636867,57564872,0c4312afd7654b4572f06d1f4e90b884,92127264.0,3.0,3.79999995,t,6.0,12.0,APROVADO POR NOTA
636868,57564872,a4aa5cbcc579bd9b2ce70c7590ee4b04,92127264.0,1.0,9.60000038,f,8.9,0.0,APROVADO
636869,57564872,a4aa5cbcc579bd9b2ce70c7590ee4b04,92127264.0,2.0,9.30000019,f,8.9,0.0,APROVADO
636870,57564872,a4aa5cbcc579bd9b2ce70c7590ee4b04,92127264.0,3.0,7.69999981,f,8.9,0.0,APROVADO
636871,57564872,8686cb9f0defc9fec6c7bf5fed40bda4,92127264.0,1.0,8.0,f,7.8,8.0,APROVADO
636872,57564872,8686cb9f0defc9fec6c7bf5fed40bda4,92127264.0,2.0,8.89999962,f,7.8,8.0,APROVADO
636873,57564872,8686cb9f0defc9fec6c7bf5fed40bda4,92127264.0,3.0,6.5,f,7.8,8.0,APROVADO
636874,57564872,09c576ebed33d3a813eabe6d34f29efc,92127264.0,1.0,8.10000038,f,7.5,4.0,APROVADO
636875,57564872,09c576ebed33d3a813eabe6d34f29efc,92127264.0,2.0,7.0,f,7.5,4.0,APROVADO
636876,57564872,09c576ebed33d3a813eabe6d34f29efc,92127264.0,3.0,7.400000099999999,f,7.5,4.0,APROVADO
636880,57564872,d74b3e9757144bbf51198784155a6ade,92127264.0,1.0,8.5,f,7.3,0.0,APROVADO
636881,57564872,d74b3e9757144bbf51198784155a6ade,92127264.0,2.0,6.0,f,7.3,0.0,APROVADO
636882,57564872,d74b3e9757144bbf51198784155a6ade,92127264.0,3.0,7.30000019,f,7.3,0.0,APROVADO
636886,57564872,e16576bd21bb2c78f61e3b895da26433,92127264.0,1.0,7.80000019,f,5.1,4.0,APROVADO POR NOTA
636887,57564872,e16576bd21bb2c78f61e3b895da26433,92127264.0,2.0,3.29999995,f,5.1,4.0,APROVADO POR NOTA
636888,57564872,e16576bd21bb2c78f61e3b895da26433,92127264.0,3.0,4.30000019,f,5.1,4.0,APROVADO POR NOTA
636889,57564872,7a69539ac36db2d7ac503e47975f3034,92127264.0,3.0,3.29999995,f,5.7,4.0,APROVADO POR NOTA
636890,57564872,7a69539ac36db2d7ac503e47975f3034,92127264.0,1.0,6.30000019,f,5.7,4.0,APROVADO POR NOTA
636891,57564872,7a69539ac36db2d7ac503e47975f3034,92127264.0,2.0,7.5,f,5.7,4.0,APROVADO POR NOTA
636892,57564872,f59c7673d9a33ed201ee68798b80304d,92127264.0,1.0,5.80000019,f,5.6,12.0,APROVADO POR NOTA
636893,57564872,f59c7673d9a33ed201ee68798b80304d,92127264.0,2.0,6.900000099999999,f,5.6,12.0,APROVADO POR NOTA
636894,57564872,f59c7673d9a33ed201ee68798b80304d,92127264.0,3.0,4.0,f,5.6,12.0,APROVADO POR NOTA
636895,57564872,69fc0bfa31d311c26a130bf6bd37a5cd,92127264.0,3.0,6.0,f,5.6,12.0,APROVADO POR NOTA
636896,57564872,69fc0bfa31d311c26a130bf6bd37a5cd,92127264.0,1.0,5.30000019,f,5.6,12.0,APROVADO POR NOTA
636897,57564872,69fc0bfa31d311c26a130bf6bd37a5cd,92127264.0,2.0,5.4000001,f,5.6,12.0,APROVADO POR NOTA
